# Project Zomboid Skinned Mesh
# File Version:
1.0
# Model Name:
Cylinder.003
# Vertex Stride Element Count:
3
# Vertex Stride Size (in bytes):
76
# Vertex Stride Data:
# (Int)    Offset
# (String) Type
0
VertexArray
12
NormalArray
24
TextureCoordArray
# Vertex Count:
461
# Vertex Buffer:
-0.01495103, 0.21513671, -0.03703106
-0.70265818, 0.59273046, 0.3935667
0.80479938, 0.38785392
-0.01513518, 0.21553379, -0.04084467
-0.73165077, 0.65251625, -0.19708854
0.80359614, 0.17402399
-0.015002, 0.16575557, -0.04573462
-0.7297281, -0.60145879, -0.32508317
0.79954058, 0.22865552
-0.01255418, 0.21582782, -0.04367087
-0.33194983, 0.69737846, -0.63515121
0.79956597, 0.14766806
-0.012421, 0.16604961, -0.04856079
-0.33036286, -0.55668813, -0.76216924
0.80156553, 0.19834363
-0.00871994, 0.21584657, -0.04385405
0.26206243, 0.70097965, -0.66325879
0.79895246, 0.12956011
-0.00858676, 0.16606838, -0.048744
0.26264229, -0.55308694, -0.79061252
0.80154431, 0.18344641
-0.00587849, 0.21557906, -0.04128693
0.70171207, 0.66121405, -0.26520586
0.79935384, 0.11695975
-0.00574531, 0.16580087, -0.04617691
0.70265818, -0.59273046, -0.3935667
0.80091697, 0.17435795
-0.00569434, 0.21518201, -0.03747331
0.7297281, 0.60145879, 0.32508317
0.80036461, 0.10777277
-0.00556116, 0.1654038, -0.04236329
0.73165077, -0.65251625, 0.19711906
0.79993898, 0.16879559
-0.00827534, 0.21488798, -0.03464714
0.33036286, 0.55668813, 0.76216924
0.80199224, 0.09973007
-0.01126598, 0.21511245, -0.03680095
-0.17322306, 0.76808983, 0.6164434
0.80750859, 0.10488999
-0.00934025, 0.21512188, -0.03689297
0.22565386, 0.79457992, 0.56364638
0.8036539, 0.10248691
-0.00942749, 0.21630862, -0.03695557
0.41520432, -0.31891844, 0.85198522
0.80401838, 0.10209817
-0.01210959, 0.2148692, -0.03446396
-0.26264229, 0.55308694, 0.79061252
0.80538654, 0.08673555
-0.01481784, 0.16535851, -0.041921
-0.70171207, -0.66121405, 0.26520586
0.80479926, 0.9997962
-0.01197641, 0.16509101, -0.03935388
-0.26206243, -0.70097965, 0.66325879
0.80111253, 0.10481936
-0.01269307, 0.21524681, -0.03809026
-0.53172398, 0.77620775, 0.33869442
0.80905521, 0.13732904
-0.01278555, 0.21544623, -0.04000564
-0.5460372, 0.82921845, -0.1192053
0.80513966, 0.14180505
-0.01148927, 0.2155939, -0.04142505
-0.24460585, 0.86846524, -0.43116552
0.80156696, 0.13421905
-0.00956354, 0.21560332, -0.04151706
0.18967253, 0.86507767, -0.46433911
0.80100644, 0.1221416
-0.00813646, 0.21546897, -0.04022775
0.53624076, 0.82827234, -0.16229743
0.80113161, 0.1124295
-0.00804396, 0.21526955, -0.0383124
0.52201909, 0.80199593, 0.29026154
0.80188578, 0.10573596
-0.0081056, 0.21674043, -0.03829085
0.95260477, -0.2026429, 0.22678304
0.80266601, 0.10263747
-0.00757644, 0.21829501, -0.03700127
0.8355968, -0.54890591, 0.02050844
0.80282629, 0.09434563
-0.01272357, 0.21828929, -0.03957799
-0.90627766, 0.28409681, -0.31287575
0.80424941, 0.11428517
-0.01269289, 0.21740377, -0.03786569
-0.93227941, -0.01608326, 0.36133915
0.80531561, 0.11521041
-0.00813628, 0.21762595, -0.04000318
0.87160861, 0.07184057, -0.48484755
0.80277359, 0.10586792
-0.00950156, 0.21844637, -0.04108945
0.31366923, 0.34357738, -0.88515884
0.80329466, 0.10847688
-0.01132761, 0.21658334, -0.03677946
-0.41569263, -0.26935637, 0.86867887
0.80543357, 0.10657424
-0.01140168, 0.21872111, -0.04091331
-0.40009767, 0.43244728, -0.80797756
0.80352437, 0.11002034
-0.00760711, 0.21918051, -0.03871357
0.89315468, 0.08740501, -0.44111454
0.80288965, 0.09787667
-0.00665381, 0.22037815, -0.03655688
0.89632863, 0.10336619, -0.43113497
0.80313122, 0.08717358
-0.01216374, 0.21895835, -0.03657608
-0.91366315, -0.00064089, 0.40641499
0.80496758, 0.10181892
-0.01219441, 0.21984383, -0.03828836
-0.83376569, 0.53593552, -0.13241981
0.80446804, 0.10406381
-0.0089724, 0.22000094, -0.03979982
0.38596758, 0.59541613, -0.70461136
0.80333316, 0.10105509
-0.01079845, 0.21813791, -0.03548983
-0.47196874, -0.6126591, 0.63389999
0.80484593, 0.09649748
-0.01087253, 0.22027564, -0.03962368
-0.30829799, 0.75496691, -0.57875299
0.80382335, 0.10330278
-0.00889833, 0.2178632, -0.03566594
0.21198156, -0.90954316, 0.35740227
0.80388337, 0.09162718
-0.00763244, 0.22202989, -0.03673246
0.50386059, 0.75356305, -0.42216253
0.80310756, 0.08644861
-0.00452071, 0.22144356, -0.03015996
0.75414288, 0.53559983, 0.37992492
0.80485457, 0.06654149
-0.01023179, 0.21850404, -0.0342438
-0.59910887, -0.7358318, 0.31550035
0.80440509, 0.08800364
-0.01121043, 0.22015598, -0.03441938
-0.9092685, 0.01535081, 0.41584522
0.80450439, 0.08879697
-0.00937241, 0.22264898, -0.03617913
-0.14188056, 0.96908474, -0.20175786
0.80397081, 0.08707285
-0.00849183, 0.21788499, -0.03479714
0.01373333, -0.99713129, -0.07428205
0.80383682, 0.08568156
-0.01085446, 0.22187281, -0.03522101
-0.70461136, 0.69463181, 0.14471877
0.8046748, 0.08772111
-0.00700978, 0.21866113, -0.03575525
0.68193609, -0.67339092, -0.28543961
0.80329782, 0.08703387
-0.00766609, 0.21773091, -0.02885474
-0.22986542, -0.62245554, 0.74810022
0.80308187, 0.07990837
-0.00444407, 0.217888, -0.03036619
0.7700125, -0.57371747, 0.27903074
0.80445939, 0.07974738
-0.00837171, 0.21947607, -0.02843863
-0.43571275, -0.07510605, 0.89690846
0.80276549, 0.0758599
-0.00614758, 0.22210139, -0.02936157
0.2576983, 0.73607594, 0.62590408
0.80389941, 0.05239218
-0.00603922, 0.21707308, -0.02965315
0.2699362, -0.82927948, 0.48927274
0.80377638, 0.07945663
-0.00774273, 0.22128648, -0.02864855
-0.23084201, 0.48759422, 0.84197515
0.80301178, 0.06719303
-0.00381509, 0.21969824, -0.0305761
0.97152621, -0.00650044, 0.23679312
0.80471957, 0.07568145
0.00257831, 0.12600401, 0.02837045
0.66151923, 0.0971099, 0.7435835
0.68358105, 0.35085976
0.00257099, 0.1252456, 0.02582896
0.7574389, -0.07803583, -0.64818263
0.68004745, 0.35561949
0.00254896, 0.12948743, 0.02430455
0.79631948, -0.39054537, -0.46186712
0.68155515, 0.32819039
-0.00342632, 0.10950857, 0.02434759
-0.81340981, 0.28376111, -0.50773644
0.68441087, 0.51919317
-0.00341113, 0.10771272, 0.02646158
-0.62233347, -0.39033175, 0.67845696
0.67974198, 0.52573127
-0.00347196, 0.1259813, 0.02839468
-0.65623951, 0.0921659, 0.74886316
0.68095762, 0.35139036
-0.00343654, 0.10307167, 0.01576228
-0.57136756, 0.03613392, -0.81984925
0.68374676, 0.59419832
-0.00342198, 0.10129032, 0.01772721
-0.58574176, -0.80953395, -0.03900266
0.68184435, 0.61028802
0.00262395, 0.10953128, 0.02432333
0.80715352, 0.28986481, -0.51423687
0.67961776, 0.5175747
0.00263917, 0.10773543, 0.02643737
0.63063449, -0.38563189, 0.67342144
0.68358111, 0.52391893
-0.0034793, 0.12522289, 0.02585319
-0.76201665, -0.08374279, -0.64210945
0.68438983, 0.35630715
0.00255243, 0.13093434, 0.02652746
0.63972902, 0.49626148, 0.58687091
0.68292481, 0.3281942
0.0025128, 0.13469784, 0.0201587
0.65861994, 0.71758169, 0.22638631
0.68231809, 0.27707171
-0.00353749, 0.13467515, 0.02018295
-0.66212958, 0.71263772, 0.231666
0.68178535, 0.29824799
-0.00349786, 0.13091163, 0.02655168
-0.63872188, 0.49147007, 0.59199804
0.6818592, 0.33072162
-0.00350133, 0.12946472, 0.02432877
-0.79702139, -0.39652699, -0.45548874
0.68281794, 0.33048069
0.00261375, 0.10309438, 0.01573804
0.56450087, 0.04040651, -0.82442701
0.68146896, 0.58214664
0.0026283, 0.10131305, 0.01770302
0.59147924, -0.80510879, -0.04370251
0.68309861, 0.58407614
-0.00355547, 0.1350338, 0.0160295
-0.66527301, 0.74068421, -0.09344768
0.68197185, 0.29610229
-0.00354214, 0.13236956, 0.016857
-0.76461071, -0.64146852, 0.06210517
0.68198186, 0.29819548
-0.00352833, 0.13189165, 0.01986054
-0.74568927, -0.63200784, -0.2108829
0.68253934, 0.305067
0.00252195, 0.13191438, 0.01983631
0.74868006, -0.62639242, -0.21686453
0.68119979, 0.29770261
0.00249483, 0.13505651, 0.01600526
0.65892512, 0.74565876, -0.09875789
0.68220556, 0.29059958
0.00247902, 0.13293236, 0.0100653
0.76000243, 0.64555806, -0.07483138
0.68194896, 0.29386228
-0.00357127, 0.13290964, 0.01008952
-0.76540422, 0.63982058, -0.06872769
0.68195951, 0.29501927
0.00250815, 0.13239227, 0.0168328
0.76985991, -0.63570052, 0.05594043
0.68180048, 0.29364055
-0.00356116, 0.12982956, 0.00972639
-0.6533708, -0.75316632, 0.07635731
0.68200123, 0.29506248
-0.00358763, 0.13068576, 0.00391846
-0.57954651, -0.49760431, -0.64534438
0.68197781, 0.29473019
0.00246266, 0.13070847, 0.00389424
0.57808161, -0.49327067, -0.64998323
0.6819641, 0.29441255
0.00248912, 0.12985227, 0.00970217
0.65959656, -0.74822229, 0.07107761
0.68195724, 0.29427844
-0.00359724, 0.13361692, 0.00426718
-0.58162177, 0.6400342, -0.50202948
0.68195903, 0.29471534
0.00245304, 0.13363963, 0.00424296
0.57277137, 0.64436781, -0.50663775
0.68194932, 0.29435128
-0.00971393, 0.15399928, 0.00824726
-0.58177435, 0.62807095, -0.51673943
0.67048603, 0.54022062
-0.00967313, 0.15309523, 0.01759183
-0.70943326, 0.70116276, 0.07092501
0.67434376, 0.54863051
0.00821248, 0.15316226, 0.01752021
0.70470291, 0.70644248, 0.06524857
0.67215103, 0.52186856
-0.00966946, 0.14078964, 0.00696911
-0.5778985, -0.52122563, -0.62794888
0.66801751, 0.54324299
-0.00962866, 0.13988562, 0.01631366
-0.6415906, -0.74971771, 0.16196173
0.66389877, 0.56293666
0.00821614, 0.1408567, 0.0068975
0.57673877, -0.51689202, -0.63255715
0.66661811, 0.53339285
0.00825696, 0.13995264, 0.01624204
0.64848781, -0.74486524, 0.1568041
0.66017455, 0.50967184
0.00817168, 0.15406631, 0.00817564
0.57289344, 0.63240457, -0.5213477
0.66925365, 0.5321739
0.00823873, 0.15258087, 0.02353119
0.57673877, 0.51432842, 0.63466293
0.67530507, 0.51907909
0.00826854, 0.14347087, 0.02243299
0.62263864, -0.43290505, 0.65181434
0.67233151, 0.61028802
-0.00964688, 0.15251367, 0.02360279
-0.57545704, 0.5099948, 0.63930172
0.67921013, 0.55006674
-0.00961708, 0.14340366, 0.02250461
-0.61415446, -0.43754387, 0.65675831
0.67233151, 0.38757837
0.00574756, 0.20365378, -0.00168043
0.71385843, 0.69963682, 0.02981658
0.1330799, 0.10455763
-0.00774121, 0.20360315, -0.00162642
-0.71883297, 0.69423503, 0.03555406
0.11714386, 0.10508728
-0.00742511, 0.20005526, 0.07399546
-0.58854944, 0.59843743, 0.54353464
0.11818849, 0.35949326
-0.00756478, 0.15167533, -0.0062529
-0.69148839, -0.72206795, -0.02072207
0.01635915, 0.48307484
-0.00720146, 0.1487978, 0.08179049
-0.56376845, -0.5485397, 0.61741996
0.11890406, 0.53372353
0.00592398, 0.15172596, -0.00630689
0.69670707, -0.71684927, -0.02627644
0.13605438, 0.82922189
0.00628731, 0.14884843, 0.0817365
0.57280189, -0.54426712, 0.61287272
0.1348401, 0.53319436
0.00592398, 0.15172596, -0.00630689
0.69670707, -0.71684927, -0.02627644
0.23694089, 0.47574878
0.00574756, 0.20365378, -0.00168043
0.71385843, 0.69963682, 0.02981658
0.22161493, 0.3060528
0.00606367, 0.20010589, 0.07394151
0.58836633, 0.60286266, 0.53883481
0.13412453, 0.35896349
-0.00537013, 0.09053028, 0.03600746
-0.60692161, 0.62559891, 0.49015778
0.74769396, 0.87747071
-0.00517211, 0.06753612, 0.06389939
-0.51200902, 0.15845209, 0.844203
0.70914829, 0.92763
-0.00269206, 0.06754544, 0.06388944
0.00332652, 0.15829951, 0.98736537
0.70765913, 0.93847878
-0.0058653, 0.06724861, 0.01909544
-0.64909816, -0.49870297, -0.57435834
0.71891314, 0.8097855
-0.00564645, 0.03445478, 0.04300538
-0.51426739, -0.85747856, 0.01547288
0.70627737, 0.86423306
-0.00760203, 0.04547399, 0.04997854
-0.72808009, -0.42188787, 0.54020816
0.70687044, 0.87550507
0.00206658, 0.06727841, 0.01906368
-0.00061037, -0.64845729, -0.7612232
0.71303666, 0.79852444
0.00506149, 0.06728958, 0.01905168
0.64821315, -0.49382001, -0.57957703
0.71080786, 0.79555956
0.00528034, 0.03449591, 0.04296164
0.5208289, -0.85357219, 0.01132237
0.70349574, 0.86090462
0.00699045, 0.08281682, 0.03031998
0.9919126, 0.10171819, 0.07577746
0.68478948, 0.76970406
0.00452697, 0.09056751, 0.03596783
0.60609758, 0.63014621, 0.48530534
0.66017455, 0.75424618
0.00472498, 0.06757336, 0.06385977
0.5175634, 0.16232795, 0.840083
0.69078809, 0.9997962
-0.00266505, 0.04549246, 0.04995874
0.00537126, -0.53404337, 0.84542376
0.7043947, 0.87498109
0.006997, 0.07505684, 0.02468194
0.99514759, -0.06491287, -0.07382427
0.69980234, 0.78220035
0.00502673, 0.07179052, 0.01458893
0.69389933, -0.62511063, -0.35731071
0.71353716, 0.7771012
0.00695084, 0.08053878, 0.01829159
0.99612415, -0.07293924, -0.04855495
0.70384377, 0.75223291
0.00499497, 0.07336336, 0.00813348
0.7606433, -0.62038028, 0.19107638
0.71895331, 0.76294589
-0.00543909, 0.09797426, 0.0257619
-0.61357462, 0.63737905, 0.46607867
0.75774437, 0.82608932
-0.00787805, 0.08922413, 0.02206131
-0.99136329, 0.10461745, 0.07876828
0.74346185, 0.8181912
-0.00287039, 0.0672598, 0.01908342
-0.00061037, -0.64845729, -0.7612232
0.71668124, 0.80507016
-0.00590007, 0.07174937, 0.01463265
-0.69200718, -0.63032931, -0.35178685
0.72302794, 0.79543363
0.00204692, 0.09055821, 0.03597776
-0.00051881, 0.79064304, 0.61223179
0.75737333, 0.90431067
0.00452697, 0.09056751, 0.03596783
0.60609758, 0.63014621, 0.48530534
0.76108879, 0.91598511
0.004458, 0.09801149, 0.02572228
0.61247599, 0.64195687, 0.46116519
0.7771644, 0.84247638
0.0043861, 0.10583783, 0.01510452
0.58790857, 0.73360395, 0.34073916
0.7771644, 0.75358202
0.00434482, 0.10796034, 0.00678559
0.56132692, 0.78456986, 0.26325268
0.76547122, 0.70091337
0.00186477, 0.10795102, 0.00679553
-0.00286874, 0.98010194, 0.19843134
0.76162148, 0.71491379
-0.00290516, 0.07176074, 0.01462069
0.00128178, -0.87060153, -0.49192786
0.7204318, 0.79094934
-0.00593182, 0.07332224, 0.0081772
-0.75438702, -0.62608725, 0.19714957
0.72582114, 0.77876954
-0.005511, 0.10580077, 0.01514417
-0.59065521, 0.72920924, 0.34546953
0.75898796, 0.76948121
-0.00793657, 0.09496596, 0.01283101
-0.9922483, 0.11548204, 0.0458388
0.74686426, 0.78363599
0.00197794, 0.09800219, 0.0257322
-0.00064089, 0.80697042, 0.59056365
0.77145386, 0.83773971
-0.00593257, 0.0652089, 0.00038475
-0.45805231, -0.81130403, 0.3632313
0.72722119, 0.76097478
-0.00878748, 0.06609596, -0.00555596
-0.65215003, -0.53318888, -0.53886533
0.7282337, 0.75861876
-0.00424248, 0.06611307, -0.00557414
-0.00097659, -0.59370708, -0.80465102
0.72755611, 0.75697507
0.00499424, 0.06524987, 0.00034099
0.46699423, -0.80782497, 0.35953856
0.72500014, 0.75585975
0.00689145, 0.07949457, 0.00248072
0.94073308, -0.14484085, 0.30658895
0.72043836, 0.7420806
-0.00293766, 0.06522008, 0.00037273
0.00482192, -0.94668418, 0.32206184
0.72651124, 0.76007628
-0.00555227, 0.10792311, 0.00682521
-0.5650807, 0.78035831, 0.2677694
0.75354499, 0.74312198
-0.00433219, 0.09458797, -0.00127911
-0.00451674, 0.14911343, -0.98879969
0.73767138, 0.73709095
-0.01182442, 0.09455968, -0.00124913
-0.88628805, 0.1713004, -0.43024996
0.73974061, 0.75120683
-0.00814071, 0.10881127, 0.00088346
-0.63335061, 0.67879272, -0.37159336
0.74765211, 0.73781148
-0.00796434, 0.09367653, 0.00468755
-0.96029544, 0.04562517, 0.27518541
0.74234813, 0.76556911
0.00687886, 0.1088675, 0.00082331
0.6252327, 0.68349254, -0.37665945
0.75034702, 0.66524121
0.00311518, 0.10885353, 0.00083841
-0.00537126, 0.80465102, -0.59370708
0.75088918, 0.69305742
0.00779475, 0.06615813, -0.00562234
0.65181434, -0.52830589, -0.54405349
0.72570086, 0.75244591
0.00684659, 0.09373202, 0.00462822
0.96209604, 0.05282754, 0.26749474
0.72197926, 0.7000187
0.01065227, 0.0946442, -0.00133912
0.88149661, 0.1779229, -0.43733025
0.72928929, 0.71295962
0.01069713, 0.08040676, -0.00348661
0.88198495, -0.01370281, -0.47102267
0.72521871, 0.74000216
-0.00791949, 0.07943907, 0.00254005
-0.93713188, -0.15189062, 0.31409651
0.73208559, 0.77102472
-0.01177957, 0.08032224, -0.00339666
-0.8856166, -0.02035585, -0.46394238
0.73211378, 0.75870307
-0.00428733, 0.08035052, -0.00342663
-0.00451674, 0.14911343, -0.98879969
0.73079848, 0.74985114
-0.00790523, 0.08414047, 0.01050798
-0.99786371, -0.06506546, 0.00366222
0.73594433, 0.78655487
0.00687437, 0.09502163, 0.01277173
0.99166846, 0.12292856, 0.03790399
0.71035469, 0.68276218
0.00434482, 0.10796034, 0.00678559
0.56132692, 0.78456986, 0.26325268
0.73813379, 0.63105777
0.0069057, 0.08419613, 0.01044868
0.99832147, -0.05755791, -0.00430311
0.71245867, 0.73140702
-0.0078601, 0.08048312, 0.01835087
-0.99591053, -0.08041627, -0.0405591
0.73284322, 0.80870578
-0.00781393, 0.07500118, 0.02474123
-0.9951781, -0.0723899, -0.06585895
0.72717166, 0.82686901
-0.00782049, 0.08276117, 0.03037926
-0.99200416, 0.09427167, 0.08374279
0.73576111, 0.84765548
0.004458, 0.09801149, 0.02572228
0.61247599, 0.64195687, 0.46116519
0.67907709, 0.65746242
0.00693288, 0.08927961, 0.02200199
0.9911496, 0.11206397, 0.07083346
0.69315374, 0.71677646
-0.00761553, 0.0565005, 0.05694393
-0.71480453, -0.32392347, 0.61973935
0.70744264, 0.89718893
-0.00267855, 0.05651893, 0.05692406
0.00537126, -0.53404337, 0.84542376
0.70322478, 0.89919563
0.00720892, 0.04552951, 0.0499192
0.73552662, -0.41639453, 0.53434861
0.69989216, 0.86901136
0.00719541, 0.05655615, 0.05688461
0.7221595, -0.3185522, 0.61400187
0.69391555, 0.89313775
0.00225842, 0.05653755, 0.05690429
0.00537126, -0.53404337, 0.84542376
0.6986832, 0.8984937
0.00227194, 0.04551106, 0.04993898
0.00537126, -0.53404337, 0.84542376
0.70222586, 0.87328921
0.00224492, 0.06756404, 0.06386974
0.00335704, 0.15829951, 0.98736537
0.69953609, 0.97261622
0.00320489, 0.08037864, -0.00345662
-0.00451674, 0.14911343, -0.98879969
0.72869104, 0.74382555
0.00316004, 0.09461609, -0.00130912
-0.00451674, 0.14911343, -0.98879969
0.73443693, 0.7237969
0.00324975, 0.06614102, -0.00560414
-0.00097659, -0.5937376, -0.8046205
0.72636938, 0.75416787
-0.00307221, 0.10793241, 0.00681528
-0.00286874, 0.98010194, 0.19843134
0.75587279, 0.73644429
-0.00437705, 0.10882541, 0.0008684
-0.00537126, 0.80465102, -0.59370708
0.74850208, 0.72908551
0.00200006, 0.07335202, 0.00814546
0.00469985, -0.96011233, 0.2794885
0.72047788, 0.76864405
0.00199932, 0.06523869, 0.00035297
0.00482192, -0.94668418, 0.32206184
0.72550917, 0.75774215
-0.00293691, 0.07333358, 0.00816522
0.00469985, -0.96011233, 0.2794885
0.72368163, 0.77587692
-0.00295904, 0.09798358, 0.02575196
-0.00064089, 0.80697042, 0.59056365
0.76192123, 0.82965375
-0.00303094, 0.10581007, 0.01513424
-0.001648, 0.90365309, 0.42817467
0.76269299, 0.76681748
0.00190604, 0.10582852, 0.01511446
-0.001648, 0.90365309, 0.42820519
0.77149481, 0.75873373
0.00203182, 0.07177915, 0.01460092
0.00128178, -0.87060153, -0.49192786
0.71630412, 0.78247139
-0.00289007, 0.0905396, 0.03599754
-0.00051881, 0.79064304, 0.61223179
0.75050652, 0.88505784
0.00228544, 0.03448457, 0.04297361
0.00387585, -0.99942017, 0.03326517
0.70433259, 0.8618535
-0.00265154, 0.03446612, 0.04299337
0.00387585, -0.99942017, 0.03326517
0.70548266, 0.86325517
0.00535621, 0.40018189, 0.00224167
0.77428508, 0.63017672, 0.05755791
0.64423484, 0.89438722
0.0033057, 0.39969242, 0.00722964
0.5492416, 0.57649463, 0.60493791
0.63904238, 0.89478144
0.0033712, 0.38024032, 0.00534745
0.55345315, -0.67812127, 0.48353526
0.63879496, 0.92718486
-0.00168818, 0.39947397, 0.00931232
0.00125126, 0.55253762, 0.83346051
0.63437963, 0.8969075
-0.00162268, 0.38002205, 0.00743014
0.00546281, -0.70207828, 0.71205789
0.63665754, 0.9277521
-0.00670008, 0.39965481, 0.00726969
-0.54869229, 0.57237464, 0.60930204
0.62997413, 0.90056282
-0.00663458, 0.38020271, 0.00538752
-0.54445022, -0.68224126, 0.48792994
0.63476795, 0.93052699
-0.00879409, 0.40012878, 0.00229834
-0.77846617, 0.62440872, 0.0638142
0.62528956, 0.90654734
-0.0087286, 0.38067657, 0.00041614
-0.77422404, -0.63023776, -0.05758843
0.63319218, 0.93624102
-0.00674357, 0.40061843, -0.0026896
-0.55345315, 0.67812127, -0.48350474
0.6197542, 0.91513754
-0.00667807, 0.38116616, -0.00457183
-0.5492416, -0.57652515, -0.60490739
0.6324687, 0.95310716
-0.00174969, 0.40083677, -0.00477229
-0.00546281, 0.70207828, -0.71205789
0.61249793, 0.92422381
-0.00168419, 0.38138449, -0.0066545
-0.00125126, -0.55256814, -0.83346051
0.64390546, 0.9997962
0.00542171, 0.38072973, 0.00035949
0.77846617, -0.6243782, -0.06378368
0.64101279, 0.92985845
0.0033277, 0.38120359, -0.00461191
0.54869229, -0.57240516, -0.60930204
0.64376348, 0.93991495
0.00326221, 0.4006561, -0.00272964
0.54445022, 0.68227178, -0.48786891
0.65048957, 0.89570513
0.00193344, 0.43853748, 0.00215273
0.42109439, -0.75841546, -0.49742118
0.63847864, 0.71183226
0.00352265, 0.43817759, 0.00592563
0.59703362, -0.79818112, -0.07983642
0.63282388, 0.71524116
0.00365061, 0.40017575, 0.00224855
0.5917539, 0.80260628, 0.07501449
0.64435875, 0.88852535
-0.0016956, 0.3996383, 0.00761462
-9.156e-05, 0.74318671, 0.66905731
0.63407373, 0.89220585
-0.00549927, 0.39977556, 0.00606446
-0.42118594, 0.75835443, 0.49745169
0.62950414, 0.89652096
-0.00708847, 0.40013516, 0.00229149
-0.59703362, 0.79821163, 0.07983642
0.62427557, 0.90073145
-0.00553228, 0.40050679, -0.001494
-0.42481765, 0.83932006, -0.33915219
0.61887676, 0.90945691
0.0020614, 0.40053529, -0.00152441
0.41572315, 0.84249395, -0.34250924
0.65061152, 0.88826802
-0.00174969, 0.40083677, -0.00477229
-0.00546281, 0.70207828, -0.71205789
0.65976691, 0.89520469
-0.00188229, 0.4389419, -0.00216171
-0.00125126, -0.55253762, -0.83346051
0.64469564, 0.70305914
0.00388862, 0.43873364, 0.00019024
0.54866177, -0.57243568, -0.60930204
0.63833934, 0.70336136
-0.00182354, 0.43764019, 0.01129172
0.00524918, -0.85763115, 0.51420635
0.62124121, 0.7224746
-0.00562722, 0.43777752, 0.00974152
-0.41572315, -0.84249395, 0.34250924
0.61533159, 0.72634345
-0.00187023, 0.43867439, 0.0006025
0.00012207, -0.74318671, -0.66905731
0.64390671, 0.71115932
0.00209441, 0.39980412, 0.00603403
0.41938534, 0.76152837, 0.49412519
0.63895887, 0.8896248
0.00196645, 0.43780583, 0.00971111
0.42481765, -0.83928955, 0.3391827
0.62708169, 0.7189151
-0.00566023, 0.43850875, 0.00218311
-0.41938534, -0.76152837, -0.49409467
0.60294074, 0.73577029
-0.00187023, 0.43867439, 0.0006025
0.00012207, -0.74318671, -0.66905731
0.59647959, 0.74367991
-0.00721643, 0.43813735, 0.00596863
-0.59160131, -0.80269784, -0.07504501
0.60928887, 0.73059833
-0.00769103, 0.45608109, 0.00191909
-0.55348366, 0.67809075, -0.48353526
0.60106421, 0.67329097
-0.00194085, 0.4563325, -0.00047899
-0.00546281, 0.70204777, -0.71205789
0.59314859, 0.66673762
-0.00188229, 0.4389419, -0.00216171
-0.00125126, -0.55253762, -0.83346051
0.59314865, 0.73285252
0.0039387, 0.43762422, 0.01165786
0.55345315, -0.67812127, 0.48350474
0.62668639, 0.70979053
-0.00181147, 0.4373731, 0.01405597
0.00546281, -0.70201725, 0.71208841
0.62084121, 0.71300179
-0.00763248, 0.43869048, 0.00023637
-0.5492416, -0.57649463, -0.60490739
0.60196894, 0.72426283
0.00629976, 0.43818802, 0.00591449
0.77846617, -0.62440872, -0.0638142
0.63242912, 0.70629123
-0.00999353, 0.43812662, 0.00597972
-0.77422404, -0.63026828, -0.05758843
0.60879737, 0.72035348
-0.0075824, 0.43758094, 0.01170398
-0.54445022, -0.68224126, 0.48789942
0.61489183, 0.71665984
-0.00600504, 0.51742029, 0.01755893
-0.54869229, 0.57237464, 0.60930204
0.6165998, 0.50831068
-0.00764034, 0.51779044, 0.01367661
-0.77846617, 0.62440872, 0.06378368
0.61399412, 0.50399339
-0.00743069, 0.45552742, 0.00765199
-0.59703362, 0.79821163, 0.07983642
0.60756969, 0.66731086
0.0062412, 0.45557863, 0.00759722
0.77425456, 0.63023776, 0.05758843
0.62935835, 0.66535345
0.00388015, 0.455015, 0.01334059
0.54927212, 0.57649463, 0.60490739
0.62391782, 0.66909635
-0.01005208, 0.45551759, 0.00766248
-0.77846617, 0.62440872, 0.06378368
0.60740077, 0.6746456
-0.00764095, 0.45497179, 0.01338673
-0.54869229, 0.57237464, 0.60930204
0.61292768, 0.67369398
0.00383007, 0.45612466, 0.00187301
0.54445022, 0.68227178, -0.48786891
0.63446748, 0.66049302
-0.00187002, 0.45476371, 0.0157387
0.00125126, 0.55256814, 0.83342999
0.61835182, 0.67161939
-0.00194085, 0.4563325, -0.00047899
-0.00546281, 0.70204777, -0.71205789
0.64039952, 0.65147901
0.00361982, 0.45556885, 0.00760774
0.59166235, 0.80266732, 0.07504501
0.62846482, 0.65771976
0.00201849, 0.45518678, 0.01150305
0.41947693, 0.76149786, 0.49409467
0.62332463, 0.66007686
-0.00188142, 0.45501602, 0.01312946
-0.00012207, 0.74321729, 0.66902679
0.61809862, 0.66351923
-0.00582937, 0.45590979, 0.00375671
-0.42481765, 0.83928955, -0.33924374
0.60227352, 0.66405964
-0.00192945, 0.4560802, 0.00213025
-0.00524918, 0.85763115, -0.51417583
0.59493619, 0.6574564
0.00198452, 0.45593894, 0.00372539
0.41572315, 0.84249395, -0.34250924
0.6333217, 0.65398562
-0.00209106, 0.51727927, 0.0191541
0.00125126, 0.55256814, 0.83342999
0.61882973, 0.51157889
-0.00213909, 0.51834309, 0.00815487
-0.00546281, 0.70207828, -0.71205789
0.6211018, 0.31329882
0.00177488, 0.51820207, 0.00975003
0.54445022, 0.68224126, -0.48789942
0.6256963, 0.48936391
0.00341018, 0.51783192, 0.01363237
0.77425456, 0.63023776, 0.05755791
0.62369311, 0.50865725
0.00180885, 0.5174495, 0.01752765
0.54927212, 0.57646412, 0.60493791
0.62109673, 0.5122841
-0.006039, 0.5181725, 0.00978129
-0.55348366, 0.67809075, -0.48353526
0.61211812, 0.48693562
-0.01431929, 0.38059616, 0.00393569
-0.7642445, 0.59294415, 0.25360882
0.79854488, 0.04909003
-0.00951901, 0.38235468, -0.01407058
-0.61299479, 0.67180395, -0.41578418
0.78334719, 0.05077368
-0.01029223, 0.23287177, -0.02834844
-0.60890532, -0.57979065, -0.54130679
0.77757204, 0.94608397
-0.00582802, 0.37353718, -0.02426942
-0.67802972, -0.71456039, -0.17215492
0.78771675, 0.07742149
-0.00579897, 0.38330495, -0.02332454
-0.67705315, 0.73540455, -0.0275277
0.78745842, 0.06586528
-0.0058081, 0.38278896, -0.02609175
-0.6335032, 0.6540727, -0.41331217
0.78780001, 0.06786978
0.00786469, 0.23293993, -0.02842113
0.6088748, -0.57521284, -0.54618979
0.79808754, 0.95158174
0.00240883, 0.37282956, -0.0171076
0.66451001, -0.10940886, -0.73918879
0.78719157, 0.08052981
0.00608348, 0.38241315, -0.01413308
0.60460222, 0.67635119, -0.42066714
0.79335016, 0.03820461
0.01104086, 0.38069135, 0.00383413
0.76177251, 0.59865105, 0.24750511
0.77991706, 0.01929343
0.01362815, 0.23105896, -0.00878097
0.77980894, -0.62303537, 0.06051821
0.78310895, 0.92833358
0.00865742, 0.38044155, 0.00633303
0.41993469, 0.61171299, 0.67036957
0.78931457, 0.00020379
0.01086003, 0.23064539, -0.00460438
0.49320963, -0.69014555, 0.52952665
0.7912612, 0.92054605
-0.00160982, 0.37999266, 0.01061492
0.0011597, 0.56392103, 0.82580036
0.79130501, 0.02272153
-0.0119141, 0.3803643, 0.00641537
-0.4191412, 0.6085391, 0.67375714
0.79105753, 0.03920329
-0.01588394, 0.23094803, -0.00866282
-0.77462083, -0.62886441, 0.06674398
0.79053462, 0.92325523
-0.01307943, 0.23055562, -0.00450851
-0.4837794, -0.69377726, 0.53346354
0.78424913, 0.91978498
0.00376508, 0.23313969, -0.03062801
0.33909115, -0.6415906, -0.68797874
0.79261392, 0.9730871
-0.00123532, 0.23338339, -0.03331978
-0.00137333, -0.53312784, -0.84600359
0.78753412, 0.9997962
-0.00170355, 0.37303001, -0.01932135
0.0003357, -0.77120274, -0.63655508
0.78753412, 0.08149618
-0.00621203, 0.23310207, -0.03058805
-0.33973205, -0.64418471, -0.6852321
0.78272778, 0.96971705
-0.00579644, 0.37279886, -0.01707473
-0.66957611, -0.11441389, -0.73384809
0.78811097, 0.084939
0.00237725, 0.37356812, -0.02430225
0.68199712, -0.70943326, -0.17758721
0.78790802, 0.07606965
0.00236288, 0.37460494, -0.02691922
0.63487655, -0.55684072, -0.53553879
0.78778315, 0.07377714
0.00227328, 0.38281929, -0.02612412
0.6252327, 0.65880305, -0.41834772
0.78820556, 0.06663513
0.00228242, 0.38333529, -0.0233569
0.67125463, 0.74047059, -0.03292947
0.78862041, 0.06388378
-0.00576738, 0.38256657, -0.01612984
-0.46800134, 0.86352122, -0.1877804
0.7870878, 0.06079072
0.002314, 0.38259685, -0.01616221
0.46000549, 0.86700034, -0.19150364
0.7894367, 0.05548084
-0.0058424, 0.37457407, -0.02688639
-0.63493758, -0.56160164, -0.53047276
0.78790689, 0.07471013
-0.00583565, 0.37891209, -0.02887052
-0.61314738, 0.07669301, -0.78621787
0.78797364, 0.07111669
0.00230768, 0.37894267, -0.02890314
0.60625017, 0.08127079, -0.7911008
0.78786808, 0.07029974
-0.01362541, 0.03912356, -0.01796617
-0.72060305, 0.69231236, 0.03756829
0.30206567, 0.37531036
-0.01356929, 0.03892485, -0.00413352
-0.59843743, 0.44590595, 0.66554767
0.30616266, 0.38535041
-0.0047823, 0.03895781, -0.0041687
-0.0723899, 0.67464215, 0.73455
0.30922937, 0.38288659
-0.01358847, 0.02953573, -0.01772942
-0.99771112, 0.00854518, 0.06698813
0.29907018, 0.39059246
-0.01209581, 0.02866152, -0.00761693
-0.78832364, -0.17349772, 0.59025848
0.30511138, 0.39860392
-0.01163671, 0.03184959, -0.04362366
-0.62932217, -0.4387646, -0.64137697
0.28842449, 0.34895164
-0.00858734, 0.02398515, -0.03498474
-0.60472429, -0.50468457, -0.61604661
0.28324291, 0.37274134
-0.0135972, 0.02334406, -0.02571514
-0.97155672, -0.16034424, -0.17407757
0.29010999, 0.3929441
0.01273555, 0.03922261, -0.01807171
0.71565902, 0.69771415, 0.03183081
0.31580678, 0.35400802
0.01279166, 0.03902389, -0.00423904
0.60039061, 0.45042267, 0.66075623
0.31555611, 0.37387741
0.01136745, 0.02874958, -0.00771087
0.79430526, -0.16754662, 0.58391064
0.32026106, 0.38266969
-0.01373767, 0.039521, -0.04563152
-0.63789791, 0.44672993, -0.62724692
0.29199052, 0.34542608
-0.00495069, 0.03955413, -0.04566669
-0.05337687, 0.68431652, -0.72719502
0.29239592, 0.33169734
-0.00471468, 0.02176029, -0.00340473
-0.39539781, 0.0921659, 0.91384625
0.3112036, 0.4131102
-0.00846897, 0.02211256, -0.0071762
-0.73339027, -0.10254219, 0.67201757
0.30662206, 0.4129591
-0.00556964, -0.00517292, -0.00226979
-0.87322611, 0.06524857, 0.48286384
0.31296292, 0.49739933
-0.00474114, 0.02832265, -0.00385986
-0.26804405, 0.00653096, 0.96337777
0.31031877, 0.39921552
0.00779352, 0.02217362, -0.00724131
0.73949403, -0.09701834, 0.66609699
0.32243532, 0.39902991
0.01281153, 0.02263465, -0.01464788
0.97216713, -0.0938139, 0.21463668
0.32851216, 0.37898594
0.01059612, 0.03193301, -0.04371267
0.62743002, -0.43406475, -0.64641255
0.2770668, 0.27147222
0.00767516, 0.02404622, -0.03504983
0.60356456, -0.50016785, -0.62089908
0.26031607, 0.33174717
0.003929, 0.02421827, -0.03695835
0.1841792, -0.51982176, -0.83416241
0.26775208, 0.34068066
0.00502016, -0.00326013, -0.03012118
0.8036744, -0.08255257, -0.58928192
0.25047204, 0.47300076
0.00528046, -0.07839426, -0.03555828
0.81652272, 0.12643819, -0.56324959
0.25047201, 0.83980428
0.00281092, -0.07821757, -0.03747191
0.33051544, 0.22974333, -0.91537219
0.25625819, 0.83592995
0.00513853, -0.00513288, -0.00231271
0.87655264, 0.07181005, 0.47587511
0.33086449, 0.48761493
0.00843201, -0.0046782, -0.00971233
0.97637868, -0.02133244, 0.21491134
0.34100246, 0.47272319
0.00255061, -0.00308327, -0.0320348
0.31754509, -0.06884976, -0.94570756
0.25587073, 0.47386479
-0.00568802, -0.00330033, -0.03007833
-0.80773342, -0.08859523, -0.58284247
0.27009246, 0.48073083
-0.00270398, -0.08301563, 0.02575229
-0.45860165, 0.25830865, 0.85024565
0.33335954, 0.7544196
-0.00518167, -0.08265869, 0.02197566
-0.91937011, 0.10809656, 0.37821588
0.3296147, 0.75337054
-0.00513389, -0.09229282, 0.02487581
-0.92416149, 0.10180975, 0.36808375
0.33198473, 0.77238789
-0.00542771, -0.07843447, -0.03551541
-0.82192451, 0.12027345, -0.55668813
0.27122584, 0.81910707
-0.00871776, -0.07880604, -0.02718076
-0.98379469, 0.01815851, -0.17828913
0.28312668, 0.8022557
-0.00309196, -0.00553005, 0.00150681
-0.46626177, 0.20209357, 0.86123234
0.31850991, 0.4988941
0.00552651, -0.08261848, 0.0219328
0.9215064, 0.11502426, 0.37086093
0.34180182, 0.74972013
0.00877743, -0.08138006, 0.00463894
0.99472028, 0.02475051, 0.09939878
0.35975653, 0.74864313
-0.00541006, -0.08716307, -0.03928994
-0.81191444, 0.13959166, -0.56678975
0.27647534, 0.85632493
-0.00529166, -0.12221406, -0.04258411
-0.82070374, -0.08731346, -0.56462294
0.31401408, 0.92599273
-0.00856669, -0.12013651, -0.02820387
-0.99090546, -0.06466872, -0.117893
0.31696084, 0.88677748
0.00557429, -0.09225262, 0.02483292
0.92629778, 0.10876797, 0.36066774
0.34021628, 0.77153102
0.00881518, -0.09071255, 0.00531417
0.99636829, 0.01608326, 0.08328501
0.35660884, 0.7762858
0.00529812, -0.08712281, -0.03933281
0.80629903, 0.14566484, -0.57325971
0.26097357, 0.8921066
-0.00869006, -0.0878365, -0.02873041
-0.98602253, 0.02063051, -0.16525772
0.28755015, 0.82925062
0.00894351, -0.12026091, 0.00966153
0.99703968, 0.0097354, 0.07599109
0.34296328, 0.82767482
0.0057076, -0.11904965, 0.03300107
0.92410046, 0.01324503, 0.38187811
0.33812413, 0.80513956
0.00572339, -0.12512995, 0.03124363
0.75643176, -0.60927153, 0.23783074
0.33730879, 0.80996713
-0.00265619, -0.09265008, 0.02865236
-0.45963928, 0.25547045, 0.85055083
0.33439538, 0.77328147
-0.00500058, -0.11908986, 0.03304386
-0.92107916, 0.00631733, 0.3892636
0.33409327, 0.80505468
0.00541652, -0.12217416, -0.042627
0.81676686, -0.08117923, -0.5711844
0.31421787, 0.98299725
0.00294697, -0.12199728, -0.04454062
0.30536821, -0.11413923, -0.94534135
0.31284603, 0.96296858
0.00318039, -0.12667592, 0.00937081
0.00784326, -0.99865717, 0.05117954
0.3369804, 0.83104488
0.00896627, -0.12665416, 0.00934765
0.71919918, -0.68929106, 0.08716086
0.33973023, 0.83068624
0.00545318, -0.12919347, -0.0400538
0.59334087, -0.74074525, -0.31492049
0.32883489, 0.9558901
0.00298362, -0.12901656, -0.0419674
0.2100589, -0.76839501, -0.60448009
0.32516262, 0.95284966
-0.005255, -0.1292337, -0.04001094
-0.590289, -0.74520099, -0.31019014
0.32073554, 0.92223119
-0.00498478, -0.12517016, 0.0312865
-0.74990082, -0.61491746, 0.24384288
0.33475158, 0.80984941
-0.00250709, -0.12552728, 0.03506302
-0.37638476, -0.6935026, 0.61427653
0.33551747, 0.80814277
-0.00841408, -0.12032609, 0.00973103
-0.99645984, 0.00225837, 0.08395642
0.32917982, 0.82423031
-0.00839134, -0.12671949, 0.00941711
-0.71324807, -0.69469285, 0.09289834
0.3317863, 0.82851529
-0.00848973, -0.12788995, -0.016252
-0.70711386, -0.70680869, 0.01913511
0.3269397, 0.8689225
0.00886787, -0.12782456, -0.01632146
0.71254617, -0.70143741, 0.01345866
0.34017146, 0.87843914
0.003082, -0.12784638, -0.01629831
0.00207526, -0.99880975, 0.04821924
0.33566913, 0.87680914
0.00529812, -0.08712281, -0.03933281
0.80629903, 0.14566484, -0.57325971
0.41551349, 0.87658739
0.00866754, -0.08777132, -0.02879991
0.98446608, 0.02801599, -0.17313151
0.39656344, 0.83212461
0.00879092, -0.12007119, -0.02827335
0.99038666, -0.05722221, -0.12582782
0.34765247, 0.91047899
-0.00858017, -0.08144522, 0.00470845
-0.99404889, 0.017304, 0.10736412
0.31401083, 0.75877301
-0.00854243, -0.0907777, 0.00538366
-0.99578846, 0.0085757, 0.09125035
0.31764755, 0.78053956
0.00528046, -0.07839426, -0.03555828
0.81652272, 0.12643819, -0.56324959
0.42031318, 0.80384026
0.00863984, -0.07874087, -0.02725026
0.9821772, 0.02554399, -0.1861629
0.40125868, 0.79092675
0.00502016, -0.00326013, -0.03012118
0.8036744, -0.08255257, -0.58928192
0.37325931, 0.41760767
0.00838424, -0.00386994, -0.02088516
0.98202461, -0.08502457, -0.16840114
0.35752347, 0.44645482
-0.00892559, -0.00474336, -0.00964284
-0.97445601, -0.02865688, 0.22272408
0.30227223, 0.49507612
-0.00897336, -0.00393509, -0.02081566
-0.98266548, -0.09241004, -0.16052736
0.2856212, 0.48973608
-0.01354944, 0.02253561, -0.01454234
-0.96969509, -0.1010773, 0.22238837
0.29924327, 0.40789282
0.01276375, 0.02344293, -0.02582072
0.97131258, -0.15305032, -0.18185979
0.33456025, 0.34016484
0.01059612, 0.03193301, -0.04371267
0.62743002, -0.43406475, -0.64641255
0.31976709, 0.24303347
0.01271214, 0.0308808, -0.03173968
0.99252295, -0.05038606, -0.11099582
0.32366475, 0.31311029
0.01277249, 0.02963477, -0.01783495
0.99810785, 0.01602222, 0.0590228
0.32367027, 0.3604821
0.01262328, 0.03962005, -0.04573706
0.62947476, 0.45152134, -0.63231301
0.29862598, 0.25862169
0.01267941, 0.03942133, -0.03190439
0.7206946, 0.69240391, -0.03353984
0.31293511, 0.31783551
-0.01364882, 0.03078194, -0.03163412
-0.99298072, -0.05786309, -0.10303049
0.29224879, 0.36935264
-0.01368155, 0.03932228, -0.03179887
-0.72612691, 0.68697166, -0.02774132
0.29645833, 0.35843325
-0.00483843, 0.03915653, -0.01800137
-0.00369274, 0.99987793, 0.01437422
0.30576283, 0.36677271
0.00389242, 0.03938837, -0.03186922
-0.00369274, 0.99987793, 0.01437422
0.30523515, 0.33236426
0.00394855, 0.03918964, -0.01803652
-0.00369274, 0.99987793, 0.01437422
0.31027529, 0.35909688
-0.00489456, 0.0393554, -0.03183403
-0.00369274, 0.99987793, 0.01437422
0.30019554, 0.34673637
0.0038363, 0.03958709, -0.04570187
0.04242073, 0.68468279, -0.72759181
0.29305851, 0.30501723
-0.00270386, -0.1278678, -0.01627513
0.005768, -0.99880975, 0.04818873
0.33120969, 0.87341882
-0.00260547, -0.1266977, 0.00939396
6.104e-05, -0.99865717, 0.05121006
0.33432591, 0.8302066
-0.00280225, -0.12903838, -0.04194424
-0.20911282, -0.76995146, -0.60280162
0.3215211, 0.93134265
0.00326298, -0.11942519, 0.0367973
0.44764549, 0.00442518, 0.89416182
0.33676007, 0.80448471
0.00327877, -0.12550552, 0.03503992
0.38645589, -0.69063389, 0.61125523
0.3365868, 0.80801244
-0.00252289, -0.11944698, 0.03682047
-0.44050416, 0.00109867, 0.8977325
0.33542413, 0.80454548
-0.0028389, -0.12201907, -0.04451744
-0.31208229, -0.11645863, -0.94286937
0.31292593, 0.93669641
-0.0029573, -0.08696754, -0.04122324
-0.31928465, 0.23105563, -0.91903442
0.27320337, 0.86517903
0.00282857, -0.08694578, -0.0412464
0.31019014, 0.23343608, -0.92153692
0.26595384, 0.88180865
0.00312966, -0.09262831, 0.02862922
0.46449172, 0.25894955, 0.84685814
0.33772761, 0.77310626
-0.00297496, -0.07823917, -0.03744873
-0.33954895, 0.22724082, -0.91268653
0.26630461, 0.82453692
0.00269391, -0.00550825, 0.00148363
0.47163305, 0.20563371, 0.85747856
0.32579592, 0.49522668
0.00308189, -0.08299402, 0.02572911
0.46342358, 0.26175725, 0.84655291
0.33796218, 0.75302996
-0.00485799, 0.02418531, -0.03692315
-0.18692587, -0.52122563, -0.83266699
0.27870858, 0.36485577
-0.00323527, -0.00310502, -0.03201162
-0.32456434, -0.07126072, -0.94314402
0.26537248, 0.47778946
-0.00492219, 0.03206091, -0.04557402
-0.12256233, -0.39347515, -0.91109955
0.28641409, 0.33603925
0.0038648, 0.03209388, -0.04560922
0.11819819, -0.39255959, -0.91207618
0.2825084, 0.31001019
0.00404584, 0.02835578, -0.00389504
0.27567369, 0.0085757, 0.96118045
0.31596869, 0.39374352
0.00407231, 0.0217934, -0.00343989
0.40202034, 0.09518723, 0.91064179
0.31825748, 0.40718484
0.00400469, 0.03899093, -0.00420387
0.07318339, 0.67519152, 0.73397017
0.3126941, 0.37858677
0.00767516, 0.02404622, -0.03504983
0.60356456, -0.50016785, -0.62089908
0.33948877, 0.28960371
-0.01534251, 0.07177082, -0.05128003
-0.56880397, 0.55101168, -0.61055332
0.57009554, 0.25942481
-0.01513481, 0.06764644, -0.00327211
-0.57621998, 0.52052367, 0.63005465
0.40650234, 0.20995671
0.01414835, 0.0677563, -0.00338936
0.57731867, 0.52485734, 0.62544632
0.46739617, 0.19524789
-0.01519518, 0.03914923, -0.04507313
-0.58861047, -0.62050235, -0.51811272
0.48540097, 0.22862095
-0.01503666, 0.0384992, -0.00609242
-0.5771966, -0.60893583, 0.54405349
0.25539356, 0.19628984
0.01408798, 0.03925908, -0.04519036
0.58909881, -0.61607713, -0.52284312
0.54967386, 0.25387084
0.01424649, 0.03860907, -0.00620966
0.58607745, -0.6045717, 0.53938413
0.40718681, 0.21113986
0.01394065, 0.07188068, -0.05139729
0.55974001, 0.55525374, -0.61510056
0.71553665, 0.25387084
0.00719978, 0.23365948, -0.02005848
0.97991884, 0.02246162, -0.19809565
0.52732569, 0.42305189
0.00775402, 0.06904308, -0.03598692
0.97991884, 0.02246162, -0.19809565
0.57359564, 0.97193838
0.00772214, 0.06974948, -0.04328813
0.82903528, 0.05661184, -0.5562914
0.58215427, 0.96610115
-0.0126984, 0.14271526, -0.02034797
-0.98159736, 0.01507614, -0.19025239
0.46480221, 0.73469496
-0.01257657, 0.14001651, 0.00754748
-0.68938261, -0.07449568, 0.72054201
0.49560466, 0.75411586
-0.01263281, 0.15555423, 0.00807295
-0.58714563, 0.49232459, 0.6425367
0.49636, 0.7164315
0.01070849, 0.23286535, -0.0117285
0.99996948, 0.00375378, -0.00399792
0.51724541, 0.4289943
0.00727266, 0.23204499, -0.00337072
0.71016574, -0.06543168, 0.70097965
0.50728565, 0.43350154
0.00735342, 0.20805871, -0.00569167
0.59929198, 0.51835686, 0.61000395
0.51157594, 0.52214786
-0.00109504, 0.23167913, 0.00011898
0.00433363, -0.09628589, 0.99533069
0.49711132, 0.43621343
-0.00101428, 0.20769288, -0.00220195
0.00241096, 0.35224465, 0.9358806
0.49862853, 0.52775568
-0.01292087, 0.20878991, -0.01395452
-0.99484235, 0.06881924, -0.07425153
0.47297698, 0.51922294
-0.01284504, 0.20373176, 0.00024066
-0.63658559, 0.32544938, 0.69914854
0.48672247, 0.55030242
-0.00941216, 0.2079958, -0.00562453
-0.59825432, 0.51387066, 0.61479539
0.48537254, 0.52703568
-0.00949292, 0.23198207, -0.00330361
-0.70400095, -0.07074191, 0.70662558
0.48686641, 0.43583071
0.01086507, 0.20382074, 0.00014573
0.63969851, 0.33024079, 0.6940214
0.51139557, 0.5448879
-0.01300162, 0.23277634, -0.01163356
-0.99996948, -0.00375378, 0.00399792
0.47593331, 0.43356448
0.01078924, 0.2088789, -0.01404945
0.99368268, 0.07626575, -0.08221687
0.52332646, 0.50963405
0.0110117, 0.14280428, -0.02044289
0.97991884, 0.02246162, -0.19809565
0.54137635, 0.71698177
0.01113354, 0.1401055, 0.00745254
0.69566941, -0.06930754, 0.71498764
0.51488608, 0.74582133
0.0113619, 0.06605203, -0.00494822
0.72536391, -0.11148412, 0.67925048
0.52812338, 0.9997962
-0.01277553, 0.16562408, -0.0181313
-0.98159736, 0.01507614, -0.19025239
0.46736068, 0.66230971
-0.01271079, 0.16418977, -0.00330603
-0.79140598, 0.15430158, 0.59144872
0.48750648, 0.67380786
-0.00893868, 0.06736567, -0.01923204
0.00332652, -0.99533069, -0.09628589
0.51361138, 0.07832801
-0.00054079, 0.06706274, -0.01580946
0.00332652, -0.99533069, -0.09628589
0.51361138, 0.0478344
-0.0123482, 0.06596304, -0.00485329
-0.68724632, -0.35871455, 0.63164157
0.49628809, 0.0705483
0.01099932, 0.16427878, -0.00340094
0.79494613, 0.16025269, 0.58510089
0.51664722, 0.67019746
-0.01266344, 0.15697673, 0.00175678
-0.79839474, 0.49784845, 0.33863339
0.4920364, 0.70307449
0.01093458, 0.16571307, -0.01822622
0.97991884, 0.02246162, -0.19809565
0.53535974, 0.64929929
-0.0127531, 0.15896319, -0.01877582
-0.98159736, 0.01507614, -0.19025239
0.46651331, 0.68887043
-0.00122999, 0.23466863, -0.03078229
-0.00433363, 0.09628589, -0.99533069
0.54647148, 0.40999442
0.00716789, 0.23436588, -0.02735971
0.82903528, 0.05661184, -0.5562914
0.5358845, 0.41721469
0.01095701, 0.15905216, -0.01887073
0.97991884, 0.02246162, -0.19809565
0.53747576, 0.67252114
0.01104669, 0.15706572, 0.00166185
0.79732656, 0.50383008, 0.33225501
0.51459301, 0.69930694
-0.0123482, 0.06596304, -0.00485329
-0.68724632, -0.35871455, 0.63164157
0.49143904, 0.99979565
-0.01244738, 0.06815996, -0.02756201
-0.98159736, 0.01507614, -0.19025239
0.45636302, 0.98395997
0.01107731, 0.15564322, 0.00797804
0.58854944, 0.49671927, 0.63780636
0.51133043, 0.71158421
-0.00904344, 0.06968655, -0.04322101
-0.83385724, 0.05035554, -0.54963833
0.43622097, 0.97659513
-0.00959769, 0.23430294, -0.02729257
-0.83385724, 0.05035554, -0.54963833
0.45664182, 0.42812258
-0.00122999, 0.23466863, -0.03078229
-0.00433363, 0.09628589, -0.99533069
0.44606298, 0.42493653
-0.0095658, 0.23359655, -0.01999136
-0.98159736, 0.01507614, -0.19025239
0.46519414, 0.43069983
-0.00814216, 0.16510975, -0.03953709
0.33194983, -0.69737846, 0.63515121
0.80103463, 0.14107084
-0.00774121, 0.20360315, -0.00162642
-0.71883297, 0.69423503, 0.03555406
0.03028795, 0.31240737
-0.00756478, 0.15167533, -0.0062529
-0.69148839, -0.72206795, -0.02072207
0.12011813, 0.82975103
0.0043861, 0.10583783, 0.01510452
0.58790857, 0.73360395, 0.34073916
0.71510226, 0.61069563
-0.00174227, 0.4006725, -0.00307459
-0.00524918, 0.85766166, -0.51414531
0.61266661, 0.91639193
-0.00174227, 0.4006725, -0.00307459
-0.00524918, 0.85766166, -0.51414531
0.65805238, 0.88594045
-0.0057954, 0.45515722, 0.0115343
-0.42112491, 0.75838494, 0.49745169
0.61285037, 0.66575584
-0.00192945, 0.4560802, 0.00213025
-0.00524918, 0.85763115, -0.51417583
0.63751924, 0.64643079
-0.00108814, 0.23012316, 0.00037858
0.00546281, -0.69231236, 0.72154909
0.78793418, 0.91535162
0.00541652, -0.12217416, -0.042627
0.81676686, -0.08117923, -0.5711844
0.34235784, 0.98053063
0.01126272, 0.06824896, -0.02765694
0.97991884, 0.02246162, -0.19809565
0.56300879, 0.97915922
-0.00067575, 0.07005242, -0.04671071
-0.00433363, 0.09628589, -0.99533069
0.59274101, 0.95888087
-0.00067575, 0.07005242, -0.04671071
-0.00433363, 0.09628589, -0.99533069
0.42564234, 0.9734085
-0.00901156, 0.06898016, -0.0359198
-0.98159736, 0.01507614, -0.19025239
0.44477338, 0.97917181
# Number of Faces:
816
# Face Data:
0, 1, 2
1, 3, 4
4, 3, 5
6, 5, 7
8, 7, 9
10, 9, 11
12, 13, 14
15, 0, 16
11, 15, 17
16, 4, 8
18, 19, 1
19, 20, 3
21, 5, 3
21, 22, 7
23, 9, 7
13, 11, 9
12, 15, 11
18, 0, 15
14, 24, 25
20, 19, 26
23, 24, 14
19, 18, 27
22, 28, 24
21, 29, 28
18, 12, 30
20, 31, 29
25, 32, 33
27, 34, 35
24, 28, 32
28, 29, 36
30, 37, 34
29, 31, 38
14, 39, 37
26, 35, 38
33, 40, 41
32, 36, 40
37, 42, 43
36, 38, 44
39, 45, 42
35, 46, 44
39, 25, 47
34, 43, 46
41, 48, 49
42, 48, 50
40, 44, 51
45, 52, 48
46, 53, 51
45, 47, 49
43, 50, 53
47, 33, 54
55, 56, 57
58, 59, 60
58, 61, 62
63, 56, 55
60, 59, 64
58, 65, 56
66, 67, 68
55, 66, 69
60, 69, 70
65, 70, 57
71, 72, 62
59, 62, 72
63, 64, 72
63, 71, 61
68, 73, 74
70, 69, 68
70, 75, 76
57, 76, 67
77, 78, 79
76, 75, 74
67, 76, 80
67, 77, 73
81, 82, 83
74, 73, 79
74, 81, 84
80, 84, 78
82, 85, 86
78, 84, 83
79, 78, 86
79, 85, 82
87, 88, 89
87, 90, 91
92, 93, 91
92, 94, 89
89, 95, 96
90, 87, 94
97, 98, 96
88, 91, 98
91, 93, 96
89, 88, 97
99, 100, 101
102, 103, 101
104, 105, 103
106, 107, 108
108, 101, 103
109, 110, 111
112, 113, 114
115, 116, 117
118, 119, 120
121, 114, 113
122, 116, 123
124, 123, 125
109, 126, 127
128, 112, 129
130, 131, 132
133, 134, 135
136, 129, 137
126, 138, 139
140, 132, 133
141, 142, 143
125, 144, 145
137, 141, 146
139, 138, 147
148, 149, 150
151, 147, 150
134, 152, 153
145, 144, 154
155, 156, 152
155, 145, 157
158, 159, 142
158, 151, 149
142, 159, 160
160, 159, 149
137, 161, 158
161, 139, 151
162, 155, 163
164, 145, 155
165, 161, 137
127, 139, 161
166, 165, 129
167, 127, 165
168, 169, 162
169, 124, 164
119, 118, 169
118, 122, 124
110, 170, 171
171, 170, 114
116, 122, 172
122, 118, 173
167, 170, 110
166, 114, 170
174, 175, 172
171, 121, 175
120, 176, 174
111, 171, 174
177, 178, 156
160, 148, 178
154, 179, 177
143, 160, 177
147, 180, 181
180, 135, 153
178, 153, 152
148, 181, 153
182, 183, 144
184, 146, 183
144, 183, 179
183, 146, 143
126, 185, 186
140, 187, 186
123, 188, 182
136, 184, 182
138, 186, 180
187, 135, 180
189, 185, 126
130, 140, 185
116, 115, 188
128, 136, 188
175, 190, 117
175, 121, 191
112, 128, 191
115, 190, 191
130, 176, 120
189, 111, 176
192, 193, 194
195, 196, 194
197, 198, 196
199, 200, 198
199, 201, 202
203, 204, 202
194, 196, 202
192, 205, 206
207, 206, 204
208, 209, 210
193, 192, 210
211, 195, 193
212, 197, 195
213, 199, 197
201, 199, 213
203, 201, 214
215, 207, 216
192, 207, 215
217, 218, 208
219, 220, 212
221, 208, 215
222, 223, 219
214, 224, 225
210, 209, 223
226, 224, 214
220, 226, 213
227, 228, 229
230, 231, 219
232, 229, 225
209, 233, 230
234, 232, 224
220, 235, 234
208, 218, 233
219, 231, 235
236, 237, 238
233, 239, 240
234, 241, 227
235, 242, 241
218, 243, 239
231, 244, 242
245, 243, 218
240, 244, 231
240, 239, 246
244, 240, 247
242, 244, 248
238, 241, 242
249, 227, 241
250, 228, 227
251, 243, 245
239, 243, 251
252, 253, 237
254, 255, 246
248, 252, 236
253, 254, 251
256, 252, 248
249, 257, 253
255, 256, 247
238, 237, 257
258, 259, 260
261, 262, 263
264, 265, 266
264, 266, 267
268, 267, 269
270, 269, 271
272, 258, 273
271, 272, 274
260, 275, 264
276, 277, 265
259, 271, 266
275, 278, 276
260, 259, 279
279, 277, 276
280, 281, 282
283, 262, 284
283, 282, 263
277, 279, 261
285, 265, 280
280, 261, 286
284, 262, 261
281, 286, 287
282, 288, 287
286, 263, 287
282, 281, 288
289, 290, 291
289, 292, 293
294, 295, 296
297, 298, 299
291, 290, 293
294, 300, 301
302, 303, 304
305, 293, 303
299, 306, 307
308, 309, 310
311, 312, 313
306, 314, 315
309, 311, 316
296, 295, 317
318, 319, 320
317, 321, 322
323, 304, 319
314, 324, 325
326, 327, 328
324, 329, 330
313, 312, 331
321, 326, 332
333, 334, 335
336, 320, 337
329, 334, 333
331, 338, 339
340, 341, 335
338, 342, 343
328, 327, 344
337, 345, 346
347, 348, 345
347, 328, 349
342, 350, 351
350, 341, 340
352, 353, 354
330, 333, 354
354, 350, 342
333, 341, 350
319, 355, 356
355, 322, 332
357, 358, 353
325, 330, 353
320, 356, 347
356, 332, 328
359, 360, 358
315, 325, 358
304, 361, 355
361, 362, 322
303, 363, 361
363, 296, 362
364, 360, 359
307, 315, 360
365, 366, 364
367, 307, 364
365, 368, 369
366, 369, 297
293, 292, 363
292, 370, 296
294, 370, 371
370, 292, 289
301, 300, 371
371, 289, 372
369, 373, 374
373, 375, 372
376, 373, 369
301, 375, 373
377, 378, 348
377, 351, 340
344, 379, 377
379, 343, 351
334, 380, 381
382, 346, 381
327, 383, 379
383, 339, 343
378, 346, 345
340, 381, 346
326, 384, 383
384, 385, 339
386, 380, 334
336, 382, 380
387, 384, 326
313, 385, 384
388, 389, 324
388, 323, 318
389, 386, 329
389, 318, 336
295, 390, 391
390, 310, 316
317, 391, 387
316, 313, 387
294, 392, 390
392, 393, 310
394, 395, 306
305, 302, 395
395, 388, 314
302, 323, 388
308, 393, 376
392, 301, 376
396, 394, 299
291, 305, 394
297, 374, 396
374, 372, 291
397, 365, 364
370, 294, 296
367, 299, 307
303, 293, 363
398, 399, 400
401, 402, 399
403, 404, 402
403, 405, 400
400, 399, 402
401, 398, 405
406, 407, 408
409, 410, 411
412, 413, 414
413, 415, 416
417, 418, 419
415, 420, 419
414, 416, 421
420, 422, 417
421, 416, 418
423, 414, 421
424, 425, 426
427, 428, 418
416, 419, 418
429, 430, 431
421, 418, 428
432, 428, 433
434, 423, 421
435, 433, 428
436, 437, 408
438, 434, 432
439, 433, 411
425, 410, 440
409, 411, 433
409, 441, 440
442, 411, 410
443, 444, 445
435, 427, 446
438, 406, 434
424, 442, 425
424, 438, 439
446, 444, 443
16, 0, 2
2, 1, 4
6, 4, 5
8, 6, 7
10, 8, 9
447, 10, 11
30, 12, 14
17, 15, 16
447, 11, 17
447, 17, 16
16, 10, 447
4, 6, 8
16, 2, 4
8, 10, 16
0, 18, 1
1, 19, 3
20, 21, 3
5, 21, 7
22, 23, 7
23, 13, 9
13, 12, 11
12, 18, 15
39, 14, 25
31, 20, 26
13, 23, 14
26, 19, 27
23, 22, 24
22, 21, 28
27, 18, 30
21, 20, 29
47, 25, 33
26, 27, 35
25, 24, 32
32, 28, 36
27, 30, 34
36, 29, 38
30, 14, 37
31, 26, 38
54, 33, 41
33, 32, 40
34, 37, 43
40, 36, 44
37, 39, 42
38, 35, 44
45, 39, 47
35, 34, 46
41, 51, 53
49, 54, 41
48, 52, 49
53, 50, 48
48, 41, 53
43, 42, 50
41, 40, 51
42, 45, 48
44, 46, 51
52, 45, 49
46, 43, 53
49, 47, 54
66, 55, 57
65, 58, 60
59, 58, 62
64, 63, 55
55, 60, 64
63, 58, 56
69, 66, 68
60, 55, 69
65, 60, 70
56, 65, 57
61, 71, 62
64, 59, 72
71, 63, 72
58, 63, 61
75, 68, 74
75, 70, 68
57, 70, 76
66, 57, 67
73, 77, 79
80, 76, 74
77, 67, 80
68, 67, 73
84, 81, 83
81, 74, 79
80, 74, 84
77, 80, 78
83, 82, 86
86, 78, 83
85, 79, 86
81, 79, 82
94, 87, 89
88, 87, 91
90, 92, 91
93, 92, 89
93, 89, 96
92, 90, 94
95, 97, 96
97, 88, 98
98, 91, 96
95, 89, 97
108, 99, 101
448, 102, 101
449, 104, 103
105, 106, 108
105, 108, 103
189, 109, 111
166, 112, 114
190, 115, 117
173, 118, 120
191, 121, 113
124, 122, 123
164, 124, 125
167, 109, 127
136, 128, 129
140, 130, 132
187, 133, 135
184, 136, 137
127, 126, 139
187, 140, 133
146, 141, 143
164, 125, 145
184, 137, 146
151, 139, 147
181, 148, 150
149, 151, 150
135, 134, 153
157, 145, 154
163, 155, 152
156, 155, 157
141, 158, 142
159, 158, 149
143, 142, 160
148, 160, 149
141, 137, 158
158, 161, 151
450, 162, 163
162, 164, 155
129, 165, 137
165, 127, 161
112, 166, 129
166, 167, 165
450, 168, 162
162, 169, 164
168, 119, 169
169, 118, 124
111, 110, 171
121, 171, 114
117, 116, 172
172, 122, 173
109, 167, 110
167, 166, 170
173, 174, 172
174, 171, 175
173, 120, 174
176, 111, 174
157, 177, 156
177, 160, 178
157, 154, 177
179, 143, 177
150, 147, 181
181, 180, 153
156, 178, 152
178, 148, 153
125, 182, 144
182, 184, 183
154, 144, 179
179, 183, 143
138, 126, 186
185, 140, 186
125, 123, 182
188, 136, 182
147, 138, 180
186, 187, 180
109, 189, 126
189, 130, 185
123, 116, 188
115, 128, 188
172, 175, 117
190, 175, 191
113, 112, 191
128, 115, 191
131, 130, 120
130, 189, 176
205, 192, 194
193, 195, 194
195, 197, 196
197, 199, 198
200, 199, 202
201, 203, 202
206, 205, 194
194, 204, 206
198, 200, 202
202, 196, 198
202, 204, 194
207, 192, 206
216, 207, 204
215, 208, 210
222, 193, 210
222, 211, 193
211, 212, 195
212, 213, 197
214, 201, 213
451, 203, 214
452, 215, 216
210, 192, 215
221, 217, 208
211, 219, 212
452, 221, 215
211, 222, 219
451, 214, 225
222, 210, 223
213, 226, 214
212, 220, 213
232, 227, 229
223, 230, 219
224, 232, 225
223, 209, 230
226, 234, 224
226, 220, 234
209, 208, 233
220, 219, 235
453, 236, 238
230, 233, 240
232, 234, 227
234, 235, 241
233, 218, 239
235, 231, 242
217, 245, 218
230, 240, 231
247, 240, 246
248, 244, 247
453, 242, 248
453, 238, 242
238, 249, 241
249, 250, 227
454, 251, 245
246, 239, 251
252, 256, 255
237, 236, 252
253, 257, 237
255, 254, 253
253, 252, 255
251, 254, 246
453, 248, 236
454, 253, 251
247, 256, 248
250, 249, 253
246, 255, 247
249, 238, 257
273, 258, 260
286, 261, 263
265, 264, 275
265, 285, 266
268, 264, 267
270, 268, 269
455, 270, 271
274, 272, 273
455, 271, 274
455, 274, 273
268, 270, 455
455, 264, 268
260, 278, 275
455, 273, 260
260, 264, 455
275, 276, 265
285, 284, 259
259, 266, 285
266, 269, 267
259, 272, 271
272, 259, 258
271, 269, 266
279, 278, 260
259, 284, 279
278, 279, 276
283, 280, 282
285, 283, 284
262, 283, 263
280, 265, 277
277, 261, 280
283, 285, 280
281, 280, 286
279, 284, 261
288, 281, 287
263, 282, 287
372, 289, 291
290, 289, 293
367, 297, 299
305, 291, 293
392, 294, 301
323, 302, 304
302, 305, 303
393, 308, 310
316, 311, 313
307, 306, 315
310, 309, 316
362, 296, 317
336, 318, 320
362, 317, 322
318, 323, 319
315, 314, 325
332, 326, 328
325, 324, 330
385, 313, 331
322, 321, 332
341, 333, 335
382, 336, 337
330, 329, 333
385, 331, 339
381, 340, 335
339, 338, 343
349, 328, 344
382, 337, 346
337, 347, 345
348, 347, 349
343, 342, 351
351, 350, 340
456, 352, 354
353, 330, 354
456, 354, 342
354, 333, 350
320, 319, 356
356, 355, 332
352, 357, 353
358, 325, 353
337, 320, 347
347, 356, 328
357, 359, 358
360, 315, 358
319, 304, 355
355, 361, 322
304, 303, 361
361, 363, 362
397, 364, 359
364, 307, 360
366, 367, 364
366, 365, 369
367, 366, 297
363, 292, 296
300, 294, 371
371, 370, 289
375, 301, 371
375, 371, 372
297, 369, 374
374, 373, 372
368, 376, 369
376, 301, 373
349, 377, 348
378, 377, 340
349, 344, 377
377, 379, 351
335, 334, 381
380, 382, 381
344, 327, 379
379, 383, 343
348, 378, 345
378, 340, 346
327, 326, 383
383, 384, 339
329, 386, 334
386, 336, 380
321, 387, 326
387, 313, 384
314, 388, 324
389, 388, 318
324, 389, 329
386, 389, 336
317, 295, 391
391, 390, 316
321, 317, 387
391, 316, 387
295, 294, 390
390, 392, 310
299, 394, 306
394, 305, 395
306, 395, 314
395, 302, 388
368, 308, 376
393, 392, 376
298, 396, 299
396, 291, 394
298, 297, 396
396, 374, 291
405, 398, 400
398, 401, 399
401, 403, 402
404, 403, 400
404, 400, 402
403, 401, 405
437, 406, 408
423, 412, 414
414, 413, 416
416, 415, 419
419, 420, 417
457, 424, 426
417, 427, 418
432, 421, 428
439, 432, 433
432, 434, 421
427, 435, 428
458, 436, 408
439, 438, 432
442, 439, 411
426, 425, 440
435, 409, 433
410, 409, 440
425, 442, 410
459, 443, 445
409, 460, 441
417, 422, 446
446, 409, 435
427, 417, 446
446, 460, 409
424, 457, 407
406, 438, 424
406, 412, 423
406, 424, 407
406, 423, 434
442, 424, 439
460, 446, 443
