# Project Zomboid Skinned Mesh
# File Version:
1.0
# Model Name:
Cylinder.001
# Vertex Stride Element Count:
3
# Vertex Stride Size (in bytes):
76
# Vertex Stride Data:
# (Int)    Offset
# (String) Type
0
VertexArray
12
NormalArray
24
TextureCoordArray
# Vertex Count:
491
# Vertex Buffer:
0.00182246, 0.17411608, 0.08280513
0.57527393, -0.39963987, 0.71367532
0.0938549, 0.6560882
-0.00980802, 0.17406294, 0.0827414
-0.57936341, -0.40488908, 0.70732749
0.09431742, 0.61641541
-0.00955725, 0.1637643, 0.04556071
-0.68941313, -0.7106235, 0.14038515
0.06518963, 0.60948345
-0.00989091, 0.20124137, 0.07521275
-0.72823268, 0.24408704, 0.64033937
0.11479568, 0.62280756
-0.0080055, 0.21125269, 0.07245257
-0.52311778, 0.7548753, 0.39558092
0.12222713, 0.62974337
-0.00781821, 0.20344007, 0.04478384
-0.65456098, 0.73714405, -0.1676992
0.12508887, 0.53433806
-0.00781821, 0.20344007, 0.04478384
-0.65456098, 0.73714405, -0.1676992
0.14392936, 0.63422859
-0.000207, 0.2112883, 0.07249525
0.51182592, 0.75960571, 0.40125737
0.12195789, 0.65633985
0.00194396, 0.19281298, 0.04504884
0.99588001, 0.08963286, -0.01251259
0.11452732, 0.76268771
0.00173959, 0.20129451, 0.0752765
0.71892452, 0.25070956, 0.64827418
0.11426908, 0.6595532
-0.0095662, 0.18978068, 0.0255078
-0.9962157, 0.08468886, -0.0184637
0.12087443, 0.45626098
-0.00943882, 0.16118319, 0.02609759
-0.7051912, -0.70308542, 0.09143345
0.10080362, 0.42237443
-0.00955725, 0.1637643, 0.04556071
-0.68941313, -0.7106235, 0.14038515
0.09722703, 0.48685712
0.00010131, 0.20034978, 0.0253439
0.63945431, 0.7608875, -0.1099887
0.15855452, 0.66390324
0.00018802, 0.19836989, 0.0111741
0.65172279, 0.75685906, -0.04886013
0.16935438, 0.66613531
-0.00761049, 0.19833426, 0.01113139
-0.65804011, 0.75084686, -0.05603198
0.16962367, 0.63953882
-1.972e-05, 0.20347567, 0.04482653
0.6495865, 0.74312568, -0.16055788
0.14366011, 0.6608251
-0.00769717, 0.20031418, 0.02530119
-0.64513075, 0.75502795, -0.11703848
0.15882379, 0.6373069
-0.00943882, 0.16118319, 0.02609759
-0.7051912, -0.70308542, 0.09143345
0.05036669, 0.60595578
0.00219168, 0.16123635, 0.02616132
0.71053195, -0.69661552, 0.09918515
0.04990413, 0.64562839
0.00206429, 0.18983379, 0.02557153
0.99554431, 0.0938139, -0.00753807
0.1162951, 0.82902671
0.00010131, 0.20034978, 0.0253439
0.63945431, 0.7608875, -0.1099887
0.12410957, 0.82015593
0.00220918, 0.18786086, 0.00077432
0.99539173, 0.09567553, 0.00549333
0.11976997, 0.91210347
0.00024622, 0.19837683, 0.00054671
0.63280129, 0.77428508, 0.00396741
0.12758359, 0.9033066
0.00018802, 0.19836989, 0.0111741
0.65172279, 0.75685906, -0.04886013
0.12548792, 0.86843382
-0.00947953, 0.18780074, 0.01133795
-0.99661243, 0.08127079, -0.01120029
0.12343561, 0.40919375
-0.00935213, 0.15920311, 0.0119278
-0.68871123, -0.72356331, 0.04605243
0.1033428, 0.37529773
-0.00935213, 0.15920311, 0.0119278
-0.68871123, -0.72356331, 0.04605243
0.03956479, 0.60338503
0.00227837, 0.15925623, 0.01199153
0.69472337, -0.717246, 0.05365154
0.03910224, 0.64305773
0.00215099, 0.18785386, 0.01140168
0.99588001, 0.09036531, -0.00030519
0.1176725, 0.87724335
0.00024622, 0.19837683, 0.00054671
0.63280129, 0.77428508, 0.00396741
0.17737639, 0.66779321
-0.0075523, 0.19834124, 0.00050397
-0.63985109, 0.76845604, -0.00299081
0.17764565, 0.64119682
-0.0094213, 0.18780772, 0.00071059
-0.9962157, 0.08655049, -0.00537126
0.12638022, 0.37572432
-0.00929393, 0.15921028, 0.00130042
-0.70860928, -0.70555741, -0.00433363
0.10628629, 0.3418498
-0.00929393, 0.15921028, 0.00130042
-0.70860928, -0.70555741, -0.00433363
0.03154132, 0.60147566
0.00233655, 0.1592634, 0.00136415
0.71501815, -0.69905698, 0.00341807
0.03107878, 0.64114824
-0.00761049, 0.19833426, 0.01113139
-0.65804011, 0.75084686, -0.05603198
0.13095787, 0.42188489
-0.0075523, 0.19834124, 0.00050397
-0.63985109, 0.76845604, -0.00299081
0.13390121, 0.38840544
0.00219168, 0.16123635, 0.02616132
0.71053195, -0.69661552, 0.09918515
0.09544972, 0.85254923
0.00227837, 0.15925623, 0.01199153
0.69472337, -0.717246, 0.05365154
0.09680163, 0.90075904
0.00233655, 0.1592634, 0.00136415
0.71501815, -0.69905698, 0.00341807
0.09889781, 0.93559533
0.00207324, 0.16381744, 0.04562445
0.69429606, -0.70430619, 0.14795373
0.09350102, 0.7864757
-0.00769717, 0.20031418, 0.02530119
-0.64513075, 0.75502795, -0.11703848
0.1283928, 0.46900082
-0.00968653, 0.19275987, 0.0449851
-0.99645984, 0.08053835, -0.02343822
0.11748904, 0.52108049
-1.972e-05, 0.20347567, 0.04482653
0.6495865, 0.74312568, -0.16055788
0.12244604, 0.75329646
0.00137571, 0.36189759, -0.02346376
0.77935117, -0.62630087, -0.01831111
0.92520416, 0.27589321
0.00132195, 0.37318581, -0.02305917
0.77333903, 0.63338113, 0.02682577
0.9139576, 0.31469738
-0.00035347, 0.37303507, -0.01907726
0.64970857, 0.72469252, 0.22946867
0.91694772, 0.35697389
-0.00834039, 0.37299863, -0.01912102
-0.65874201, 0.71874142, 0.2222663
0.91847283, 0.1268543
-0.00828661, 0.36171034, -0.0195256
-0.76213872, -0.61323893, 0.20743431
0.93325704, 0.22775805
-0.00651984, 0.36139837, -0.01058524
-0.88735616, -0.45597705, 0.06830043
0.95100319, 0.24162054
-0.00216142, 0.36141825, -0.01056136
0.8906827, -0.44785914, 0.07806635
0.94936562, 0.29204059
-0.00221519, 0.37270647, -0.01015678
0.60008544, 0.73201698, 0.3225196
0.93946058, 0.41104984
-0.00223187, 0.36658004, -0.00200562
0.75392926, 0.47019866, 0.45875424
0.96960986, 0.37255394
-0.00997339, 0.37313423, -0.02312106
-0.77935117, 0.62627035, 0.01831111
0.91395926, 0.18197465
-0.00991961, 0.361846, -0.02352564
-0.77333903, -0.63338113, -0.02682577
0.92654121, 0.22898072
-0.00829796, 0.37328488, -0.02710293
-0.5490585, 0.64699239, -0.52903837
0.91157788, 0.2191397
-0.00824419, 0.36199674, -0.02750753
-0.54304636, -0.6126591, -0.57420576
0.92317337, 0.23829633
-0.00429572, 0.37336242, -0.02873419
0.00109867, 0.65764338, -0.75328839
0.91145259, 0.25166976
-0.00424194, 0.36207426, -0.02913879
0.00711081, -0.6020081, -0.79842526
0.92200524, 0.25041008
-0.00179022, 0.37326199, -0.02559675
0.41868344, 0.82061219, -0.38889736
0.90741515, 0.28529501
-0.00224325, 0.46835485, -0.02218845
0.46839809, -0.73738825, -0.48661762
0.57404947, 0.30302823
-0.00121203, 0.46826914, -0.01966228
0.65749079, -0.75304425, -0.02349925
0.57317686, 0.34307349
-0.00031106, 0.37332138, -0.02705921
0.54887539, 0.65199745, -0.52302623
0.91208196, 0.28263927
-0.00429572, 0.37336242, -0.02873419
0.00109867, 0.65764338, -0.75328839
0.91145396, 0.25218344
-0.00430194, 0.36166936, -0.01785061
0.00476089, -0.99932861, -0.03579821
0.93556428, 0.25754631
-0.00181703, 0.37308115, -0.02055585
0.41419721, 0.79049045, 0.45112461
0.91011751, 0.3581022
-0.00434467, 0.37303215, -0.01952566
-0.00698874, 0.78234202, 0.62276071
0.90789127, 0.39999974
-0.00435571, 0.37295759, -0.01744603
-0.00476089, 0.99932861, 0.03579821
0.91329646, 0.4187113
-0.00686102, 0.37305802, -0.02058349
-0.42628253, 0.78667563, 0.44651631
0.9109292, 0.12797666
-0.00435571, 0.37295759, -0.01744603
-0.00476089, 0.99932861, 0.03579821
0.91395676, 0.06736493
-0.00789243, 0.37314376, -0.02310967
-0.59816277, 0.80092776, 0.02554399
0.90757936, 0.17217612
-0.00683424, 0.37323892, -0.02562438
-0.42188787, 0.81676686, -0.39350566
0.90625548, 0.21309161
-0.00430677, 0.37328789, -0.02665456
-0.00067141, 0.82494581, -0.56517226
0.90604824, 0.25018585
-0.00430677, 0.37328789, -0.02665456
-0.00067141, 0.82494581, -0.56517226
0.90604568, 0.25065041
-0.00075901, 0.37317631, -0.02307057
0.59050262, 0.80636007, 0.03204443
0.90963638, 0.3188895
-0.00475978, 0.46838069, -0.02324626
0.00704978, -0.73262733, -0.68056273
0.5725069, 0.2647624
-0.00475065, 0.46867648, -0.02515926
0.00701926, -0.75908691, -0.65089875
0.56763697, 0.26576984
-0.00434467, 0.37303215, -0.01952566
-0.00698874, 0.78234202, 0.62276071
0.90890288, 0.08610392
-0.00479768, 0.46812513, -0.0161174
9.156e-05, -0.77953428, 0.62633139
0.57571775, 0.10121453
-0.00731421, 0.46815103, -0.01717521
-0.46119571, -0.77477342, 0.43241677
0.57453662, 0.14490128
-0.00227004, 0.46817401, -0.01714757
0.46348462, -0.7705313, 0.43748283
0.57469726, 0.38185257
-0.00728723, 0.46833175, -0.02221607
-0.45631275, -0.74156928, -0.49171424
0.57312483, 0.22727358
-0.00834543, 0.46823654, -0.01970139
-0.65031892, -0.75902587, -0.0306711
0.57356417, 0.18734372
-0.00091905, 0.46835837, -0.01577351
0.56898707, -0.61064488, 0.55070651
0.56926268, 0.38662195
-0.00480897, 0.468283, -0.01418812
-0.00143437, -0.62172306, 0.78319651
0.57179248, 0.43263674
-0.00864058, 0.46860129, -0.02357384
-0.5955382, -0.64500868, -0.4788354
0.56820679, 0.22885954
-0.00475065, 0.46867648, -0.02515926
0.00701926, -0.75908691, -0.65089875
0.56763393, 0.26533949
0.00070927, 0.46850488, -0.01964361
0.80782497, -0.58915985, -0.0168157
0.56860906, 0.34401304
-0.01026887, 0.46845472, -0.01970379
-0.80214852, -0.59651476, -0.02563555
0.56811446, 0.18840933
-0.0086818, 0.46832287, -0.01581605
-0.56938386, -0.6158635, 0.54445022
0.56830519, 0.14145625
-0.00087781, 0.4686366, -0.02353129
0.60658592, -0.63954586, -0.47221291
0.56845361, 0.3028096
-0.00480897, 0.468283, -0.01418812
-0.00143437, -0.62172306, 0.78319651
0.57056653, 0.08650768
-0.00886271, 0.49092978, -0.01889018
-0.59819329, 0.80092776, 0.02551347
0.52046967, 0.20469451
-0.00771303, 0.49083427, -0.01607419
-0.42634359, 0.78664511, 0.44648579
0.51636302, 0.16889393
-0.00776818, 0.50240886, -0.01565937
-0.55488753, 0.60765404, 0.56819361
0.49957594, 0.26058698
0.00060223, 0.49097291, -0.01883833
0.77336955, 0.63338113, 0.02682577
0.52625233, 0.34080827
-0.01037592, 0.49092281, -0.01889847
-0.77935117, 0.62627035, 0.01831111
0.52401221, 0.19752073
-0.00878885, 0.49079105, -0.01501076
-0.55488753, 0.60765404, 0.5681631
0.5194146, 0.15817714
-0.00098485, 0.49110481, -0.022726
0.63893551, 0.72383803, -0.26035342
0.52787614, 0.30714536
-0.00491601, 0.49075118, -0.01338281
-0.00711081, 0.60203862, 0.79842526
0.51127875, 0.11713886
-0.00102608, 0.49082652, -0.01496823
0.54301584, 0.61268961, 0.57417524
0.52358532, 0.37846482
-0.00209033, 0.49085996, -0.01604338
0.41419721, 0.79052097, 0.45109409
0.51993656, 0.37068367
-0.00490796, 0.4908053, -0.01489503
-0.00695822, 0.78237253, 0.6227302
0.51415253, 0.40485728
-0.00491601, 0.49075118, -0.01338281
-0.00711081, 0.60203862, 0.79842526
0.51722676, 0.42570686
-0.00768317, 0.49103573, -0.02169341
-0.42185736, 0.81679738, -0.39347515
0.52378225, 0.2369163
-0.00874761, 0.49106923, -0.02276853
-0.64262825, 0.71797848, -0.26737267
0.52689546, 0.23386127
-0.00486572, 0.49109045, -0.02284178
-0.00070193, 0.82497633, -0.56511122
0.52502972, 0.27022976
-0.00485768, 0.49114484, -0.024354
-0.00412, 0.99667346, -0.08108768
0.52897459, 0.27083731
-0.00206047, 0.49106163, -0.02166262
0.41868344, 0.82061219, -0.38886684
0.52478617, 0.30419481
-0.00485768, 0.49114484, -0.024354
-0.00412, 0.99667346, -0.08108768
0.52897632, 0.27122235
-0.00091099, 0.49096605, -0.0188466
0.59053314, 0.80632955, 0.03207495
0.52353281, 0.33719391
-0.00214548, 0.50243461, -0.01562856
0.54304636, 0.6126591, 0.57417524
0.50243926, 0.3052057
-0.00096613, 0.50254071, -0.01843178
0.77333903, 0.63338113, 0.02682577
0.50595719, 0.29844731
-0.00773831, 0.5026105, -0.02127857
-0.54902798, 0.64699239, -0.52903837
0.50728935, 0.26646596
-0.00211562, 0.50263619, -0.02124773
0.54887539, 0.65202796, -0.52302623
0.50763822, 0.28774214
-0.00490796, 0.4908053, -0.01489503
-0.00695822, 0.78237253, 0.6227302
0.50934583, 0.13691676
-0.0049631, 0.50238001, -0.01448017
-0.00711081, 0.6020081, 0.79842526
0.49052963, 0.28798389
-0.00486572, 0.49109045, -0.02284178
-0.00070193, 0.82497633, -0.56511122
0.52503335, 0.2706064
-0.00492085, 0.50266522, -0.02242694
0.00109867, 0.65770441, -0.75325787
0.50802702, 0.27656198
-0.00891784, 0.50250453, -0.01847537
-0.77932066, 0.62633139, 0.01831111
0.50477219, 0.25742126
-0.00477608, 0.48330775, -0.03271512
0.00573748, -0.0598468, -0.99816889
0.54600137, 0.26863372
-0.00480749, 0.4899019, -0.03247873
0.002472, 0.4944914, -0.86916715
0.53746575, 0.26917386
-0.00477608, 0.48330775, -0.03271512
0.00573748, -0.0598468, -0.99816889
0.54599392, 0.26770294
-0.00480749, 0.4899019, -0.03247873
0.002472, 0.4944914, -0.86916715
0.53747135, 0.26985073
-0.00435571, 0.37295759, -0.01744603
-0.00476089, 0.99932861, 0.03579821
0.20737818, 0.80064306
-0.00834039, 0.37299863, -0.01912102
-0.65874201, 0.71874142, 0.2222663
0.20144629, 0.86534338
-0.00657362, 0.37268659, -0.01018065
-0.61021757, 0.72649312, 0.31589708
0.23349044, 0.83594953
-0.0002997, 0.36174688, -0.01948184
0.76540422, -0.60625017, 0.2158269
0.93126476, 0.28162324
-0.00656428, 0.36109859, -0.00222526
-0.72063357, -0.64815211, 0.24600971
0.97077537, 0.2584253
-0.0065903, 0.36656028, -0.00202949
-0.76314586, 0.46330148, 0.45045319
0.97721022, 0.18862689
-0.00220586, 0.36111841, -0.00220137
0.723777, -0.6415906, 0.253914
0.96882087, 0.30446976
-0.00221519, 0.37270647, -0.01015678
0.60008544, 0.73201698, 0.3225196
0.23349044, 0.76533586
-0.0065903, 0.36656028, -0.00202949
-0.76314586, 0.46330148, 0.45045319
0.27005479, 0.83594953
-0.0043982, 0.36101991, 0.00025671
-0.001648, -0.60005492, 0.79992068
0.97793823, 0.28958219
-0.00442421, 0.3664816, 0.00045247
-0.00704978, 0.54121524, 0.84081542
0.98805952, 0.21437275
-0.00442421, 0.3664816, 0.00045247
-0.00704978, 0.54121524, 0.84081542
0.97995079, 0.36707318
-0.00223187, 0.36658004, -0.00200562
0.75392926, 0.47019866, 0.45875424
0.27005517, 0.76533663
-0.00442421, 0.3664816, 0.00045247
-0.00704978, 0.54121524, 0.84081542
0.27891815, 0.80064401
-0.00423316, 0.3623023, -0.03093217
0.00134281, 0.6311838, -0.77559739
0.311609, 0.91069272
-0.00419976, 0.3552936, -0.03118342
0.00708029, -0.57399213, -0.8188116
0.20144629, 0.91069272
-0.01145478, 0.35509324, -0.02655762
-0.68843651, -0.60286266, -0.40318003
0.36245382, 0.90304261
0.00297226, 0.36216801, -0.02622715
0.69246501, 0.62993258, -0.35163426
0.383432, 0.86653215
0.00300566, 0.35515928, -0.02647837
0.69829404, -0.59651476, -0.39558092
0.36245462, 0.91834289
0.00285252, 0.36136007, -0.00370077
0.68843651, 0.60286266, 0.40318003
0.64568746, 0.86653215
0.0028859, 0.35435131, -0.00395196
0.69429606, -0.62358469, 0.35923338
0.6666652, 0.91834289
-0.00440249, 0.36115959, 0.00092501
-0.00708029, 0.57399213, 0.8188116
0.71751004, 0.91069272
-0.0043691, 0.35415095, 0.0006738
-0.00134281, -0.6311838, 0.77559739
0.59151411, 0.91069272
-0.01148817, 0.36210191, -0.02630637
-0.69429606, 0.62358469, -0.35923338
0.383432, 0.95485331
-0.01160792, 0.36129397, -0.00378
-0.69829404, 0.59651476, 0.39558092
0.64568746, 0.95485331
-0.01157452, 0.3542853, -0.0040312
-0.69246501, -0.62993258, 0.35163426
0.6666652, 0.90304261
0.00302319, 0.10469755, -0.03660123
0.59819329, -0.5281533, -0.60264903
0.24597776, 0.51906881
0.00297773, 0.10270406, -0.02664516
0.56944489, -0.64244515, 0.51277202
0.23589838, 0.61744237
-0.00911884, 0.10264877, -0.02671147
-0.56913966, -0.64766383, 0.5065462
0.25758722, 0.60038295
-0.00914745, 0.12224749, -0.03782736
-0.81127352, -0.21060823, -0.54536575
0.27244276, 0.56396905
-0.00948887, 0.1803223, -0.02392754
-0.63164157, -0.19794305, 0.74953461
0.32450268, 0.62716803
-0.01223223, 0.1851196, -0.02365781
-0.73409224, -0.2323069, 0.6380505
0.33082104, 0.62268245
-0.01216103, 0.18590929, -0.03731159
-0.70213932, -0.27945799, -0.65486616
0.33247682, 0.5608106
-0.00942816, 0.18174414, -0.03619502
-0.60725731, -0.29648733, -0.73708302
0.32543549, 0.55680451
0.00276372, 0.16206296, -0.03706779
0.76241338, 0.15256202, -0.62880337
0.29735962, 0.73924464
0.00260771, 0.18037756, -0.02386126
0.62517166, -0.19220558, 0.75640124
0.32292098, 0.69789642
0.00294912, 0.12230292, -0.03776102
0.81911677, -0.2031312, -0.53642386
0.25353163, 0.69210988
0.00276372, 0.16206296, -0.03706779
0.76241338, 0.15256202, -0.62880337
0.30164093, 0.50877014
-0.00933286, 0.16200769, -0.03713406
-0.75685906, 0.14563432, -0.63713491
0.30211183, 0.56094518
-0.00942816, 0.18174414, -0.03619502
-0.60725731, -0.29648733, -0.73708302
0.32543626, 0.55609295
0.00516373, 0.21470496, -0.02255324
0.72011477, 0.23889889, 0.6513871
0.35870054, 0.71775138
-0.01237254, 0.21462488, -0.02264933
-0.72939235, 0.23227638, 0.64342171
0.35864267, 0.62614578
0.00530402, 0.18519974, -0.02356172
0.72914821, -0.22562334, 0.64604634
0.32823607, 0.71055257
0.00266844, 0.18179941, -0.03612873
0.61796927, -0.29090244, -0.73036897
0.31956905, 0.76313177
0.00537523, 0.18598939, -0.0372155
0.71178317, -0.27298808, -0.64711446
0.32509834, 0.77685496
-0.01216103, 0.18590929, -0.03731159
-0.70213932, -0.27945799, -0.65486616
0.33249098, 0.56017098
0.00537523, 0.18598939, -0.0372155
0.71178317, -0.27298808, -0.64711446
0.32584438, 0.46762997
0.00266844, 0.18179941, -0.03612873
0.61796927, -0.29090244, -0.73036897
0.32128677, 0.49057424
-0.00762964, 0.21883456, -0.03973527
-0.50395215, 0.17114779, -0.84658343
0.36490667, 0.5334017
0.00057012, 0.21887201, -0.03969035
0.51164281, 0.17578661, -0.84099859
0.36468282, 0.48661321
0.00245502, 0.21561214, -0.039854
0.57524341, 0.20194098, -0.79262674
0.36074585, 0.47884053
0.00522239, 0.21530123, -0.0337556
0.92391735, 0.34372997, -0.16785181
0.36053291, 0.7767667
-0.00948296, 0.21555763, -0.03991942
-0.5683462, 0.19672231, -0.79888302
0.36067694, 0.54011443
-0.01231386, 0.21522111, -0.03385169
-0.92513812, 0.33527634, -0.17798394
0.35988462, 0.57161313
0.0024608, 0.21855712, -0.0335968
0.92715234, 0.34501174, -0.14600055
0.36546203, 0.77329479
0.00240214, 0.21796085, -0.02239439
0.56761378, 0.16861476, 0.80581075
0.36351779, 0.70725766
-0.01231386, 0.21522111, -0.03385169
-0.92513812, 0.33527634, -0.17798394
0.3598792, 0.57210875
0.00522239, 0.21530123, -0.0337556
0.92391735, 0.34372997, -0.16785181
0.36069798, 0.44436097
0.00202442, 0.29569963, -0.01825896
0.61778617, -0.20023194, 0.76039916
0.46587449, 0.70422244
-0.01002061, 0.29564461, -0.01832496
-0.62422562, -0.20590839, 0.75359356
0.46556562, 0.63618147
-0.00964287, 0.21790583, -0.02246039
-0.57792902, 0.16336559, 0.79955441
0.36290568, 0.63652045
-0.00958421, 0.21850212, -0.0336628
-0.92861718, 0.3364971, -0.15616322
0.36531004, 0.57109889
-0.00996194, 0.29624075, -0.02952729
-0.95541245, -0.22696616, -0.18878751
0.46355927, 0.5733788
-0.00800737, 0.29657331, -0.03559983
-0.53224277, -0.04882962, -0.84517962
0.46433088, 0.53964248
-0.00958421, 0.21850212, -0.0336628
-0.92861718, 0.3364971, -0.15616322
0.36531025, 0.57157111
0.0024608, 0.21855712, -0.0335968
0.92715234, 0.34501174, -0.14600055
0.36565721, 0.45147264
-0.01015132, 0.30220556, -0.03527585
-0.57280189, -0.09247109, -0.81441694
0.47053963, 0.54837805
0.00228113, 0.30226231, -0.03520772
0.58250678, -0.0872219, -0.80809963
0.47123682, 0.49021673
0.00019239, 0.29661083, -0.03555491
0.54188663, -0.04391614, -0.83928955
0.46447769, 0.49599135
0.00516435, 0.301952, -0.02910866
0.9512009, -0.22031312, -0.21588793
0.47305191, 0.76863517
0.0051057, 0.30135578, -0.01790628
0.72850734, -0.22031312, 0.64860988
0.47343257, 0.71201849
0.00208309, 0.29629576, -0.02946128
0.95944089, -0.21820734, -0.17828913
0.46552163, 0.76663972
0.00208309, 0.29629576, -0.02946128
0.95944089, -0.21820734, -0.17828913
0.46451333, 0.46038115
-0.00996194, 0.29624075, -0.02952729
-0.95541245, -0.22696616, -0.18878751
0.4635607, 0.57403249
-0.01341515, 0.35441887, -0.01517911
-0.5831477, 0.54319894, 0.60402232
0.50688231, 0.61571383
-0.01335648, 0.3550151, -0.02638142
-0.73448896, 0.66505933, -0.13483077
0.50469011, 0.58472461
-0.01309826, 0.30186859, -0.02920873
-0.94674522, -0.22898038, -0.22629474
0.4710927, 0.5732708
0.00202289, 0.35540909, -0.03238044
0.42521438, 0.64140749, -0.63853878
0.51302373, 0.54108259
0.00490611, 0.35509858, -0.02628135
0.72981966, 0.67174292, -0.12680441
0.53018218, 0.53611571
0.00516435, 0.301952, -0.02910866
0.9512009, -0.22031312, -0.21588793
0.47228003, 0.45676458
-0.0131569, 0.3012723, -0.01800635
-0.7335124, -0.22699668, 0.64061403
0.4722349, 0.62472451
-0.01309826, 0.30186859, -0.02920873
-0.94674522, -0.22898038, -0.22629474
0.47109953, 0.57253534
-0.01335648, 0.3550151, -0.02638142
-0.73448896, 0.66505933, -0.13483077
0.50481224, 0.58359852
0.00484745, 0.35450229, -0.01507904
0.57148963, 0.54847866, 0.61033964
0.53176713, 0.66724825
-0.01040957, 0.35535228, -0.03244856
-0.42402416, 0.63753164, -0.64320809
0.50482547, 0.56377837
0.00490611, 0.35509858, -0.02628135
0.72981966, 0.67174292, -0.12680441
0.53379834, 0.72509855
-0.00907339, 0.10464229, -0.03666751
-0.58671832, -0.53355509, -0.60914946
0.25997832, 0.57001907
-0.00914745, 0.12224749, -0.03782736
-0.81127352, -0.21060823, -0.54536575
0.27242434, 0.56257334
0.00026598, 0.15417854, -0.04145334
0.44297618, 0.17358929, -0.87954342
0.29496312, 0.52244669
-0.00671529, 0.15414663, -0.04149159
-0.43485823, 0.16959135, -0.88436538
0.29466686, 0.54587704
0.00030484, 0.14556767, -0.04136617
0.70223093, 0.27249977, -0.65770441
0.28810695, 0.51895648
-0.00667645, 0.14553578, -0.04140442
-0.69743949, 0.26609087, -0.66536456
0.28867769, 0.54685318
-0.00657747, 0.12437332, -0.04182692
-0.62715536, -0.66551715, -0.40461439
0.27564028, 0.54858261
0.00040381, 0.12440539, -0.04178865
0.63762319, -0.65971863, -0.39768669
0.27605107, 0.5136902
0.00294912, 0.12230292, -0.03776102
0.81911677, -0.2031312, -0.53642386
0.27157658, 0.49671233
0.00032997, 0.14446199, -0.04502966
0.63386947, 0.61235392, -0.47239602
0.28587663, 0.52485564
-0.0066513, 0.14443012, -0.04506791
-0.63423568, 0.60658592, -0.47932371
0.28573298, 0.53966969
0.00041885, 0.13312055, -0.05179871
0.65611744, 0.20911282, -0.72505873
0.28212437, 0.52954859
-0.00656243, 0.13308866, -0.05183698
-0.65001374, 0.2031312, -0.7322306
0.28202087, 0.53419837
0.000438, 0.12453218, -0.04813501
0.63628042, -0.70955533, -0.30274361
0.28023061, 0.5267188
-0.00654328, 0.1245003, -0.04817333
-0.62642294, -0.71532333, -0.30967131
0.2803598, 0.53640211
0.00044119, 0.12830843, -0.0518624
0.6349681, -0.28727072, -0.71712393
0.28140947, 0.52995646
-0.0065401, 0.12827638, -0.05190062
-0.62440872, -0.29303873, -0.72402114
0.28130931, 0.53368327
0.00640952, 0.10216045, -0.00039186
0.72414321, -0.01626636, 0.68941313
0.26006952, 0.04964685
0.00650659, 0.08999339, -0.00796322
0.98504591, -0.00933866, 0.17194128
0.25432414, 0.07000947
0.00656053, 0.09035732, -0.01811044
0.94982755, -0.1345256, -0.28229621
0.25506851, 0.09314215
-0.01283321, 0.10207255, -0.0004973
-0.73149818, -0.0229194, 0.6814478
0.25919196, 0.19780898
-0.01324233, 0.18795668, 0.00258091
-0.68880278, 0.0610065, 0.72234261
0.30046669, 0.20904374
-0.01310361, 0.18889277, -0.02351838
-0.70332956, 0.0220954, -0.71050143
0.30123943, 0.15128148
-0.01328932, 0.21436283, -0.01085733
-0.97781307, 0.03579821, 0.2062746
0.31408134, 0.17972517
-0.01322695, 0.21478367, -0.02259041
-0.70079654, 0.03021332, -0.71266824
0.31427386, 0.153144
0.00600041, 0.18804456, 0.00268635
0.68025756, 0.0672628, 0.72985017
0.30160177, 0.04867411
0.00654827, 0.10309655, -0.02649114
0.69298381, -0.07315287, -0.71718496
0.26185185, 0.1049735
0.00640952, 0.10216045, -0.00039186
0.72414321, -0.01626636, 0.68941313
0.25863516, 0.23956519
0.00600041, 0.18804456, 0.00268635
0.68025756, 0.0672628, 0.72985017
0.29990989, 0.25079978
-0.01269446, 0.10300866, -0.02659659
-0.68437755, -0.0794702, -0.72475356
0.2615312, 0.14291269
0.00166576, 0.08150122, 0.0045704
0.50126654, 0.31321147, 0.80660421
0.02195759, 0.16461718
0.00168569, 0.07336894, 0.00771585
0.50050354, 0.44483781, 0.74266791
0.02636048, 0.17291588
0.00654659, 0.07372856, -0.00167224
0.96948147, 0.11404767, 0.2169866
0.02633089, 0.14600152
-0.00316483, 0.08961176, 0.00139854
-0.00643941, 0.25482956, 0.96694845
0.25280261, 0.21702367
0.00164586, 0.08963374, 0.0014249
0.48866236, 0.15421003, 0.85869932
0.25270373, 0.22747374
-0.01268222, 0.09026942, -0.01821588
-0.94540238, -0.14316233, -0.29267251
0.25479358, 0.15273869
-0.01273615, 0.08990548, -0.00806863
-0.98675495, -0.01837214, 0.16113773
0.25371876, 0.17572302
0.0017846, 0.09056982, -0.0246744
0.3770867, -0.29721975, -0.87716299
0.25558832, 0.11220866
0.00654787, 0.06800101, 0.00286876
0.95452744, 0.1853084, 0.2334666
0.02968289, 0.15645671
0.00654914, 0.06227355, 0.00740974
0.95880002, 0.20230719, 0.19937742
0.03305796, 0.16714126
0.00666257, 0.05730283, -0.00914796
0.96249276, 0.01419111, -0.2709128
0.0353228, 0.12356395
-0.01273615, 0.08990548, -0.00806863
-0.98675495, -0.01837214, 0.16113773
0.23665461, 0.13311589
-0.01266229, 0.08213692, -0.01507038
-0.94134343, -0.12369152, -0.31388286
0.23282751, 0.11467129
-0.01271624, 0.08177302, -0.00492319
-0.96969509, 0.08606219, 0.22864467
0.23222272, 0.13962132
-0.00779695, 0.07426108, -0.01843615
-0.44676045, -0.24011964, -0.86178166
0.22839683, 0.0995428
-0.01264238, 0.07400465, -0.0119249
-0.95150608, -0.07846308, -0.29740289
0.22811674, 0.12068468
0.00652669, 0.08186087, -0.00481772
0.96627706, 0.09491257, 0.23926511
0.02182749, 0.13938743
0.00660053, 0.07409249, -0.01181945
0.95538193, -0.06976531, -0.28696555
0.02568232, 0.12073797
-0.01255077, 0.0521547, -0.01043144
-0.94735557, 0.06732383, -0.3129673
0.21525526, 0.12163818
-0.01252121, 0.04709464, -0.01160947
-0.95413065, 0.09781183, -0.28284556
0.21234922, 0.11879361
-0.01271707, 0.05862441, 0.01452689
-0.90441602, 0.38377026, 0.18628499
0.21835911, 0.18750519
0.00168695, 0.06764135, 0.01225687
0.464156, 0.55034029, 0.69399089
0.02975054, 0.18291116
0.00168825, 0.06191395, 0.01679786
0.38865322, 0.74828333, 0.53755301
0.03289921, 0.19383591
-0.01261137, 0.06560983, -0.01058914
-0.94677573, -0.05398724, -0.31730095
0.22319989, 0.12285572
-0.01258034, 0.05721495, -0.00925338
-0.95953244, 0.00540178, -0.28144169
0.21816166, 0.12495947
-0.01269504, 0.06791311, 0.00276331
-0.95867795, 0.1765801, 0.22296824
0.22420162, 0.15826029
-0.00773491, 0.05747142, -0.0157646
-0.47053438, 0.0290231, -0.88186288
0.21852745, 0.10253096
0.00183901, 0.02078343, 0.02356729
0.5518052, -0.00149541, 0.83394879
0.05567315, 0.21232527
0.00669992, 0.0211431, 0.01417921
0.97799617, 0.00253304, 0.20853297
0.05545162, 0.18465257
0.00660122, 0.03814714, 0.01801707
0.97036654, -0.04779199, 0.23682363
0.04595865, 0.19176245
-0.00770533, 0.0524111, -0.01694263
-0.44355601, 0.20075075, -0.87347025
0.21545392, 0.10020059
-0.00767578, 0.04735108, -0.01812068
-0.4503006, 0.33423871, -0.82793665
0.21248971, 0.09742421
0.00652583, 0.05871231, 0.01463233
0.89877009, 0.39201024, 0.19617298
0.03541083, 0.18370318
0.00650254, 0.05515125, 0.02185491
0.90380567, 0.29618213, 0.30878627
0.03768609, 0.19838297
0.00672169, 0.04718254, -0.01150403
0.95623648, 0.10654011, -0.2723777
0.04099448, 0.11683685
0.00166493, 0.05835266, 0.02402045
0.32554093, 0.84762108, 0.4189581
0.03558077, 0.20781744
0.00164161, 0.05479162, 0.03124302
0.43174535, 0.36481827, 0.82488477
0.03806235, 0.21756166
-0.00705311, -0.08419747, -0.02210486
-0.44407484, -0.02746666, -0.89553511
0.14063296, 0.07997483
-0.01189854, -0.08445395, -0.01559363
-0.9472335, -0.0135197, -0.3202002
0.14080523, 0.0987246
-0.01217306, -0.02344797, -0.01634618
-0.94830167, -0.00817896, -0.31717888
0.17364995, 0.10205233
-0.01248439, 0.0423262, -0.01435414
-0.93954283, 0.16531877, -0.29981384
0.20955835, 0.11310488
-0.01244757, 0.03755777, -0.01709883
-0.92901397, 0.10113834, -0.35590684
0.2067847, 0.10796934
-0.012543, 0.0210552, 0.01407376
-0.9801935, -0.00637837, 0.19779046
0.19786753, 0.18909538
-0.00763896, 0.0425827, -0.02086537
-0.4222846, 0.44972074, -0.78701133
0.20951056, 0.09284914
-0.00760213, 0.03781425, -0.02361003
-0.41590625, 0.21945859, -0.88250375
0.20675978, 0.08897454
0.00675853, 0.04241412, -0.01424869
0.94122136, 0.17392498, -0.28952909
0.04373007, 0.11092931
0.00235327, -0.11089198, 0.039507
0.3497116, -0.93124181, 0.10220649
0.12364317, 0.21100724
0.00720423, -0.10848264, 0.0301924
0.71565902, -0.69270915, -0.08902249
0.12206095, 0.19117403
0.00716324, -0.10625125, 0.03581141
0.94064152, -0.31562242, 0.12463759
0.12098844, 0.20208198
0.00691747, -0.04277802, 0.02775681
0.9693594, 0.05508591, 0.23932615
0.09122878, 0.20597029
0.00712376, -0.10433445, 0.04141913
0.93740654, -0.2233955, 0.26706746
0.12006445, 0.21274626
0.00734438, -0.08436603, -0.0154882
0.95077366, -0.00485244, -0.3098239
0.11196721, 0.09634757
0.00205674, -0.04313757, 0.03714496
0.51057464, 0.18155462, 0.8404187
0.09197579, 0.22996509
0.0022743, -0.1070588, 0.05072258
0.44221321, -0.42881557, 0.78774375
0.12153103, 0.23136646
-0.01232544, -0.04286589, 0.02765137
-0.97238076, 0.04620502, 0.22867519
0.16122358, 0.20979387
-0.00245759, -0.11091394, 0.03948063
0.00433363, -0.99920654, 0.03958251
0.12610936, 0.21148914
-0.01203871, -0.10857061, 0.03008697
-0.70827359, -0.69920957, -0.09680471
0.13020995, 0.19212621
-0.01211916, -0.10442234, 0.04131367
-0.9382, -0.23197119, 0.25678274
0.13204303, 0.21350414
-0.01198929, -0.10632394, 0.01920008
-0.74871057, -0.66270941, -0.014008
0.13110116, 0.16976303
-0.01207967, -0.10633913, 0.03570597
-0.93902403, -0.32419813, 0.11435285
0.13118586, 0.20294046
-0.00699794, -0.09696446, -0.02152943
-0.44889677, -0.02084414, -0.89330727
0.13414069, 0.08592796
-0.01184337, -0.09722099, -0.01501818
-0.94970548, -0.01052889, -0.31287575
0.13498177, 0.102965
-0.01187095, -0.0908374, -0.01530591
-0.94811851, -0.01837214, -0.31736198
0.13784941, 0.10064203
0.00725362, -0.1062356, 0.01930532
0.75484478, -0.65584278, -0.005768
0.12140052, 0.17020279
0.00737196, -0.0907496, -0.01520046
0.95165867, -0.00970489, -0.30695516
0.11498, 0.09849656
-0.01181382, -0.11122099, -0.00874512
-0.70067447, -0.7134617, 0.00042726
0.12999703, 0.11747283
-0.00215151, -0.11220378, -0.01527531
0.00546281, -0.98409986, -0.17737357
0.12664483, 0.10441768
0.00742911, -0.11113317, -0.0086399
0.70711386, -0.70702231, 0.00814844
0.1228059, 0.11604232
-0.00696237, -0.11222578, -0.01530159
-0.28608051, -0.92803735, -0.23850214
0.12864521, 0.10575867
-0.01180694, -0.1089896, -0.01186194
-0.91445661, -0.29248941, -0.27958006
0.13058062, 0.11184251
-0.00697102, -0.10283668, -0.02154926
-0.42039245, -0.16837062, -0.89156771
0.13156715, 0.09038842
-0.00216015, -0.10281468, -0.02152289
0.00622578, -0.19083224, -0.98159736
0.13030884, 0.0813694
-0.00214236, -0.11044503, -0.018409
0.00711081, -0.66191596, -0.74950409
0.12720567, 0.09575027
0.00266833, -0.1104231, -0.01838266
0.4019593, -0.59453106, -0.69637138
0.12397877, 0.09964794
0.00265055, -0.10279278, -0.02149654
0.4316538, -0.16446425, -0.8868984
0.12147737, 0.08867002
0.00742647, -0.10300524, -0.01493259
0.93697929, -0.08377331, -0.33912167
0.12043193, 0.10348928
0.00601579, 0.21487159, -0.02248499
0.70827359, 0.03665273, -0.70494705
0.31458965, 0.109559
0.00560885, 0.29812598, -0.0176156
0.83159888, -0.22696616, -0.50685143
0.36263731, 0.11428726
0.00575495, 0.25611174, -0.0092587
0.96704, -0.00448622, 0.25446334
0.33734599, 0.08588302
-0.00852496, 0.21407218, -0.0021137
-0.50074768, 0.11004975, 0.85854673
0.31393284, 0.20345736
0.00613913, 0.18898067, -0.02341294
0.71083713, 0.02856532, -0.70274973
0.30152377, 0.10794985
0.00595343, 0.21445076, -0.0107519
0.9751274, 0.04470962, 0.2169866
0.31478089, 0.08289164
-0.00893086, 0.29927722, 0.00094017
-0.51301616, -0.03317362, 0.8577227
0.36110795, 0.21826124
-0.00893984, 0.30116016, 0.00100766
-0.51301616, -0.03317362, 0.8577227
0.36215836, 0.21883845
-0.01370419, 0.30145082, -0.00773598
-0.96969509, -0.01333659, 0.2438734
0.36285499, 0.19402313
-0.01363389, 0.29803813, -0.01772108
-0.82387769, -0.23450422, -0.51594591
0.36237204, 0.16523051
-0.01348778, 0.25602385, -0.00936414
-0.96969509, -0.01333659, 0.24384288
0.33692032, 0.18459886
-0.00872343, 0.25573319, -0.00062054
-0.51301616, -0.03317362, 0.8577227
0.33659044, 0.20940518
-0.00892189, 0.29739419, 0.00087268
-0.51301616, -0.03317362, 0.8577227
0.36004969, 0.21766973
-0.01368624, 0.29768485, -0.00787096
-0.96969509, -0.01333659, 0.24384288
0.36083439, 0.19234025
-0.0136243, 0.30198988, -0.02276429
-0.60966825, -0.32233649, -0.72411269
0.36524361, 0.15957212
-0.01388548, 0.35464579, -0.01899161
-0.58275092, 0.58192694, -0.56718647
0.39363888, 0.16951454
0.00535727, 0.35473365, -0.01888617
0.58357495, 0.5872677, -0.56080812
0.39397657, 0.11437905
0.00561844, 0.30207777, -0.02265885
0.62050235, -0.31672108, -0.71736807
0.36598626, 0.12153643
0.00553856, 0.30153874, -0.00763053
0.96704, -0.00448622, 0.25446334
0.36351588, 0.08430463
-0.01369522, 0.29956773, -0.00780347
-0.96969509, -0.01333659, 0.24384288
0.36184582, 0.19326484
-0.01395984, 0.35511583, -0.00581254
-0.73143709, 0.65675831, 0.18332468
0.40200198, 0.17056018
-0.0043848, 0.35484716, 0.00295745
-0.00711081, 0.68129522, 0.73195595
0.40775588, 0.14369065
0.0052829, 0.35520369, -0.0057071
0.72334969, 0.66341138, 0.19129002
0.40233967, 0.11542463
-0.01383201, 0.32828343, -0.00677426
-0.96969509, -0.01333659, 0.24384288
0.37792608, 0.20151341
-0.00906765, 0.32799274, 0.00196938
-0.51301616, -0.03317362, 0.8577227
0.37741604, 0.22710222
-0.00919547, 0.35482517, 0.00293109
-0.40995514, 0.58183539, 0.70238352
0.39325851, 0.23236215
-0.01395984, 0.35511583, -0.00581254
-0.73143709, 0.65675831, 0.18332468
0.39369127, 0.2056433
0.00541072, 0.32837129, -0.00666881
0.96704, -0.00448622, 0.25446334
0.37893185, 0.08042401
0.00042587, 0.3548691, 0.00298381
0.3968932, 0.58552814, 0.70680869
0.39429376, 0.05297041
-0.0043848, 0.35484716, 0.00295745
-0.00711081, 0.68129522, 0.73195595
0.39422399, 0.0402981
-0.00425698, 0.32801479, 0.00199574
-0.00531022, -0.03582873, 0.99932861
0.37856987, 0.04205716
0.00069947, 0.29743809, 0.0009254
0.50386059, -0.02853481, 0.86327708
0.36098528, 0.05952656
-0.00411122, 0.29741615, 0.00089903
-0.00531022, -0.03582873, 0.99932861
0.360845, 0.04711759
-0.00391275, 0.25575519, -0.00059418
-0.00531022, -0.03582873, 0.99932861
0.33742023, 0.04913473
0.0006905, 0.29932112, 0.00099289
0.50386059, -0.02853481, 0.86327708
0.36206454, 0.05922627
0.00068153, 0.30120412, 0.00106038
0.50386059, -0.02853481, 0.86327708
0.36313614, 0.05892515
-0.00412914, 0.30118212, 0.00103402
-0.00531022, -0.03582873, 0.99932861
0.36298072, 0.04652721
0.00554752, 0.29965568, -0.00769803
0.96704, -0.00448622, 0.25446334
0.36247352, 0.08482617
-0.00412017, 0.29929918, 0.00096653
-0.00531022, -0.03582873, 0.99932861
0.361911, 0.04683089
0.00555649, 0.29777274, -0.00776552
0.96704, -0.00448622, 0.25446334
0.36142525, 0.08551806
0.00089792, 0.25577715, -0.00056782
0.50386059, -0.02853481, 0.86327708
0.33741874, 0.06107914
0.00109641, 0.21411611, -0.00206098
0.49027985, 0.114597, 0.86397898
0.31504315, 0.05926067
0.0052829, 0.35520369, -0.0057071
0.72334969, 0.66341138, 0.19129002
0.3944312, 0.07930064
0.0005537, 0.32803673, 0.00202209
0.50386059, -0.02853481, 0.86327708
0.37869149, 0.05466557
-0.00425698, 0.32801479, 0.00199574
-0.00531022, -0.03582873, 0.99932861
0.37714225, 0.23968077
-0.0043848, 0.35484716, 0.00295745
-0.00711081, 0.68129522, 0.73195595
0.39303976, 0.24522209
-0.00412914, 0.30118212, 0.00103402
-0.00531022, -0.03582873, 0.99932861
0.36184189, 0.23101056
-0.00411122, 0.29741615, 0.00089903
-0.00531022, -0.03582873, 0.99932861
0.35974345, 0.22988117
-0.00391275, 0.25575519, -0.00059418
-0.00531022, -0.03582873, 0.99932861
0.33640894, 0.2214002
-0.00412017, 0.29929918, 0.00096653
-0.00531022, -0.03582873, 0.99932861
0.3607918, 0.23043251
-0.00371428, 0.21409413, -0.00208734
-0.005768, 0.07147435, 0.99740595
0.31296417, 0.23339939
-0.00852496, 0.21407218, -0.0021137
-0.50074768, 0.11004975, 0.85854673
0.31306303, 0.22294933
0.00265918, -0.11218179, -0.01524898
0.2971282, -0.92535174, -0.23532823
0.12441442, 0.10548675
-0.00214236, -0.11044503, -0.018409
0.00711081, -0.66191596, -0.74950409
0.12614889, 0.09536254
0.00262361, -0.09692056, -0.02147671
0.45884579, -0.01669363, -0.88833278
0.11884647, 0.08373451
-0.00218707, -0.09694258, -0.02150306
0.00555437, -0.0207831, -0.99975586
0.11980999, 0.07210159
-0.00221465, -0.09055898, -0.02179077
0.00567644, -0.04498428, -0.99896234
0.11611896, 0.06761807
0.00198241, 0.04262661, -0.02081265
0.42674032, 0.45359659, -0.78234202
0.04369406, 0.09085357
0.00201924, 0.03785817, -0.02355731
0.42353588, 0.22330393, -0.87789541
0.04640241, 0.08662134
-0.00279144, 0.0378362, -0.02358366
0.00415052, 0.25220495, -0.96765035
0.04592557, 0.07525527
0.00256845, -0.08415348, -0.02205213
0.4540849, -0.02337718, -0.89062166
0.11215195, 0.07734221
-0.00224223, -0.08417553, -0.0220785
0.00558489, -0.02865688, -0.99957275
0.11240666, 0.06520057
-0.00251694, -0.02316955, -0.0228311
0.00552385, -0.01229896, -0.99990845
0.0788742, 0.0671404
0.0019456, 0.04739506, -0.01806795
0.45625171, 0.3383587, -0.82296211
0.04073342, 0.09568876
-0.00286509, 0.04737306, -0.01809432
0.00341807, 0.36674094, -0.93029571
0.03991725, 0.08366627
-0.00289465, 0.05243311, -0.01691628
0.00427259, 0.22675252, -0.97393721
0.03718897, 0.08703369
0.00188647, 0.05751538, -0.01571188
0.47987303, 0.03335673, -0.87667471
0.03480269, 0.10172093
-0.00292422, 0.0574934, -0.01573824
0.00531022, 0.03546251, -0.99932861
0.03443526, 0.08948058
-0.00295525, 0.06588824, -0.01707403
0.0061037, -0.15710929, -0.98754847
0.02995554, 0.09036499
0.0018045, 0.08243735, -0.02152891
0.4392224, -0.32312998, -0.83822137
0.02072702, 0.09652394
0.00182441, 0.07430501, -0.01838343
0.45835748, -0.23599963, -0.85683769
0.02528559, 0.10056496
-0.00298628, 0.07428306, -0.01840979
0.00646992, -0.26035342, -0.96548355
0.02557945, 0.08912849
0.00658064, 0.08222482, -0.01496493
0.94582963, -0.1150853, -0.30356762
0.02114084, 0.11544722
0.00656053, 0.09035732, -0.01811044
0.94982755, -0.1345256, -0.28229621
0.01680296, 0.11054134
0.0017846, 0.09056982, -0.0246744
0.3770867, -0.29721975, -0.87716299
0.01640603, 0.09222585
-0.00300617, 0.08241539, -0.02155525
0.00674459, -0.36069825, -0.93264568
0.0212042, 0.08571428
0.00663155, 0.06569772, -0.01048369
0.95065159, -0.04531999, -0.30689412
0.03042175, 0.12218386
0.00185544, 0.06591022, -0.01704767
0.45283365, -0.13846248, -0.88076419
0.02991102, 0.10190547
0.00191603, 0.05245509, -0.01688992
0.45121616, 0.20484024, -0.8685568
0.03778824, 0.09892112
0.00669214, 0.0522426, -0.01032601
0.95007169, 0.07599109, -0.30256051
0.03814895, 0.11997634
0.00706987, -0.02336011, -0.0162408
0.95175022, 0.0004883, -0.30677205
0.07927961, 0.0990721
0.00679535, 0.03764571, -0.01699338
0.93188268, 0.109653, -0.34571368
0.04645232, 0.10556936
0.00229393, -0.02314757, -0.02280473
0.45609912, -0.0089114, -0.88985872
0.07896086, 0.07898384
-0.00282827, 0.04260468, -0.02083901
0.00244148, 0.49885556, -0.86666465
0.04287553, 0.07910424
0.00739954, -0.09713308, -0.01491275
0.95315409, -0.00183111, -0.30246896
0.1179195, 0.10106999
0.00259604, -0.09053705, -0.02176441
0.45576343, -0.0380871, -0.88924831
0.11555427, 0.079732
0.007436, -0.10890169, -0.0117566
0.92010254, -0.28409681, -0.26953948
0.12231456, 0.11068976
-0.00216015, -0.10281468, -0.02152289
0.00622578, -0.19083224, -0.98159736
0.12301432, 0.07922804
-0.01181645, -0.1030931, -0.01503803
-0.93240148, -0.09231849, -0.3493759
0.13250719, 0.10499996
-0.00695323, -0.11046708, -0.01843533
-0.38886684, -0.59813225, -0.70070499
0.12911299, 0.10048908
-0.00218707, -0.09694258, -0.02150306
0.00555437, -0.0207831, -0.99975586
0.13328023, 0.07513243
-0.00221465, -0.09055898, -0.02179077
0.00567644, -0.04498428, -0.99896234
0.13677335, 0.07070082
-0.00702553, -0.09058101, -0.02181713
-0.44563127, -0.0422071, -0.89419234
0.13732257, 0.08230036
-0.00282827, 0.04260468, -0.02083901
0.00244148, 0.49885556, -0.86666465
0.21025622, 0.08146936
-0.00279144, 0.0378362, -0.02358366
0.00415052, 0.25220495, -0.96765035
0.20729259, 0.0775643
-0.00251694, -0.02316955, -0.0228311
0.00552385, -0.01229896, -0.99990845
0.17406619, 0.06952357
-0.00224223, -0.08417553, -0.0220785
0.00558489, -0.02865688, -0.99957275
0.14038177, 0.06816494
-0.00732762, -0.02319152, -0.02285745
-0.44621113, -0.0130314, -0.89480269
0.17397697, 0.08182544
-0.00286509, 0.04737306, -0.01809432
0.00341807, 0.36674094, -0.93029571
0.21315144, 0.08542007
-0.00289465, 0.05243311, -0.01691628
0.00427259, 0.22675252, -0.97393721
0.21593098, 0.0882017
-0.00295525, 0.06588824, -0.01707403
0.0061037, -0.15710929, -0.98754847
0.22338507, 0.08966565
-0.00292422, 0.0574934, -0.01573824
0.00531022, 0.03546251, -0.99932861
0.21870798, 0.08991557
-0.00298628, 0.07428306, -0.01840979
0.00646992, -0.26035342, -0.96548355
0.2279679, 0.08751786
-0.00776593, 0.06586628, -0.01710039
-0.44187748, -0.14255196, -0.88564712
0.2235494, 0.10176545
-0.00781686, 0.08239339, -0.02158164
-0.42704549, -0.32709739, -0.84298229
0.23317331, 0.09474736
-0.00302609, 0.09054784, -0.02470076
0.00643941, -0.25482956, -0.96694845
0.23716848, 0.07847172
-0.00300617, 0.08241539, -0.02155525
0.00674459, -0.36069825, -0.93264568
0.23260598, 0.08320326
-0.01268222, 0.09026942, -0.01821588
-0.94540238, -0.14316233, -0.29267251
0.2373632, 0.10924453
-0.0075648, -0.04318156, 0.03709224
-0.52137822, 0.17685476, 0.83477277
0.16036795, 0.23414052
-0.00734723, -0.1071027, 0.05066985
-0.44688255, -0.43287453, 0.78286082
0.1305912, 0.23234653
-0.00253656, -0.10708065, 0.05069617
-0.00250252, -0.49348429, 0.86971647
0.1289292, 0.24205863
-0.0072683, -0.11093593, 0.03945429
-0.34229559, -0.93438518, 0.09839167
0.12841885, 0.211559
-0.00249709, -0.10899708, 0.04508838
0.00253304, -0.94622636, 0.32340464
0.12679112, 0.22776324
-0.00795644, 0.05830874, 0.02396772
-0.3378399, 0.84456921, 0.41532639
0.21818557, 0.21309245
-0.00797975, 0.05474771, 0.03119035
-0.44407484, 0.36082032, 0.82009339
0.21562284, 0.22339833
-0.00316907, 0.05476967, 0.0312167
-0.00689718, 0.43076876, 0.9024018
0.21627513, 0.23340267
-0.00778235, 0.02073948, 0.02351458
-0.56089967, -0.00656148, 0.8278451
0.19767584, 0.21713233
-0.00297167, 0.02076144, 0.02354094
-0.00543229, -0.00634785, 0.99993896
0.19770999, 0.22972059
-0.00307037, 0.03776557, 0.02737882
-0.00433363, -0.22016053, 0.97543257
0.2074766, 0.23283863
-0.00793312, 0.06186999, 0.01674514
-0.40134892, 0.74468213, 0.5332194
0.22107695, 0.19801289
-0.00312245, 0.06189194, 0.0167715
-0.00698874, 0.77800834, 0.62819302
0.22304168, 0.20692021
-0.00312372, 0.06761937, 0.01223051
-0.00711081, 0.62123477, 0.78356272
0.22599153, 0.19522089
-0.00793568, 0.073325, 0.00766316
-0.51264989, 0.44019899, 0.73711354
0.22778372, 0.17479479
-0.003125, 0.07334696, 0.00768953
-0.00701926, 0.49659717, 0.86791587
0.2291667, 0.1851359
-0.00314492, 0.08147926, 0.00454404
-0.00674459, 0.36069825, 0.93264568
0.23326403, 0.17598611
-0.01269633, 0.0736407, -0.00177768
-0.97277749, 0.10516679, 0.20633565
0.22760391, 0.14697367
-0.00795559, 0.08145732, 0.00451768
-0.51292461, 0.30857265, 0.80104983
0.2322446, 0.16556448
-0.0079755, 0.08958978, 0.00137218
-0.4994354, 0.1496933, 0.85329753
0.23651172, 0.15791434
-0.00316483, 0.08961176, 0.00139854
-0.00643941, 0.25482956, 0.96694845
0.23743354, 0.16832221
-0.01269378, 0.06218565, 0.0073043
-0.9627369, 0.19351786, 0.18884854
0.22075427, 0.16983533
-0.00793441, 0.06759739, 0.01220418
-0.47676015, 0.5460372, 0.6888333
0.22436704, 0.18579972
-0.0126417, 0.03805926, 0.01791163
-0.97241127, -0.05667287, 0.22617267
0.20745285, 0.19640225
-0.01274039, 0.05506343, 0.02174951
-0.90981781, 0.28791162, 0.29883724
0.21598513, 0.20322281
-0.00788106, 0.03774359, 0.02735247
-0.52275157, -0.19055757, 0.8308664
0.2076183, 0.22169638
-0.00314575, 0.05833072, 0.02399408
-0.00650044, 0.89687794, 0.44218269
0.21995451, 0.22207791
-0.00730777, -0.10901899, 0.04506202
-0.41398358, -0.86223942, 0.29175696
0.12923412, 0.22290498
-0.00275412, -0.04315958, 0.0371186
-0.00628681, 0.20773949, 0.97814876
0.16047187, 0.24672049
-0.00253656, -0.10708065, 0.05069617
-0.00250252, -0.49348429, 0.86971647
0.12271678, 0.24092889
-0.00297167, 0.02076144, 0.02354094
-0.00543229, -0.00634785, 0.99993896
0.05568246, 0.22471756
-0.00275412, -0.04315958, 0.0371186
-0.00628681, 0.20773949, 0.97814876
0.09183861, 0.24067342
0.00231377, -0.10897509, 0.04511474
0.4186224, -0.85842466, 0.29633471
0.12277998, 0.22230053
-0.00249709, -0.10899708, 0.04508838
0.00253304, -0.94622636, 0.32340464
0.12518755, 0.22798282
-0.00314575, 0.05833072, 0.02399408
-0.00650044, 0.89687794, 0.44218269
0.03403343, 0.21533114
-0.00316907, 0.05476967, 0.0312167
-0.00689718, 0.43076876, 0.9024018
0.03714517, 0.22677523
-0.00307037, 0.03776557, 0.02737882
-0.00433363, -0.22016053, 0.97543257
0.04584203, 0.22854036
0.00174032, 0.03778755, 0.02740519
0.51533556, -0.18582721, 0.83657336
0.04573952, 0.21633893
-0.00312372, 0.06761937, 0.01223051
-0.00711081, 0.62123477, 0.78356272
0.0283132, 0.19217592
-0.00312245, 0.06189194, 0.0167715
-0.00698874, 0.77800834, 0.62819302
0.03123017, 0.20241493
-0.003125, 0.07334696, 0.00768953
-0.00701926, 0.49659717, 0.86791587
0.02515915, 0.18333662
-0.00314492, 0.08147926, 0.00454404
-0.00674459, 0.36069825, 0.93264568
0.02101479, 0.17518067
-0.00316483, 0.08961176, 0.00139854
-0.00643941, 0.25482956, 0.96694845
0.01682666, 0.16795748
0.00164586, 0.08963374, 0.0014249
0.48866236, 0.15421003, 0.85869932
0.01770873, 0.15751761
-0.00783676, 0.09052588, -0.02472711
-0.36472669, -0.30060732, -0.88122195
0.25560859, 0.13431323
-0.00302609, 0.09054784, -0.02470076
0.00643941, -0.25482956, -0.96694845
0.25555578, 0.12326169
-0.0079755, 0.08958978, 0.00137218
-0.4994354, 0.1496933, 0.85329753
0.25227442, 0.19930971
0.00164586, 0.08963374, 0.0014249
0.48866236, 0.15421003, 0.85869932
0.25322124, 0.04617274
0.00207324, 0.16381744, 0.04562445
0.69429606, -0.70430619, 0.14795373
0.06472711, 0.64915612
-0.00657362, 0.37268659, -0.01018065
-0.61021757, 0.72649312, 0.31589708
0.94899994, 0.08510387
-0.00025727, 0.36203316, -0.02746379
0.55485702, -0.60765404, -0.5681631
0.92319638, 0.26306784
-0.00479768, 0.46812513, -0.0161174
9.156e-05, -0.77953428, 0.62633139
0.57604736, 0.41942632
-0.00475978, 0.46838069, -0.02324626
0.00704978, -0.73262733, -0.68056273
0.572505, 0.2643584
-0.00035347, 0.37303507, -0.01907726
0.64970857, 0.72469252, 0.22946867
0.20144629, 0.73594227
-0.00907339, 0.10464229, -0.03666751
-0.58671832, -0.53355509, -0.60914946
0.2601023, 0.57076862
-0.00933286, 0.16200769, -0.03713406
-0.75685906, 0.14563432, -0.63713491
0.30212665, 0.56289849
0.00302319, 0.10469755, -0.03660123
0.59819329, -0.5281533, -0.60264903
0.23544668, 0.66565475
-0.0079755, 0.08958978, 0.00137218
-0.4994354, 0.1496933, 0.85329753
0.25298214, 0.20659566
0.00650659, 0.08999339, -0.00796322
0.98504591, -0.00933866, 0.17194128
0.01752039, 0.13337719
0.00042587, 0.3548691, 0.00298381
0.3968932, 0.58552814, 0.70680869
0.40778705, 0.1299001
-0.00919547, 0.35482517, 0.00293109
-0.40995514, 0.58183539, 0.70238352
0.40761817, 0.15746772
-0.00371428, 0.21409413, -0.00208734
-0.005768, 0.07147435, 0.99740595
0.31508139, 0.04760629
-0.00371428, 0.21409413, -0.00208734
-0.005768, 0.07147435, 0.99740595
0.31377596, 0.21525794
0.00109641, 0.21411611, -0.00206098
0.49027985, 0.114597, 0.86397898
0.31278464, 0.24382734
-0.00302609, 0.09054784, -0.02470076
0.00643941, -0.25482956, -0.96694845
0.01692062, 0.08155644
-0.00783676, 0.09052588, -0.02472711
-0.36472669, -0.30060732, -0.88122195
0.23774625, 0.08984452
# Number of Faces:
725
# Face Data:
0, 1, 2
3, 4, 5
6, 4, 7
8, 9, 0
7, 4, 3
10, 11, 12
13, 14, 15
16, 13, 17
2, 18, 19
8, 20, 21
22, 23, 24
25, 26, 11
18, 27, 28
20, 29, 24
14, 30, 31
25, 32, 33
27, 34, 35
36, 37, 32
38, 39, 29
36, 25, 10
40, 22, 29
41, 38, 20
42, 10, 43
0, 9, 3
44, 7, 9
1, 3, 43
45, 46, 47
48, 49, 50
51, 52, 53
48, 54, 55
54, 56, 57
56, 58, 59
60, 61, 62
63, 46, 45
59, 64, 63
45, 65, 49
66, 47, 46
67, 68, 47
69, 48, 70
71, 54, 48
71, 72, 56
72, 73, 58
74, 60, 63
60, 75, 46
61, 76, 77
78, 79, 80
60, 74, 76
67, 66, 81
73, 72, 82
66, 75, 62
72, 71, 83
71, 69, 80
81, 84, 85
82, 86, 87
81, 62, 88
83, 89, 86
80, 90, 89
61, 91, 88
79, 92, 90
93, 94, 95
84, 88, 96
86, 89, 97
90, 98, 97
91, 99, 96
92, 100, 98
85, 84, 101
102, 101, 96
103, 104, 101
94, 98, 100
93, 97, 98
93, 105, 106
105, 107, 108
109, 99, 110
109, 111, 96
112, 113, 114
109, 115, 113
94, 116, 117
118, 119, 115
102, 112, 117
107, 105, 114
111, 113, 112
93, 120, 114
99, 91, 121
106, 122, 123
106, 108, 122
110, 99, 124
87, 86, 123
91, 77, 121
125, 126, 127
128, 47, 52
50, 129, 130
51, 131, 129
132, 127, 133
129, 134, 135
129, 131, 134
53, 136, 134
137, 133, 138
139, 140, 141
139, 142, 143
144, 145, 143
146, 147, 145
148, 149, 144
148, 141, 150
146, 149, 150
150, 143, 145
151, 152, 153
154, 153, 155
156, 157, 158
159, 160, 161
152, 160, 155
162, 163, 164
165, 166, 156
160, 167, 156
168, 169, 167
170, 171, 172
173, 174, 175
176, 165, 167
170, 177, 175
170, 178, 177
176, 179, 180
156, 166, 181
175, 182, 171
183, 184, 185
186, 187, 188
185, 189, 181
175, 174, 190
186, 173, 177
180, 185, 166
191, 192, 193
194, 195, 183
196, 183, 180
188, 193, 174
174, 193, 197
184, 198, 189
199, 200, 201
202, 203, 204
192, 204, 197
184, 205, 201
187, 206, 191
183, 195, 205
207, 199, 208
207, 203, 202
207, 209, 191
195, 208, 199
194, 210, 208
191, 209, 202
151, 211, 212
213, 214, 163
215, 216, 214
162, 215, 213
212, 216, 217
217, 218, 219
215, 220, 221
222, 223, 221
218, 224, 220
221, 225, 217
217, 225, 224
226, 227, 223
223, 227, 225
227, 226, 224
224, 226, 222
228, 229, 230
231, 232, 233
234, 235, 233
236, 228, 237
238, 239, 232
237, 240, 233
241, 242, 243
238, 244, 245
246, 247, 231
230, 248, 237
249, 250, 251
252, 253, 254
255, 256, 253
257, 243, 258
259, 260, 261
262, 263, 250
264, 265, 266
267, 265, 264
268, 269, 270
271, 272, 260
273, 274, 275
276, 277, 274
278, 279, 280
281, 282, 283
284, 285, 282
275, 270, 286
287, 288, 289
290, 291, 292
293, 294, 291
280, 279, 295
288, 296, 297
298, 299, 300
301, 302, 303
292, 304, 305
306, 307, 308
309, 306, 310
311, 312, 313
314, 315, 316
317, 318, 319
232, 320, 234
321, 317, 322
235, 317, 321
323, 324, 325
326, 318, 317
235, 327, 326
328, 329, 330
331, 332, 333
318, 334, 335
326, 331, 334
326, 336, 325
337, 338, 339
331, 340, 332
341, 342, 343
334, 333, 344
345, 346, 347
348, 349, 350
351, 352, 353
335, 352, 351
354, 351, 348
351, 355, 349
356, 348, 357
319, 357, 358
358, 357, 350
359, 345, 360
344, 360, 352
360, 347, 353
361, 362, 342
363, 361, 341
341, 340, 325
364, 329, 328
365, 328, 320
320, 328, 327
363, 324, 323
364, 366, 323
329, 323, 336
322, 358, 236
232, 367, 368
369, 307, 370
371, 372, 373
374, 375, 376
377, 378, 379
380, 381, 382
383, 384, 385
386, 387, 388
389, 258, 387
390, 389, 386
391, 386, 392
393, 251, 383
258, 393, 394
387, 394, 385
275, 380, 395
396, 395, 383
395, 382, 384
397, 292, 377
398, 397, 399
399, 379, 376
398, 375, 374
286, 374, 380
380, 374, 400
305, 401, 371
292, 305, 402
402, 373, 378
403, 308, 369
401, 316, 315
371, 315, 404
405, 311, 406
407, 312, 311
311, 405, 302
302, 405, 306
401, 308, 316
307, 309, 406
370, 404, 315
408, 407, 301
408, 409, 278
409, 303, 279
410, 411, 285
410, 284, 272
272, 284, 281
412, 413, 278
411, 412, 414
414, 280, 282
415, 272, 271
416, 271, 267
267, 271, 259
417, 418, 267
419, 417, 420
420, 264, 256
419, 255, 421
422, 423, 421
421, 253, 424
425, 426, 427
428, 296, 429
430, 431, 432
433, 434, 435
436, 437, 438
439, 440, 441
442, 439, 443
254, 443, 444
443, 441, 445
446, 436, 447
266, 447, 439
439, 447, 438
448, 283, 433
449, 448, 450
431, 450, 435
449, 431, 430
261, 430, 436
430, 451, 437
300, 297, 428
298, 300, 452
452, 429, 427
298, 426, 425
295, 425, 433
425, 453, 434
454, 294, 293
455, 456, 293
268, 293, 290
296, 287, 457
454, 458, 457
457, 289, 291
459, 460, 277
459, 276, 263
263, 276, 273
461, 455, 268
461, 462, 277
462, 270, 274
463, 464, 263
465, 463, 262
242, 262, 249
466, 465, 242
467, 466, 241
468, 241, 257
240, 469, 246
237, 248, 470
247, 471, 231
228, 472, 229
473, 0, 2
43, 3, 5
16, 6, 7
41, 8, 0
9, 7, 3
43, 10, 12
17, 13, 15
6, 16, 17
473, 2, 19
44, 8, 21
29, 22, 24
10, 25, 11
19, 18, 28
21, 20, 24
15, 14, 31
26, 25, 33
28, 27, 35
25, 36, 32
20, 38, 29
42, 36, 10
39, 40, 29
8, 41, 20
5, 42, 43
1, 0, 3
8, 44, 9
12, 1, 43
128, 45, 47
474, 48, 50
131, 51, 53
49, 48, 55
55, 54, 57
57, 56, 59
75, 60, 62
475, 63, 45
475, 59, 63
59, 475, 45
45, 57, 59
45, 49, 55
45, 128, 65
55, 57, 45
75, 66, 46
66, 67, 47
78, 69, 70
69, 71, 48
54, 71, 56
56, 72, 58
64, 74, 63
63, 60, 46
91, 61, 77
69, 78, 80
61, 60, 76
476, 67, 81
477, 73, 82
81, 66, 62
82, 72, 83
83, 71, 80
476, 81, 85
477, 82, 87
84, 81, 88
82, 83, 86
83, 80, 89
62, 61, 88
80, 79, 90
120, 93, 95
101, 84, 96
106, 86, 97
89, 90, 97
88, 91, 96
90, 92, 98
104, 85, 101
111, 102, 96
102, 103, 101
116, 94, 100
94, 93, 98
97, 93, 106
106, 105, 108
118, 109, 110
99, 109, 96
95, 117, 112
114, 120, 95
115, 119, 114
114, 113, 115
114, 95, 112
111, 109, 113
95, 94, 117
109, 118, 115
103, 102, 117
119, 107, 114
102, 111, 112
105, 93, 114
124, 99, 121
86, 106, 123
132, 478, 125
125, 127, 132
51, 128, 52
474, 50, 130
50, 51, 129
137, 132, 133
130, 129, 135
131, 53, 134
148, 139, 141
140, 139, 143
142, 144, 143
144, 146, 145
142, 139, 148
148, 144, 142
144, 149, 146
149, 148, 150
147, 146, 150
143, 150, 141
150, 145, 147
141, 140, 143
211, 151, 153
153, 154, 479
155, 158, 480
480, 154, 155
155, 156, 158
160, 159, 168
152, 481, 161
161, 160, 152
153, 152, 155
172, 162, 164
167, 165, 156
155, 160, 156
160, 168, 167
164, 170, 172
177, 173, 175
169, 176, 167
171, 170, 175
165, 176, 180
157, 156, 181
180, 183, 185
173, 186, 188
166, 185, 181
182, 175, 190
178, 186, 177
165, 180, 166
188, 191, 193
196, 194, 183
179, 196, 180
173, 188, 174
190, 174, 197
185, 184, 189
205, 199, 201
192, 202, 204
193, 192, 197
198, 184, 201
188, 187, 191
184, 183, 205
203, 207, 208
209, 207, 202
206, 207, 191
205, 195, 199
195, 194, 208
192, 191, 202
219, 151, 212
162, 213, 163
213, 215, 214
215, 162, 219
219, 218, 215
216, 212, 163
163, 214, 216
212, 217, 219
216, 215, 221
220, 222, 221
215, 218, 220
216, 221, 217
218, 217, 224
222, 226, 223
221, 223, 225
225, 227, 224
220, 224, 222
237, 228, 230
240, 231, 233
232, 234, 233
321, 236, 237
231, 238, 232
321, 237, 233
257, 241, 243
244, 238, 231
231, 482, 244
240, 246, 231
393, 258, 243
249, 251, 393
393, 243, 249
253, 252, 424
256, 442, 254
254, 253, 256
421, 255, 253
389, 390, 483
257, 258, 389
389, 483, 257
259, 446, 265
260, 449, 261
261, 446, 259
249, 262, 250
264, 442, 256
265, 446, 266
266, 442, 264
420, 267, 264
462, 268, 270
259, 271, 260
396, 251, 250
273, 275, 396
396, 250, 273
273, 276, 274
414, 278, 280
448, 449, 260
281, 283, 448
448, 260, 281
281, 284, 282
270, 275, 274
269, 398, 286
286, 270, 269
457, 287, 289
397, 398, 269
290, 292, 397
397, 269, 290
290, 293, 291
280, 283, 282
279, 298, 295
295, 283, 280
288, 299, 304
296, 428, 297
288, 287, 296
297, 299, 288
299, 298, 279
299, 297, 300
303, 302, 299
299, 279, 303
409, 301, 303
304, 292, 291
304, 401, 305
289, 288, 304
304, 291, 289
306, 304, 299
307, 369, 308
306, 309, 307
308, 304, 306
406, 309, 310
406, 311, 313
403, 314, 316
319, 322, 317
318, 356, 319
236, 321, 322
233, 235, 321
336, 323, 325
235, 326, 317
327, 235, 234
327, 330, 326
327, 328, 330
334, 331, 333
354, 356, 318
318, 335, 354
318, 326, 334
336, 326, 330
326, 325, 331
339, 333, 332
338, 484, 339
337, 485, 338
339, 332, 337
340, 331, 325
340, 343, 332
340, 341, 343
344, 335, 334
333, 359, 344
360, 345, 347
357, 348, 350
355, 351, 353
354, 335, 351
356, 354, 348
348, 351, 349
319, 356, 357
322, 319, 358
486, 358, 350
344, 359, 360
335, 344, 352
352, 360, 353
341, 361, 342
324, 363, 341
324, 341, 325
365, 364, 328
487, 365, 320
234, 320, 327
366, 363, 323
329, 364, 323
330, 329, 336
367, 232, 239
239, 488, 367
314, 369, 370
402, 371, 373
400, 374, 376
399, 377, 379
395, 380, 382
394, 383, 385
392, 386, 388
386, 389, 387
391, 390, 386
489, 391, 392
394, 393, 383
387, 258, 394
388, 387, 385
396, 275, 395
251, 396, 383
383, 395, 384
399, 397, 377
375, 398, 399
375, 399, 376
286, 398, 374
275, 286, 380
381, 380, 400
402, 305, 371
377, 292, 402
377, 402, 378
314, 403, 369
371, 401, 315
372, 371, 404
310, 405, 406
301, 407, 311
301, 311, 302
306, 299, 302
405, 310, 306
308, 401, 304
308, 403, 316
313, 307, 406
314, 370, 315
409, 408, 301
413, 408, 278
278, 409, 279
284, 410, 285
415, 410, 272
260, 272, 281
414, 412, 278
285, 411, 414
285, 414, 282
416, 415, 271
418, 416, 267
265, 267, 259
420, 417, 267
255, 419, 420
255, 420, 256
423, 419, 421
490, 422, 421
490, 421, 424
453, 425, 427
452, 428, 429
451, 430, 432
450, 433, 435
447, 436, 438
443, 439, 441
254, 442, 443
252, 254, 444
444, 443, 445
266, 446, 447
442, 266, 439
440, 439, 438
450, 448, 433
431, 449, 450
432, 431, 435
261, 449, 430
446, 261, 436
436, 430, 437
452, 300, 428
426, 298, 452
426, 452, 427
295, 298, 425
283, 295, 433
433, 425, 434
456, 454, 293
268, 455, 293
269, 268, 290
458, 296, 457
294, 454, 457
294, 457, 291
276, 459, 277
464, 459, 263
250, 263, 273
462, 461, 268
460, 461, 277
277, 462, 274
262, 463, 263
242, 465, 262
243, 242, 249
241, 466, 242
468, 467, 241
483, 468, 257
470, 240, 237
240, 470, 469
