# Project Zomboid Skinned Mesh
# File Version:
1.0
# Model Name:
Cylinder
# Vertex Stride Element Count:
3
# Vertex Stride Size (in bytes):
76
# Vertex Stride Data:
# (Int)    Offset
# (String) Type
0
VertexArray
12
NormalArray
24
TextureCoordArray
# Vertex Count:
285
# Vertex Buffer:
0.00497057, 0.05351217, 0.01989984
0.77523118, 0.19766839, -0.59993285
0.61829686, 0.55530164
0.00497057, 0.05206539, 0.02244285
0.64641255, -0.22586749, 0.728782
0.63182527, 0.55789757
0.00497057, 0.03413611, 0.01018798
0.58177435, -0.79244363, 0.1830195
0.63519597, 0.65514579
0.00497058, 0.06936975, 0.02048779
0.77355266, -0.14923552, -0.6158635
0.61829686, 0.47996467
0.00497057, 0.06949195, 0.02246905
0.65489668, 0.18787195, 0.73195595
0.63014364, 0.4809891
-0.00570664, 0.06936975, 0.02048779
-0.77355266, -0.14923552, -0.6158635
0.62994719, 0.48086661
-0.00570664, 0.07643858, 0.01651016
-0.78133488, -0.4552446, -0.42686239
0.62588406, 0.44914258
-0.00570664, 0.05351217, 0.01989984
-0.77523118, 0.19766839, -0.59993285
0.63248169, 0.55599809
-0.00570664, 0.05206539, 0.02244285
-0.64641255, -0.22586749, 0.728782
0.61673373, 0.55980179
-0.00570664, 0.06949195, 0.02246905
-0.65489668, 0.18787195, 0.73195595
0.61855656, 0.48211432
0.00497057, 0.03558292, 0.00764496
0.57313758, -0.18439284, -0.79842526
0.6249364, 0.65311497
-0.00570664, 0.03413611, 0.01018798
-0.58177435, -0.79244363, 0.1830195
0.62567538, 0.68260232
-0.00570664, 0.03558292, 0.00764496
-0.57313758, -0.18439284, -0.79842526
0.63558733, 0.6660929
-0.00570664, 0.0782809, 0.01762175
-0.64647359, 0.54863125, 0.53010648
0.62109667, 0.44648463
-0.00570669, 0.08062866, 0.01299604
-0.65746027, 0.7335124, 0.17215492
0.62225825, 0.43099278
-0.00570669, 0.0782148, 0.0128165
-0.7599414, -0.63325906, -0.14639729
0.62334949, 0.43495935
0.00497058, 0.07643858, 0.01651015
0.78133488, -0.4552446, -0.42686239
0.62167257, 0.44481713
0.00497057, 0.0782809, 0.01762174
0.6465041, 0.54863125, 0.53010648
0.62602729, 0.44037008
0.00497058, 0.08062866, 0.01299604
0.65746027, 0.7335124, 0.17215492
0.62369734, 0.40984011
0.00497057, 0.08044987, -0.00778249
0.58241522, 0.59630114, -0.55241555
0.61739337, 0.42417175
0.00497058, 0.0782148, 0.01281649
0.7599414, -0.63325906, -0.14639729
0.62427855, 0.42675996
0.00497057, 0.07834306, -0.00796204
0.57329023, -0.552324, -0.60515153
0.61848521, 0.42547858
-0.0057067, 0.07834306, -0.00796203
-0.57329023, -0.552324, -0.60515153
0.61996317, 0.42636883
-0.0057067, 0.08044982, -0.00778249
-0.58241522, 0.59630114, -0.55241555
0.61879349, 0.4265632
0.0086364, 0.10482758, -0.05144504
0.77636033, 0.0, 0.63023776
0.28032637, 0.1960513
0.0086364, 0.10482758, -0.06872591
0.77636033, 0.0, -0.63023776
0.1006025, 0.19605118
0.00610565, 0.1109373, -0.06872591
0.54896694, 0.54896694, -0.63023776
0.16841874, 0.19300985
-4.08e-06, 0.113468, -0.06872591
0.0, 0.77636033, -0.63023776
0.20619799, 0.19225889
-4.08e-06, 0.113468, -0.05144504
0.0, 0.77636033, 0.63023776
0.44680467, 0.20951968
-0.00611381, 0.1109373, -0.06872592
-0.54896694, 0.54896694, -0.63023776
0.20779194, 0.19550651
-0.0061138, 0.1109373, -0.05144503
-0.54896694, 0.54896694, 0.63023776
0.36555579, 0.20370644
-0.0086445, 0.10482758, -0.06872592
-0.77636033, 0.0, -0.63023776
0.18615592, 0.1935274
-0.0086445, 0.10482758, -0.05144503
-0.77636033, 0.0, 0.63023776
0.30756053, 0.20070082
-0.00611381, 0.09871788, -0.06872592
-0.54896694, -0.54896694, -0.63023776
0.14488965, 0.18802094
-0.0061138, 0.09871788, -0.05144503
-0.54896694, -0.54896694, 0.63023776
0.26481402, 0.20066464
-4.08e-06, 0.09618713, -0.06872592
0.0, -0.77636033, -0.63023776
0.0809592, 0.1898728
-4.08e-06, 0.09618713, -0.05144504
0.0, -0.77636033, 0.63023776
0.23929444, 0.20069027
0.00610565, 0.09871788, -0.06872592
0.54896694, -0.54896694, -0.63023776
0.00019875, 0.18356204
0.00610565, 0.09871788, -0.05144503
0.54896694, -0.54896694, 0.63023776
0.24324606, 0.20073873
0.00851235, 0.00935904, 0.06676965
0.57734919, -0.57734919, -0.57734919
0.07977892, 0.21578324
0.00851234, 0.00935903, 0.13356537
0.57734919, -0.57734919, 0.57734919
0.53374535, 0.21578324
-0.00814069, 0.00935903, 0.13356537
-0.57734919, -0.57734919, 0.57734919
0.5517242, 0.2249893
0.00851235, 0.03389715, 0.06676965
0.57734919, 0.57734919, -0.57734919
0.1232022, 0.23536217
0.00851236, 0.03389714, 0.13356537
0.57734919, 0.57734919, 0.57734919
0.57716858, 0.23536217
-0.0081407, 0.03389715, 0.06676965
-0.57734919, 0.57734919, -0.57734919
0.10522337, 0.22615594
-0.00814069, 0.03389715, 0.13356537
-0.57734919, 0.57734919, 0.57734919
0.65674871, 0.20991713
-0.0081407, 0.00935904, 0.06676965
-0.57734919, -0.57734919, -0.57734919
0.00019875, 0.24122804
0.0200985, -0.11168249, -0.02018599
0.74810022, -0.65315711, -0.11694693
0.80025464, 0.89728326
0.0200985, -0.11828528, -0.00213741
0.6749779, -0.73073518, -0.10196234
0.79407114, 0.91934319
0.00682336, -0.11828528, -0.00213741
0.0, -0.98660237, -0.16299936
0.78545499, 0.94567607
0.0200985, -0.09586814, -0.02012765
0.90450758, 0.30262154, -0.3003937
0.77012503, 0.82165422
0.02009851, -0.01220039, -0.0050719
0.60582292, 0.67705315, 0.4177984
0.84958148, 0.37120557
-0.00645176, -0.01220039, -0.01981913
0.0, 0.70839566, -0.70580155
0.83362144, 0.40512413
-0.01972685, -0.01220039, -0.01981913
-0.57753229, 0.57829523, -0.57615894
0.83213717, 0.41555053
-0.01972684, -0.01220039, -0.0050719
-0.60582292, 0.67705315, 0.4177984
0.83646792, 0.4095664
-0.01972686, -0.09586814, -0.02012765
-0.90450758, 0.30262154, -0.3003937
0.83213818, 0.84071742
-0.01972686, -0.11828528, -0.00213741
-0.67494738, -0.73073518, -0.10196234
0.78084797, 0.94930428
-0.00645176, -0.01220039, -0.0050719
-0.02941984, 0.89132357, 0.45237586
0.83779806, 0.39758211
-0.01972684, -0.0231852, 0.00043948
-0.72463149, 0.2006592, 0.65923035
0.8064447, 0.44446075
0.00682337, -0.01220039, -0.01981913
0.0, 0.70839566, -0.70580155
0.83977211, 0.38704008
0.02009851, -0.01220039, -0.01981913
0.57753229, 0.57829523, -0.57615894
0.84371096, 0.38687271
0.0200985, -0.101025, -0.00066101
0.93597215, 0.20151372, 0.28861356
0.84454983, 0.85715543
0.02009851, -0.02318521, 0.00043947
0.72463149, 0.2006592, 0.65923035
0.8790468, 0.4216243
0.00682337, -0.02318521, 0.00383589
0.14200263, 0.35605946, 0.92358166
0.85634917, 0.43010217
0.01864074, -0.10291548, 0.02978351
0.74040955, 0.64909816, 0.1744438
0.80330521, 0.85531266
0.01820511, -0.11754362, 0.02978348
0.71199685, -0.68599504, 0.14978485
0.7951951, 0.87358783
-0.01972686, -0.101025, -0.000661
-0.93597215, 0.20151372, 0.28861356
0.74198985, 0.86786079
0.00682336, -0.09586814, -0.02012765
0.0, 0.7096774, -0.70448929
0.79257768, 0.82758404
0.0200985, -0.09585464, -0.02380389
0.62749106, 0.71532333, -0.30744347
0.77416068, 0.83581664
-0.01972686, -0.11166888, -0.02386221
-0.62779623, -0.71343118, -0.31122777
0.79661298, 0.90585209
-0.01972686, -0.09585464, -0.02380389
-0.62749106, 0.71532333, -0.30744347
0.82621664, 0.85272984
-0.01972686, -0.10092427, -0.0285765
-0.63362527, 0.28894925, -0.71761221
0.8153913, 0.87124336
0.0200985, -0.11166888, -0.02386222
0.62779623, -0.71343118, -0.31122777
0.79251355, 0.8889747
-0.01972686, -0.11168249, -0.02018599
-0.74810022, -0.65315711, -0.11694693
0.787072, 0.91557918
-0.00645177, -0.11166888, -0.02386221
0.0, -0.91656238, -0.3998535
0.7942704, 0.90511216
0.0200985, -0.10092427, -0.02857651
0.63362527, 0.28894925, -0.71761221
0.78087068, 0.85608199
0.0200985, -0.10656409, -0.02863484
0.63219094, -0.28067872, -0.7221595
0.78509283, 0.87270305
0.00682336, -0.10656409, -0.02863484
0.0, -0.36228523, -0.93206578
0.79276323, 0.87722225
-0.01972686, -0.10656409, -0.02863483
-0.63219094, -0.28067872, -0.7221595
0.80803609, 0.88803935
-0.00645177, -0.10656409, -0.02863483
0.0, -0.36228523, -0.93206578
0.79954386, 0.8845579
0.00682336, -0.09585464, -0.02380389
0.0, 0.91869867, -0.39487898
0.79284024, 0.84118229
0.00732916, -0.11679332, 0.06208108
0.56596577, -0.75054169, 0.34107485
0.79259294, 0.86145002
0.00732915, -0.11022899, 0.07156926
0.61613816, -0.36622211, 0.6972869
0.79355115, 0.85900299
0.0025669, -0.11022899, 0.07156926
0.0, -0.46494949, 0.88531142
0.79424292, 0.85932902
-0.01826914, -0.10291547, 0.02978351
-0.74040955, 0.64909816, 0.1744438
0.78602284, 0.86204724
-0.01783352, -0.11754359, 0.02978351
-0.71199685, -0.68599504, 0.14978485
0.79072267, 0.88215969
-0.0069575, -0.11679332, 0.06208107
-0.56596577, -0.75054169, 0.34107485
0.79598588, 0.86317238
-0.00596583, -0.08890522, 0.02978352
-0.7662282, 0.48475599, 0.42173529
0.79781801, 0.81537187
-0.00527667, -0.102446, 0.02978351
-0.72692037, 0.68285167, 0.07248146
0.7892006, 0.84198001
-0.00299259, -0.10438424, 0.05670524
-0.08560442, 0.97595143, 0.20041505
0.79510981, 0.85421069
0.00732916, -0.10470693, 0.07157833
0.57502973, 0.590289, 0.56642354
0.79392612, 0.85863803
0.0025669, -0.10470693, 0.07157832
0.0, 0.72151858, 0.69234288
0.79437864, 0.85866284
0.00732916, -0.10503542, 0.06392429
0.68288219, 0.72103029, 0.11722159
0.79369712, 0.85788575
-0.00695749, -0.10503542, 0.06392431
-0.68288219, 0.72103029, 0.11722159
0.79547268, 0.8589475
-0.00695749, -0.11022899, 0.07156927
-0.61613816, -0.36622211, 0.6972869
0.79563922, 0.85976927
-0.0069575, -0.10470693, 0.07157832
-0.57502973, 0.590289, 0.56642354
0.79527497, 0.85924
-0.0021953, -0.10470693, 0.07157832
0.0, 0.72151858, 0.69234288
0.79487538, 0.85891107
-0.00497035, -0.10100256, 0.00527481
-0.68047118, 0.57469404, 0.45457318
0.75659001, 0.84551966
0.00619226, -0.11754359, 0.02978348
0.0, -0.99972534, 0.02322458
0.79232794, 0.88489818
-0.0058206, -0.11754359, 0.0297835
0.0, -0.99972534, 0.02322458
0.79057562, 0.88996391
-0.0021953, -0.11679332, 0.06208107
0.0, -0.9510178, 0.30906093
0.79455608, 0.86300765
0.0025669, -0.11679332, 0.06208107
0.0, -0.9510178, 0.30906093
0.79364556, 0.86213997
0.005342, -0.10100262, 0.0052748
0.68047118, 0.57469404, 0.45457318
0.83242601, 0.84093449
0.00564833, -0.102446, 0.02978351
0.72692037, 0.68285167, 0.07248146
0.80363119, 0.83731161
-0.00501219, -0.0666362, 0.01030644
-0.74513996, 0.25168616, 0.61757255
0.78828233, 0.709048
0.00633748, -0.08890522, 0.02978351
0.7662282, 0.48475599, 0.42173529
0.80009842, 0.81261985
0.0025669, -0.10503542, 0.06392431
0.0, 0.99969482, 0.02352977
0.79450613, 0.85704511
-0.00219529, -0.10503542, 0.06392431
0.0, 0.99969482, 0.02352977
0.79508877, 0.85757135
-0.0021953, -0.11022899, 0.07156927
0.0, -0.46494949, 0.88531142
0.79491472, 0.85961516
0.0033642, -0.10438424, 0.05670523
0.08560442, 0.97595143, 0.20041505
0.79549062, 0.85312082
-0.00645177, -0.11828528, -0.00213741
0.0, -0.98660237, -0.16299936
0.77815878, 0.99980125
-0.00645177, -0.09585464, -0.02380389
0.0, 0.91869867, -0.39487898
0.80843824, 0.84749329
-0.00645177, -0.10092427, -0.0285765
0.0, 0.37348551, -0.9276101
0.80371076, 0.86687116
0.00682336, -0.10092427, -0.02857651
0.0, 0.37348551, -0.9276101
0.79256761, 0.8604812
0.00682336, -0.11166888, -0.02386221
0.0, -0.91656238, -0.3998535
0.79278916, 0.89515064
0.00682336, -0.11168249, -0.02018599
0.0, -0.98431349, -0.17627491
0.79397053, 0.90953119
-0.00645177, -0.11168249, -0.02018598
0.0, -0.98431349, -0.17627491
0.79058385, 0.92355254
-0.00645177, -0.09586814, -0.02012765
0.0, 0.7096774, -0.70448929
0.81113505, 0.83406614
-0.00645176, -0.0231852, 0.00383589
-0.14200263, 0.35605946, 0.92358166
0.82879752, 0.44529861
0.00538385, -0.0666362, 0.01030644
0.74513996, 0.25171667, 0.61757255
0.83135331, 0.70933086
0.00682337, -0.01220039, -0.0050719
0.02941984, 0.89132357, 0.45237586
0.85311854, 0.33615404
0.0130712, -0.00624474, -0.00453076
0.72182381, -0.5246132, -0.45130771
0.45232096, 0.85636705
0.0130712, 0.00182201, 0.00589601
0.89205605, -0.39994508, 0.21036409
0.4528392, 0.94621333
0.00448092, -0.00411974, 0.00589601
0.27149266, -0.83391827, 0.4804529
0.49652356, 0.90646039
0.01307121, 0.03730044, -0.00431846
0.57759333, 0.57860041, -0.57579273
0.53321379, 0.81757344
0.01307121, 0.03730044, 0.00674516
0.70479447, 0.7093417, 0.00726341
0.53839904, 0.81034642
0.0130712, 0.00182201, 0.00589601
0.89205605, -0.39994508, 0.21036409
0.45925984, 0.80545425
-0.01269958, 0.03730044, -0.00431846
-0.57759333, 0.57860041, -0.57579273
0.54408318, 0.83079098
-0.01269957, 0.03730044, 0.00674516
-0.70479447, 0.7093417, 0.00726341
0.55071622, 0.8292716
-0.0041093, 0.03730044, 0.00674516
0.0, 0.99993896, 0.0102237
0.547795, 0.82248242
-0.01269958, -0.00624479, -0.00453075
-0.72182381, -0.5246132, -0.45130771
0.52077812, 0.86265726
-0.01269958, 0.00182201, 0.00589601
-0.89205605, -0.39994508, 0.21036409
0.53825819, 0.86993697
-0.01269958, 0.00563453, 0.01603323
-0.92678607, -0.37549973, 0.00289926
0.55772287, 0.87283567
0.00448092, 0.03730044, -0.00431846
-0.00012207, 0.70870084, -0.70549637
0.53662336, 0.82175109
-0.01269958, 0.00081801, 0.02954607
-0.87530136, -0.46110415, -0.14551225
0.58878821, 0.87763811
-0.01269957, 0.03650872, 0.0318812
-0.71321756, 0.70085758, 0.0089114
0.57399213, 0.82214727
0.01307121, 0.03707955, 0.01751924
0.70494705, 0.70891446, 0.02133244
0.54659975, 0.80215932
0.0130712, 0.00563452, 0.01603323
0.92678607, -0.37549973, 0.00289926
0.47547901, 0.76616789
-0.01269957, 0.03707956, 0.01751924
-0.70494705, 0.70891446, 0.02133244
0.55973971, 0.82660896
-0.0041093, 0.03707956, 0.01751924
0.0, 0.99954224, 0.03009125
0.55666411, 0.81829892
0.0130712, 0.00563452, 0.01603323
0.92678607, -0.37549973, 0.00289926
0.51237285, 0.99980118
0.00448092, -0.00030724, 0.01603323
0.31833857, -0.94790488, 0.00881985
0.53707743, 0.93983534
0.01307121, 0.03650871, 0.03188119
0.71321756, 0.70085758, 0.0089114
0.56229401, 0.7918122
0.01307121, 0.03669639, 0.04505127
0.70567948, 0.70848721, -0.00558489
0.58050269, 0.78613962
0.01307121, -0.00132944, 0.03762135
0.86980802, -0.48802149, -0.07226783
0.53342998, 0.68730423
-0.00410929, 0.03650871, 0.03188119
0.0, 0.99990845, 0.01272622
0.5708037, 0.81250724
0.0130712, 0.000818, 0.02954607
0.87530136, -0.46113467, -0.14551225
0.61722243, 0.99980125
-0.01269958, 0.03669639, 0.04505127
-0.70567948, 0.70848721, -0.00558489
0.58806336, 0.8171058
-0.01269957, -0.00132944, 0.03762135
-0.86980802, -0.48799098, -0.07226783
0.60451001, 0.87404667
-0.01269958, -0.00173511, 0.05665239
-0.83712274, -0.51371807, 0.18790247
0.62993169, 0.84698851
0.00448092, -0.00512374, 0.02954607
0.28595844, -0.91564685, -0.28241828
0.60736889, 0.93755136
0.01307121, -0.00132944, 0.03762135
0.86980802, -0.48802149, -0.07226783
0.67356026, 0.97144782
-0.00410929, 0.03669639, 0.04505127
0.0, 0.99993896, -0.00787378
0.58507442, 0.80775417
0.0130712, -0.00173511, 0.05665239
0.83712274, -0.51371807, 0.18790247
0.74159241, 0.85960069
0.01307121, 0.00910569, 0.07130022
0.68828392, -0.20908231, 0.6946013
0.6731593, 0.76385868
0.00448092, 0.00316393, 0.0713002
0.17661062, -0.49403363, 0.85128331
0.66636914, 0.80132096
-0.01269957, 0.0367153, 0.05728928
-0.70531327, 0.70885342, 0.00451674
0.59970337, 0.81232449
0.01307121, 0.0367153, 0.05728927
0.70531327, 0.70885342, 0.00451674
0.59703523, 0.78616841
0.0130712, -0.00173511, 0.05665239
0.83712274, -0.51371807, 0.18790247
0.63180268, 0.68299982
0.00448092, -0.00727119, 0.03762135
0.28977326, -0.94796592, -0.13174841
0.64000559, 0.91943235
0.01307121, 0.03651733, 0.07108792
0.57850885, 0.57484663, 0.57866144
0.60807586, 0.79015198
0.00448093, 0.03651733, 0.07108793
-0.00027467, 0.70445877, 0.70970792
0.60887045, 0.79572392
-0.01269958, 0.00910569, 0.07130022
-0.68828392, -0.20908231, 0.6946013
0.62765586, 0.81914267
-0.01269957, 0.03651734, 0.07108795
-0.57850885, 0.57484663, 0.57866144
0.60876715, 0.80863672
-0.00410929, 0.03651734, 0.07108793
0.00027467, 0.70445877, 0.70970792
0.6089921, 0.80260517
0.00448093, 0.0367153, 0.05728927
0.0, 0.99996948, 0.00637837
0.59647638, 0.79608944
-0.00410929, 0.0367153, 0.05728927
0.0, 0.99996948, 0.00637837
0.59753811, 0.80457021
-0.00410929, 0.00316393, 0.0713002
-0.17661062, -0.49403363, 0.85128331
0.64645147, 0.81571186
-0.0041093, -0.00727118, 0.03762135
-0.28977326, -0.94796592, -0.13174841
0.62073064, 0.89486735
-0.0041093, -0.00767686, 0.0566524
-0.27408674, -0.92019409, 0.27939695
0.65001822, 0.8559182
0.00448092, -0.00767686, 0.05665239
0.27408674, -0.92019409, 0.27939695
0.6758008, 0.86033405
0.00448093, 0.03669639, 0.04505127
0.0, 0.99993896, -0.00787378
0.58260369, 0.79774618
0.00448093, 0.03650871, 0.03188119
0.0, 0.99990845, 0.01272622
0.56703699, 0.8026492
-0.0041093, -0.00512374, 0.02954607
-0.28595844, -0.91564685, -0.28241828
0.59760284, 0.90490329
-0.0041093, -0.00030724, 0.01603323
-0.31833857, -0.94790488, 0.00881985
0.55073655, 0.90361279
0.00448093, 0.03707955, 0.01751924
0.0, 0.99954224, 0.03009125
0.55238098, 0.81022972
-0.0041093, -0.00411974, 0.00589601
-0.27149266, -0.83391827, 0.4804529
0.52073467, 0.88747289
0.00448093, 0.03730044, 0.00674516
0.0, 0.99993896, 0.0102237
0.54366928, 0.81617655
-0.00410929, 0.03730044, -0.00431846
0.00012207, 0.70870084, -0.70549637
0.54050994, 0.82676916
-0.0041093, -0.01218651, -0.00453076
-0.24762718, -0.88521987, -0.3937498
0.50753069, 0.86336322
0.00448092, -0.01218651, -0.00453076
0.24762718, -0.88521987, -0.3937498
0.4886879, 0.8646913
0.02133478, 0.18259779, -0.02241152
0.73012483, 0.66676837, 0.14932707
0.88918948, 0.1761772
0.01514042, 0.18259779, -0.00745694
0.54896694, 0.63023776, 0.54896694
0.88310474, 0.18344462
0.01514041, 0.07685293, -0.00745697
0.54896694, -0.63023776, 0.54896694
0.92250913, 0.99980125
0.00018578, 0.18259779, -0.00126255
0.0, 0.63023776, 0.77636033
0.8794443, 0.16967708
0.00018582, 0.07685293, -0.00126257
0.0, -0.63023776, 0.77636033
0.94241029, 0.92418829
-0.01476875, 0.18259779, -0.00745694
-0.54896694, 0.63023776, 0.54896694
0.88095838, 0.13578522
-0.01476876, 0.07685293, -0.00745696
-0.54896694, -0.63023776, 0.54896694
0.95077604, 0.86395168
-0.02096317, 0.18259779, -0.02241152
-0.73012483, 0.66676837, 0.14932707
0.88382113, 0.07949084
-0.02096319, 0.07685294, -0.02241156
-0.73012483, -0.66676837, 0.14932707
0.95746976, 0.82570152
-0.02112432, 0.18259779, -0.0373661
-0.6465041, 0.59300518, -0.47990355
0.91109502, 0.00019884
0.00018578, 0.18259779, -0.04356049
0.0, 0.6493423, -0.76049072
0.907592, 0.11053687
0.00018582, 0.07685294, -0.04356053
0.0, -0.6493423, -0.76049072
0.91678536, 0.81510216
0.02149593, 0.18259779, -0.03736611
0.6465041, 0.59300518, -0.47990355
0.88645673, 0.16246146
0.02133477, 0.07685293, -0.02241156
0.73012483, -0.66676837, 0.14932707
0.90049803, 0.91504097
0.02149592, 0.07685293, -0.03736615
0.6465041, -0.59300518, -0.47990355
0.88645673, 0.85542326
0.01227238, 0.20256296, -0.02891734
0.77636033, 0.63023776, 0.0
0.61633629, 0.62422556
0.00873228, 0.20256296, -0.02037084
0.54896694, 0.63023776, 0.54896694
0.55740267, 0.60773072
0.00873227, 0.17838986, -0.02037084
0.54896694, -0.63023776, 0.54896694
0.48786938, 0.66662577
0.00018578, 0.20256296, -0.01683076
0.0, 0.63023776, 0.77636033
0.53844047, 0.60730594
0.00018578, 0.17838986, -0.01683077
0.0, -0.63023776, 0.77636033
0.49353987, 0.65893206
-0.00836071, 0.20256296, -0.02037084
-0.54896694, 0.63023776, 0.54896694
0.52821535, 0.60539004
-0.01190077, 0.20256296, -0.02891734
-0.77636033, 0.63023776, 0.0
0.51910102, 0.59338754
-0.01190077, 0.17838986, -0.02891734
-0.77636033, -0.63023776, 0.0
0.46597683, 0.68260232
-0.00836071, 0.20256296, -0.03746382
-0.54896694, 0.63023776, -0.54896694
0.51655179, 0.56994405
0.00018578, 0.20256296, -0.04100392
0.0, 0.63023776, -0.77636033
0.51308405, 0.53955954
0.00018578, 0.17838986, -0.04100392
0.0, -0.63023776, -0.77636033
0.46795312, 0.62378487
0.00018578, 0.20256296, -0.03700919
0.0, 0.80416274, -0.59434795
0.54324806, 0.50878227
-0.00553602, 0.20256296, -0.03463915
-0.42027038, 0.80416274, -0.42027038
0.53302908, 0.55072665
-0.00553602, 0.25090915, -0.03463914
-0.54896694, 0.63023776, -0.54896694
0.57327032, 0.44848537
0.00873227, 0.20256296, -0.03746383
0.54896694, 0.63023776, -0.54896694
0.48929089, 0.51290938
0.01227238, 0.20256296, -0.02891734
0.77636033, 0.63023776, 0.0
0.45232096, 0.45868224
0.01227238, 0.17838986, -0.02891734
0.77636033, -0.63023776, 0.0
0.45232096, 0.66861457
0.00873227, 0.17838986, -0.03746383
0.54896694, -0.63023776, -0.54896694
0.45547155, 0.63104704
0.00827768, 0.20256296, -0.02891734
0.59434795, 0.80416274, 0.0
0.59072143, 0.58480254
0.00590758, 0.20256296, -0.02319554
0.42027038, 0.80416274, 0.42027038
0.55928391, 0.58265084
0.00018578, 0.20256296, -0.02082548
0.0, 0.80416274, 0.59434795
0.54362893, 0.59225747
-0.00553602, 0.20256296, -0.02319553
-0.42027038, 0.80416274, 0.42027038
0.53569961, 0.59063038
-0.00790607, 0.20256296, -0.02891734
-0.59434795, 0.80416274, 0.0
0.53189862, 0.57734567
0.00590758, 0.20256296, -0.03463915
0.42027038, 0.80416274, -0.42027038
0.51484799, 0.49322706
0.00827768, 0.20256296, -0.02891734
0.59434795, 0.80416274, 0.0
0.50209862, 0.4646914
0.00590759, 0.25090915, -0.02319553
0.54896694, 0.63023776, 0.54896694
0.53299254, 0.51179779
0.00590759, 0.25090915, -0.03463914
0.54896694, 0.63023776, -0.54896694
0.55156052, 0.52846104
0.00018579, 0.25090915, -0.03700918
0.0, 0.63023776, -0.77636033
0.54735613, 0.4958154
0.00827769, 0.25090915, -0.02891734
0.77636033, 0.63023776, 0.0
0.5497272, 0.52060819
-0.00790606, 0.25090915, -0.02891733
-0.77636033, 0.63023776, 0.0
0.56050879, 0.47631317
-0.00553602, 0.25090915, -0.02319553
-0.54896694, 0.63023776, 0.54896694
0.55319607, 0.50004593
0.00018579, 0.25090915, -0.02082547
0.0, 0.63023776, 0.77636033
0.55022377, 0.5202477
-0.01675019, -0.09548901, -0.01858054
-0.57734919, -0.57734919, 0.57734919
0.2262408, 0.90298765
-0.01675018, -0.05757611, -0.05441464
-0.90450758, 0.30149236, -0.30149236
0.15685013, 0.87964743
-0.01675019, -0.095489, -0.0544147
-0.70708334, -0.70708334, 0.0
0.21727823, 0.91026381
0.01712179, -0.01294745, -0.05441464
0.70754111, -0.00140385, -0.70662558
0.45192346, 0.81394435
0.01712181, 0.07828617, -0.0204147
0.90450758, 0.30149236, 0.30149236
0.32175478, 0.53429139
0.01712179, -0.01294746, -0.0185805
0.90450758, -0.30149236, 0.30149236
0.33023986, 0.75806935
-0.01675016, 0.07828617, -0.02041471
-0.90450758, 0.30149236, 0.30149236
0.20382062, 0.53098288
-0.01675016, 0.07828617, -0.0042683
-0.57753229, 0.57838678, 0.57606739
0.23371421, 0.57849726
0.01712181, 0.07828617, -0.0042683
0.57753229, 0.57838678, 0.57606739
0.29569197, 0.56863165
-0.01675018, -0.01294745, -0.05441464
-0.70754111, -0.00140385, -0.70662558
0.11054286, 0.77568957
-0.01675018, -0.01294745, -0.01858051
-0.90450758, -0.30149236, 0.30149236
0.21166182, 0.74577215
0.0171218, -0.01294746, -0.00390148
0.5771355, -0.57628101, 0.57860041
0.29230982, 0.70991969
0.0171218, 0.07828617, -0.05478149
0.70662558, -0.00140385, -0.70754111
0.00019875, 0.4947508
0.01712179, -0.01294745, -0.05441464
0.70754111, -0.00140385, -0.70662558
0.00019885, 0.8171083
-0.01675017, -0.01294748, -0.00390147
-0.5771355, -0.57628101, 0.57860041
0.24165703, 0.71549648
0.01712183, -0.09548901, -0.05441471
0.70708334, -0.70708334, 0.0
0.23072998, 0.99980125
0.01712184, -0.09548901, -0.01858054
0.57734919, -0.57734919, 0.57734919
0.24789414, 0.91049925
0.01712184, -0.05757616, -0.05441466
0.90450758, 0.30149236, -0.30149236
0.35633796, 0.92552157
0.01712184, -0.05757616, -0.05441466
0.90450758, 0.30149236, -0.30149236
0.10710984, 0.96996616
0.01712182, 0.17917024, -0.02041467
0.57734919, 0.57734919, 0.57734919
0.22710796, 0.32079464
0.01712181, 0.17917024, -0.05478144
0.70708334, 0.70708334, 0.0
0.19563621, 0.24162561
-0.01675021, 0.17917024, -0.05478144
-0.70708334, 0.70708334, 0.0
0.19454683, 0.32344955
-0.01675021, 0.17917024, -0.02041467
-0.57734919, 0.57734919, 0.57734919
0.20930161, 0.33730543
-0.01675022, 0.15042853, -0.05478145
-0.90450758, -0.30149236, -0.30149236
0.1483902, 0.34737492
0.01712181, 0.15042841, -0.05478145
0.90450758, -0.30149236, -0.30149236
0.31571212, 0.258623
-0.01675022, 0.15042853, -0.05991736
-0.62410355, -0.70998263, -0.32618183
0.15329705, 0.33508193
0.01712181, 0.15042853, -0.05991736
0.62410355, -0.70998263, -0.32621235
0.123036, 0.27905887
-0.01675019, -0.05757611, -0.05991744
-0.63917965, 0.72502822, -0.25641653
0.16250533, 0.89450083
-0.01675017, 0.07828619, -0.05478149
-0.70662558, -0.00140385, -0.70754111
0.10795934, 0.51820454
0.01712181, 0.15042841, -0.05478145
0.90450758, -0.30149236, -0.30149236
0.10442833, 0.26857239
-0.01675021, 0.17917024, -0.05991736
-0.62410355, 0.70998263, -0.32618183
0.18648781, 0.31830001
0.01712182, 0.17917024, -0.05991736
0.62410355, 0.70998263, -0.32618183
0.18124746, 0.25981587
0.01712181, 0.17404261, -0.06431956
0.68910795, 0.42539752, -0.58659625
0.16919518, 0.27273601
0.01712184, -0.05757616, -0.05991745
0.63917965, 0.72502822, -0.25641653
0.13205735, 0.96046754
0.01712183, -0.09548901, -0.05991745
0.63917965, -0.72502822, -0.25641653
0.21369551, 0.97834388
0.01712183, -0.09044646, -0.06615395
0.68800926, -0.52244633, -0.50361645
0.19698685, 0.96311302
-0.01675019, -0.095489, -0.05991744
-0.63917965, -0.72502822, -0.25641653
0.20928927, 0.91471536
0.01712184, -0.06261865, -0.06615394
0.68800926, 0.52244633, -0.50361645
0.15383668, 0.95275255
0.01712184, -0.06893552, -0.07165668
0.63600576, 0.27060762, -0.72264779
0.16855586, 0.94909243
-0.01675018, -0.06893551, -0.07165668
-0.63600576, 0.27060762, -0.72264779
0.17749189, 0.91561954
-0.01675018, -0.06261859, -0.06615394
-0.68800926, 0.52244633, -0.50361645
0.17060515, 0.90739181
-0.01675019, -0.09044645, -0.06615395
-0.68800926, -0.52244633, -0.50361645
0.19886647, 0.9182054
0.01712183, -0.08412959, -0.07165671
0.63600576, -0.27060762, -0.72264779
0.18697236, 0.95255726
-0.01675019, -0.08412959, -0.07165671
-0.63600576, -0.27060762, -0.72264779
0.18987425, 0.92075834
-0.01675022, 0.15555616, -0.06431956
-0.68910795, -0.42539752, -0.58659625
0.15938847, 0.32552248
-0.01675021, 0.16281052, -0.06872176
-0.65120393, -0.20438246, -0.73082674
0.16577591, 0.3174125
0.01712181, 0.16281052, -0.06872176
0.65120393, -0.20438246, -0.73082674
0.15338059, 0.28500015
-0.01675021, 0.17404261, -0.06431956
-0.68910795, 0.42539752, -0.58659625
0.17803855, 0.31651729
0.01712181, 0.15555616, -0.06431956
0.68910795, -0.42539752, -0.58659625
0.13980329, 0.28297412
-0.01675021, 0.16678825, -0.06872176
-0.65120393, 0.20438246, -0.73082674
0.16962866, 0.31606263
0.01712182, 0.16678825, -0.06872176
0.65120393, 0.20438246, -0.73082674
0.15806718, 0.28293818
0.00610565, 0.1109373, -0.05144503
0.54896694, 0.54896694, 0.63023776
0.35081536, 0.20129514
0.0130712, 0.000818, 0.02954607
0.87530136, -0.46113467, -0.14551225
0.50904596, 0.70915377
-0.02112434, 0.07685294, -0.03736614
-0.6465041, -0.59300518, -0.47990355
0.95649272, 0.80099344
-0.00836071, 0.17838986, -0.02037084
-0.54896694, -0.63023776, 0.54896694
0.48488021, 0.66419408
-0.00836072, 0.17838986, -0.03746383
-0.54896694, -0.63023776, -0.54896694
0.47056437, 0.64541563
0.0171218, 0.07828617, -0.05478149
0.70662558, -0.00140385, -0.70754111
0.4294275, 0.50241879
# Number of Faces:
516
# Face Data:
0, 1, 2
0, 3, 4
3, 5, 6
7, 8, 9
1, 4, 9
3, 0, 7
10, 2, 11
7, 0, 10
7, 12, 11
8, 11, 2
13, 14, 15
4, 3, 16
4, 17, 13
9, 13, 6
14, 18, 19
6, 15, 20
17, 16, 20
13, 17, 18
21, 22, 23
15, 14, 23
15, 22, 21
20, 21, 19
24, 25, 26
26, 27, 28
27, 29, 30
29, 31, 32
31, 33, 34
33, 35, 36
26, 37, 33
38, 37, 25
36, 35, 37
24, 28, 32
39, 40, 41
39, 42, 43
42, 44, 45
46, 41, 45
40, 43, 45
42, 39, 46
47, 48, 49
48, 50, 51
52, 53, 54
54, 55, 56
57, 54, 58
59, 60, 50
61, 62, 63
61, 64, 65
54, 56, 66
51, 62, 61
67, 50, 68
69, 70, 71
47, 72, 68
73, 69, 74
73, 55, 70
75, 76, 77
69, 78, 79
80, 68, 75
72, 76, 75
81, 82, 83
84, 85, 86
49, 48, 65
87, 88, 89
82, 90, 91
92, 90, 82
93, 86, 94
93, 95, 96
97, 88, 87
66, 56, 85
98, 65, 81
64, 92, 81
99, 100, 86
99, 98, 101
102, 103, 64
104, 87, 105
106, 91, 90
107, 96, 91
108, 96, 95
83, 91, 96
92, 109, 106
89, 107, 106
110, 99, 85
49, 98, 99
100, 108, 94
100, 101, 83
70, 111, 112
80, 113, 112
114, 77, 76
74, 79, 77
112, 79, 78
113, 77, 79
115, 114, 72
116, 74, 114
117, 111, 70
117, 67, 80
97, 104, 118
104, 119, 63
52, 117, 55
59, 67, 117
120, 63, 62
120, 57, 118
59, 120, 51
52, 57, 120
73, 116, 110
115, 49, 110
103, 105, 109
84, 93, 89
87, 89, 109
119, 102, 63
66, 97, 118
97, 66, 84
102, 119, 105
121, 122, 123
124, 125, 126
127, 128, 129
127, 130, 131
128, 131, 132
133, 124, 121
132, 134, 135
125, 136, 137
128, 138, 139
122, 140, 141
142, 143, 144
138, 135, 145
137, 136, 142
141, 140, 146
147, 148, 149
150, 146, 151
135, 134, 148
135, 147, 152
153, 154, 155
152, 147, 156
143, 157, 158
159, 151, 153
154, 160, 161
156, 149, 162
156, 163, 164
157, 160, 154
165, 161, 160
166, 164, 161
162, 167, 164
167, 155, 161
168, 169, 149
168, 159, 170
171, 165, 157
152, 166, 165
149, 169, 167
169, 170, 155
172, 171, 143
172, 145, 152
173, 168, 148
173, 150, 159
174, 173, 134
174, 141, 150
175, 172, 142
175, 139, 145
131, 176, 174
176, 123, 141
177, 175, 136
129, 139, 175
178, 179, 130
133, 180, 179
133, 177, 125
133, 178, 129
130, 179, 176
179, 180, 123
181, 182, 183
182, 184, 185
184, 186, 187
186, 188, 189
189, 188, 190
190, 191, 192
182, 181, 191
193, 181, 194
191, 193, 195
194, 185, 187
196, 197, 198
197, 199, 200
200, 199, 201
201, 202, 203
203, 202, 204
204, 205, 206
207, 208, 209
210, 211, 212
205, 210, 213
212, 198, 203
214, 215, 197
216, 199, 197
216, 217, 201
217, 218, 202
218, 208, 204
208, 207, 205
219, 210, 205
220, 211, 210
221, 222, 223
214, 224, 221
218, 225, 209
217, 226, 225
219, 222, 224
216, 227, 226
219, 207, 223
215, 221, 227
228, 229, 230
231, 232, 233
234, 235, 236
237, 238, 234
239, 236, 235
240, 241, 237
233, 239, 242
243, 244, 228
233, 238, 228
233, 244, 245
241, 246, 229
234, 232, 247
248, 249, 250
234, 250, 251
247, 252, 248
251, 253, 254
230, 229, 255
256, 251, 257
258, 259, 260
251, 249, 258
248, 257, 254
248, 259, 258
261, 262, 263
243, 262, 261
246, 261, 255
230, 264, 262
265, 266, 267
255, 268, 269
264, 269, 263
261, 265, 268
266, 270, 271
263, 270, 266
269, 268, 267
263, 269, 271
272, 273, 274
254, 253, 272
258, 275, 272
254, 276, 260
274, 273, 277
275, 277, 273
276, 274, 278
260, 278, 277
10, 0, 2
1, 0, 4
16, 3, 6
5, 7, 9
8, 1, 9
5, 3, 7
12, 10, 11
12, 7, 10
8, 7, 11
1, 8, 2
6, 13, 15
17, 4, 16
9, 4, 13
5, 9, 6
23, 14, 19
16, 6, 20
18, 17, 20
14, 13, 18
19, 21, 23
22, 15, 23
20, 15, 21
18, 20, 19
279, 24, 26
279, 26, 28
28, 27, 30
30, 29, 32
32, 31, 34
34, 33, 36
33, 27, 26
33, 31, 29
37, 35, 33
26, 25, 37
33, 29, 27
24, 38, 25
38, 36, 37
32, 38, 24
32, 34, 36
28, 30, 32
24, 279, 28
32, 36, 38
46, 39, 41
40, 39, 43
43, 42, 45
44, 46, 45
41, 40, 45
44, 42, 46
115, 47, 49
50, 48, 47
50, 60, 51
57, 52, 54
55, 54, 53
55, 73, 56
118, 57, 58
67, 59, 50
102, 61, 63
48, 61, 65
58, 54, 66
48, 51, 61
80, 67, 68
78, 69, 71
50, 47, 68
116, 73, 74
69, 73, 70
113, 75, 77
74, 69, 79
113, 80, 75
68, 72, 75
101, 81, 83
93, 84, 86
98, 49, 65
83, 82, 91
81, 92, 82
95, 93, 94
107, 93, 96
104, 97, 87
84, 66, 85
101, 98, 81
65, 64, 81
85, 99, 86
100, 99, 101
61, 102, 64
119, 104, 105
92, 106, 90
106, 107, 91
94, 108, 95
108, 83, 96
109, 92, 64
64, 103, 109
109, 89, 106
56, 110, 85
110, 49, 99
86, 100, 94
108, 100, 83
71, 70, 112
111, 80, 112
72, 114, 76
114, 74, 77
71, 112, 78
112, 113, 79
47, 115, 72
115, 116, 114
55, 117, 70
111, 117, 80
118, 104, 63
53, 52, 55
52, 59, 117
51, 120, 62
63, 120, 118
60, 59, 51
59, 52, 120
56, 73, 110
116, 115, 110
93, 107, 89
89, 88, 84
105, 87, 109
58, 66, 118
88, 97, 84
103, 102, 105
180, 121, 123
121, 124, 126
178, 127, 129
128, 127, 131
138, 128, 132
180, 133, 121
138, 132, 135
126, 125, 137
129, 128, 139
123, 122, 141
280, 142, 144
139, 138, 145
280, 137, 142
150, 141, 146
156, 147, 149
159, 150, 151
147, 135, 148
145, 135, 152
170, 153, 155
166, 152, 156
144, 143, 158
170, 159, 153
155, 154, 161
163, 156, 162
166, 156, 164
158, 157, 154
157, 165, 160
165, 166, 161
163, 162, 164
164, 167, 161
148, 168, 149
169, 168, 170
143, 171, 157
171, 152, 165
162, 149, 167
167, 169, 155
142, 172, 143
171, 172, 152
134, 173, 148
168, 173, 159
132, 174, 134
173, 174, 150
136, 175, 142
172, 175, 145
132, 131, 174
174, 176, 141
125, 177, 136
177, 129, 175
127, 178, 130
178, 133, 179
124, 133, 125
177, 133, 129
131, 130, 176
176, 179, 123
194, 181, 183
183, 182, 185
185, 184, 187
187, 186, 189
281, 189, 190
281, 190, 192
186, 184, 182
191, 188, 186
188, 191, 190
191, 181, 193
191, 186, 182
195, 193, 194
192, 191, 195
192, 195, 194
189, 281, 192
194, 187, 189
194, 183, 185
189, 192, 194
212, 196, 198
198, 197, 200
282, 200, 201
282, 201, 203
283, 203, 204
283, 204, 206
223, 207, 209
213, 210, 212
206, 205, 213
203, 213, 212
203, 283, 206
200, 282, 203
203, 198, 200
203, 206, 213
196, 214, 197
215, 216, 197
199, 216, 201
201, 217, 202
202, 218, 204
204, 208, 205
207, 219, 205
219, 220, 210
226, 227, 221
221, 225, 226
221, 223, 209
221, 224, 222
209, 225, 221
215, 214, 221
208, 218, 209
218, 217, 225
220, 219, 224
217, 216, 226
222, 219, 223
216, 215, 227
229, 228, 238
238, 237, 229
236, 239, 233
232, 231, 284
233, 232, 236
232, 234, 236
238, 235, 234
234, 256, 237
238, 242, 235
242, 239, 235
256, 240, 237
238, 233, 242
230, 243, 228
244, 233, 228
244, 243, 245
245, 231, 233
237, 241, 229
250, 234, 247
247, 248, 250
250, 249, 251
251, 256, 234
252, 247, 232
232, 284, 252
257, 251, 254
264, 230, 255
240, 256, 257
275, 258, 260
253, 251, 258
259, 248, 254
249, 248, 258
265, 261, 263
246, 243, 261
229, 246, 255
243, 230, 262
268, 265, 267
264, 255, 269
262, 264, 263
255, 261, 268
267, 266, 271
265, 263, 266
271, 269, 267
270, 263, 271
276, 272, 274
276, 254, 272
253, 258, 272
259, 254, 260
278, 274, 277
272, 275, 273
260, 276, 278
275, 260, 277
