# Project Zomboid Skinned Mesh
# File Version:
1.0
# Model Name:
Cube.004
# Vertex Stride Element Count:
3
# Vertex Stride Size (in bytes):
76
# Vertex Stride Data:
# (Int)    Offset
# (String) Type
0
VertexArray
12
NormalArray
24
TextureCoordArray
# Vertex Count:
537
# Vertex Buffer:
-0.00547478, 0.12668164, 0.00045727
-0.71477401, -0.69924009, 0.01205481
0.44004321, 0.59195659
0.0075369, 0.12667431, 0.00211781
0.68803978, -0.70003355, 0.19107638
0.43822011, 0.55803338
0.0051276, 0.12946329, 0.02100879
0.67973876, -0.70284128, 0.20963164
0.3899059, 0.56148574
0.00790051, 0.14571829, -0.00064735
0.71477401, 0.69924009, -0.01205481
0.4336158, 0.50785723
0.00549122, 0.14850725, 0.01824363
0.70961636, 0.70455033, -0.00137333
0.3835586, 0.51304856
-0.00511122, 0.14572561, -0.00230789
-0.68803978, 0.70003355, -0.19107638
0.44004321, 0.64244196
-0.00752049, 0.14851457, 0.0165831
-0.6857509, 0.70534378, -0.17944884
0.39042062, 0.64119396
0.00549122, 0.14850725, 0.01824363
0.70961636, 0.70455033, -0.00137333
0.3885842, 0.67483327
-0.00788409, 0.12947059, 0.01934826
-0.71138644, -0.70204777, 0.03210547
0.39158246, 0.59337869
0.0022494, 0.13403505, 0.0435822
0.67229223, -0.69585252, 0.25254068
0.33559388, 0.56654486
-0.0107623, 0.13404235, 0.04192168
-0.71495712, -0.69505906, 0.07550279
0.33858821, 0.59502983
0.00399322, 0.14983818, 0.02998757
0.7327494, 0.67976928, -0.03079318
0.35274121, 0.51841989
0.0005575, 0.15668227, 0.05693948
0.73995179, 0.6631062, -0.11273538
0.28038591, 0.53296116
-0.00901849, 0.1498455, 0.02832703
-0.70076603, 0.68059325, -0.21375164
0.3604556, 0.63921368
0.00399322, 0.14983818, 0.02998757
0.7327494, 0.67976928, -0.03079318
0.35744852, 0.67261747
-0.01352732, 0.140065, 0.06361446
-0.7197485, -0.68153936, 0.13211463
0.29564291, 0.59706959
-0.01567798, 0.1464929, 0.08049489
-0.72695088, -0.65764338, 0.19739372
0.27149487, 0.59833223
-0.01474464, 0.16338633, 0.07325566
-0.67897582, 0.63618886, -0.36631367
0.26442009, 0.61896208
-0.00051563, 0.14005767, 0.06527498
0.66273993, -0.6823023, 0.30854213
0.29116219, 0.57498741
-0.01245419, 0.1566896, 0.05527892
-0.68718529, 0.66393018, -0.29486984
0.29576233, 0.63200998
-0.00266629, 0.14648558, 0.08215543
0.65334022, -0.65843683, 0.37354654
0.26699463, 0.58601776
-0.00416263, 0.15240701, 0.0939066
0.47538683, -0.26313058, 0.83947265
0.2589342, 0.59360367
-0.0017329, 0.16337897, 0.07491621
0.74993134, 0.63539535, -0.18396558
0.24036399, 0.63822618
-0.0017329, 0.16337897, 0.07491621
0.74993134, 0.63539535, -0.18396558
0.23204316, 0.56030184
-0.00313489, 0.16900174, 0.08592661
0.5391705, 0.7739799, 0.33201087
0.22405183, 0.60227197
-0.01614659, 0.16900904, 0.08426608
-0.60441905, 0.77462083, 0.18607135
0.25562766, 0.6057505
-0.01717433, 0.15241435, 0.09224606
-0.67128515, -0.26248971, 0.69313639
0.26229569, 0.59963334
-0.00166912, 0.09507109, 0.01030915
0.67885375, -0.71147799, -0.18140203
0.08704166, 0.34266096
-0.00116151, 0.09540512, 0.00633285
0.7084567, -0.70503861, 0.03118992
0.09209231, 0.32984906
0.00274072, 0.09540293, 0.00683085
-0.69435716, -0.70424515, -0.14780115
0.08429642, 0.34840792
-0.00162908, 0.09106255, 0.00997754
0.70412302, 0.68276012, 0.1948912
0.09490792, 0.34481668
-0.00112145, 0.09139659, 0.00600122
0.69435716, 0.70424515, 0.14780115
0.1286076, 0.32984906
0.00227315, 0.09106036, 0.01047552
-0.72975862, 0.68358409, 0.01190222
0.08837061, 0.35068333
0.00278076, 0.09139439, 0.00649922
-0.7084567, 0.70503861, -0.03118992
0.10227381, 0.35586524
0.00223309, 0.09506889, 0.01080715
-0.6123234, -0.71074557, -0.34620196
0.08432905, 0.34908116
-0.00201255, 0.0903873, 0.01297924
0.67311627, 0.71315652, 0.19559313
0.0801799, 0.35130936
0.0018897, 0.0903851, 0.01347724
-0.69988096, 0.71395004, 0.02038636
0.0783346, 0.35286033
-0.00202361, 0.09302539, 0.01307758
0.78493607, -0.59617907, -0.16852321
0.08039772, 0.35009873
0.00187862, 0.0930232, 0.01357557
-0.71810055, -0.59535509, -0.36036256
0.07887921, 0.3519789
0.00122392, 0.0919278, 0.01870082
-0.76686913, -0.6382336, -0.06729332
0.05405163, 0.36225247
-0.00265862, 0.08996216, 0.01804002
0.67094946, 0.74147773, -0.00317392
0.05631952, 0.36115748
-0.00308288, 0.09107258, 0.02136929
0.71031833, 0.6545915, -0.25867489
0.04294336, 0.36759645
0.00081935, 0.09107038, 0.02186726
-0.62187564, 0.65532398, -0.4286935
0.04121844, 0.36897594
0.00124361, 0.08995996, 0.01853801
-0.64781642, 0.74221015, -0.17145298
0.05601097, 0.36273277
-0.00267831, 0.09193001, 0.01820282
0.7584765, -0.63908809, 0.12732323
0.05548514, 0.36267847
0.00080027, 0.09297822, 0.02202511
-0.76592302, -0.61564988, 0.18518631
0.03463117, 0.36959749
0.0003795, 0.0937414, 0.02532566
-0.5294351, 0.35969114, -0.76827294
0.01545113, 0.3811928
-0.00310196, 0.09298041, 0.02152711
0.69417399, -0.61647391, 0.37153232
0.03940509, 0.37049526
-0.00352274, 0.09374359, 0.02482766
0.70583206, 0.35901976, -0.61064488
0.02520718, 0.37592691
-0.00352822, 0.09505618, 0.02487633
0.60090947, -0.72008425, -0.34690389
0.02311119, 0.38042641
0.00037401, 0.09505398, 0.02537433
-0.49528489, -0.71947384, -0.48683125
0.0002205, 0.38661873
0.0008497, 0.08740072, 0.02675872
0.83153784, 0.20667134, -0.51551867
0.71223849, 0.64398515
0.00052658, 0.08631809, 0.02928581
0.56260872, -0.23041475, 0.79393899
0.71781045, 0.6467531
0.00104436, 0.07949557, 0.02519846
0.60100102, 0.00759911, 0.7991882
0.71515346, 0.67776921
0.0006462, 0.10335292, 0.02842377
0.87011319, -0.17004913, -0.46253854
0.71143693, 0.52720788
0.0003605, 0.10403501, 0.03066516
0.54063541, 0.19605091, 0.81807917
0.71751225, 0.52566686
-0.00455077, 0.10335584, 0.02776055
-0.72621846, -0.16916409, -0.66628009
0.71868885, 0.52713606
-0.00425197, 0.10623435, 0.02543193
-0.70302439, -0.51069671, -0.49488816
0.71797061, 0.5114727
0.00094499, 0.10623143, 0.02609516
0.80422378, -0.51152074, -0.30252999
0.71212447, 0.51162961
-0.00434727, 0.08740364, 0.0260955
-0.67519152, 0.20752586, -0.70781577
0.71868885, 0.64361304
-0.00467036, 0.08632101, 0.02862258
-0.74422437, -0.2296823, 0.62715536
0.71337426, 0.64636138
0.00252919, 0.11220404, 0.01370782
0.53617972, -0.80550551, 0.25217444
0.71279019, 0.4287405
0.00245788, 0.11459323, 0.0142774
0.41969055, 0.43488875, 0.79665518
0.71583968, 0.42534727
0.00073306, 0.10835406, 0.02776506
0.58415478, 0.57863092, 0.56910914
0.71697038, 0.51180047
-0.00446389, 0.10835698, 0.02710184
-0.70772421, 0.57936341, 0.40424818
0.71290052, 0.51165807
-0.00483646, 0.10403795, 0.03000192
-0.72856838, 0.19675283, 0.65608692
0.71258461, 0.52565452
-0.00273912, 0.11459615, 0.01361418
-0.60582292, 0.43549913, 0.66579181
0.71465969, 0.42076629
-0.00589997, 0.11922238, 0.01008505
-0.65141761, 0.72307503, -0.22974333
0.71458983, 0.39523423
-0.00583411, 0.1118705, 0.00953657
-0.71172214, -0.55983156, -0.42423779
0.71320206, 0.41306722
-0.00266779, 0.11220697, 0.01304459
-0.58323926, -0.80489516, 0.10934782
0.71726382, 0.42603028
0.00647471, 0.11186358, 0.01110742
0.79482406, -0.56068605, -0.23197119
0.71590173, 0.42461431
0.00640887, 0.11921547, 0.01165589
0.68904692, 0.72231209, -0.05868709
0.71577674, 0.42171115
-0.00382948, 0.08058111, 0.02200819
-0.57072663, 0.60151982, -0.55891597
0.716344, 0.67231992
0.00136748, 0.08057819, 0.02267142
0.69347209, 0.60081792, -0.39759514
0.71471643, 0.67448047
0.00359442, 0.0776157, 0.01988617
0.75463116, -0.05478073, -0.65382856
0.7168346, 0.68375275
-0.00415258, 0.07949849, 0.02453524
-0.78246409, 0.00836207, 0.62260813
0.71573383, 0.6736773
0.00284991, 0.07460272, 0.02570693
0.5831477, -0.61763358, 0.5276345
0.7156868, 0.69880044
-0.00603338, 0.07460772, 0.02457326
-0.69765311, -0.61693168, 0.36417738
0.71529078, 0.67892551
-0.00528881, 0.0776207, 0.01875249
-0.56627095, -0.05404828, -0.82241279
0.71564108, 0.6764299
0.00275264, 0.04368753, 0.02766505
0.646321, -0.63801998, -0.41853085
0.28146794, 0.47307754
0.00156287, 0.0363096, 0.03695564
0.64375746, -0.65343183, -0.39823604
0.25745651, 0.46900254
-0.00334685, 0.03631235, 0.03632906
0.07415998, -0.8077029, -0.58485669
0.25352779, 0.47977543
0.00624433, 0.05534191, 0.03422465
0.99304175, -0.00268563, 0.11758782
0.28919423, 0.44452071
0.00123008, 0.06700099, 0.03969873
0.52949613, 0.70308542, 0.47462386
0.29519942, 0.41740745
-0.00041668, 0.05962302, 0.05256991
0.64268929, 0.76543474, 0.03228858
0.26149875, 0.41044396
-0.00858937, 0.06700651, 0.0384456
-0.63093966, 0.70372629, 0.32651752
0.44991618, 0.47800767
-0.01023613, 0.05962855, 0.05131676
-0.62935269, 0.76613665, -0.13003936
0.41649866, 0.46981031
-0.00532639, 0.05962578, 0.05194334
-0.00265511, 0.99966431, 0.0253914
0.41573435, 0.48164737
-0.00706677, 0.04369313, 0.02641191
-0.52119511, -0.63734853, -0.56752223
0.4618324, 0.4220522
-0.00825657, 0.03631511, 0.03570249
-0.52381968, -0.65276039, -0.5472579
0.43838602, 0.41535568
-0.01349933, 0.04797425, 0.04296688
-0.98937958, -0.08996856, -0.11401715
0.42984882, 0.44314015
-0.01361264, 0.04814262, 0.04385548
-0.99124122, 0.01205481, -0.1314127
0.42824599, 0.44374329
-0.00831736, 0.03599181, 0.03617744
-0.53663749, -0.66551715, -0.51872313
0.43721512, 0.4151457
-0.00837815, 0.03566855, 0.03665242
-0.54203928, -0.65993226, -0.52021849
0.43605649, 0.4149496
-0.00129451, 0.07745288, 0.02042882
-0.05859554, 0.88436538, 0.46305734
0.34193987, 0.41506916
0.00361519, 0.07745011, 0.0210554
0.51689202, 0.72487563, 0.45533615
0.33996511, 0.4254455
0.00435354, 0.08052132, 0.01528327
0.51853997, 0.71904659, 0.46263009
0.3535209, 0.42809153
-0.00426245, 0.05913071, 0.00450602
-0.56532484, -0.81093782, -0.15076144
0.52120388, 0.4396385
-0.0038987, 0.05939258, 0.00165687
-0.64104128, -0.76335949, 0.07940916
0.52842832, 0.43934757
0.00101096, 0.05938982, 0.00228344
-0.02395703, -0.982696, 0.18356884
0.5271107, 0.42788488
-0.00525161, 0.05496999, 0.01223825
-0.50190741, -0.64558858, -0.57557911
0.49918798, 0.43537611
-0.00462623, 0.05886887, 0.00735516
-0.58754236, -0.71913815, -0.37092197
0.51397306, 0.4394474
0.00028347, 0.05886611, 0.00798173
0.04647969, -0.92852563, -0.36832789
0.51505566, 0.42802155
-0.00620425, 0.07745565, 0.01980225
-0.6138798, 0.7255165, 0.31101412
0.49339986, 0.49032372
-0.0054659, 0.08052685, 0.01403013
-0.61729789, 0.71968746, 0.31766716
0.50649905, 0.49402142
-0.00929902, 0.06970025, 0.01014988
-0.99307227, 0.02111881, -0.11554307
0.50980598, 0.4685725
0.00834451, 0.06620488, 0.01781616
0.99304175, -0.00436415, 0.11749626
0.33121717, 0.45102745
0.00456784, 0.05496445, 0.0134914
0.62965786, -0.64622945, -0.43116552
0.32052398, 0.4773978
0.00519319, 0.05886334, 0.0086083
0.66106141, -0.71984011, -0.21158482
0.33557177, 0.47996992
0.00591572, 0.08296287, 0.00305295
0.5935545, 0.79235208, -0.14087343
0.37686396, 0.43778402
0.00661302, 0.08148265, -0.00241743
0.64592427, 0.75304425, -0.12521744
0.38586181, 0.44551355
0.00170332, 0.08148541, -0.00304399
0.03332621, 0.96578872, -0.2570574
0.39257032, 0.43721902
-0.00503341, 0.08248769, 0.01065014
-0.62230295, 0.71031833, 0.32889798
0.514045, 0.49620843
-0.00460099, 0.08444857, 0.00727019
-0.53456223, 0.8438673, 0.04577776
0.52118236, 0.49789816
-0.00850284, 0.07192297, 0.00392078
-0.98834193, 0.06967375, -0.13513596
0.5239588, 0.4713341
-0.00012372, 0.08248493, 0.01127671
-0.0626545, 0.86672568, 0.4947966
0.36430266, 0.41961044
0.00478602, 0.08248217, 0.01190329
0.52052367, 0.70964688, 0.47474593
0.36136198, 0.42974478
0.00521844, 0.08444305, 0.00852334
0.50685143, 0.84328747, 0.17868587
0.36841214, 0.43137664
0.00555696, 0.0591252, 0.00575917
0.5841853, -0.81157875, -0.00405896
0.34195435, 0.48335475
0.00592071, 0.05938706, 0.00291002
0.59968871, -0.76406139, 0.23776971
0.34831932, 0.48678571
0.00982255, 0.07191267, 0.00625945
0.99069184, 0.06854457, 0.11737419
0.35889199, 0.45633054
0.00637361, 0.05759568, -0.0006466
0.51200902, -0.74068421, 0.43494979
0.35487959, 0.49386251
0.00682648, 0.05580432, -0.00420323
0.39909056, -0.79744864, 0.45246741
0.36077335, 0.50040713
0.01097275, 0.06864107, -0.00276757
0.9821772, -0.09277627, 0.16327402
0.37295285, 0.47232014
0.00146385, 0.05759845, -0.00127317
-0.05706961, -0.89452803, 0.44328135
0.53466994, 0.42625141
-0.00344585, 0.05760122, -0.00189974
-0.60567033, -0.74004334, 0.29230627
0.53749174, 0.43617326
-0.00299294, 0.05580985, -0.00545638
-0.50083923, -0.79696035, 0.33762628
0.54562527, 0.433209
-0.00792773, 0.07028721, -0.00059274
-0.99279761, -0.00683615, -0.11941893
0.53359193, 0.46728849
-0.00390373, 0.08296841, 0.0017998
-0.53825498, 0.79296243, -0.28531754
0.53149283, 0.4959076
-0.0032064, 0.08148817, -0.00367057
-0.59294415, 0.75371563, -0.28333384
0.54332709, 0.49317813
-0.00090581, 0.06008914, 0.05640462
0.54283273, 0.65572071, 0.52467424
0.25542387, 0.40703213
-0.0010633, 0.05923515, 0.05763487
0.37504196, 0.19165623, 0.90694904
0.25273073, 0.40733749
0.00428449, 0.04659271, 0.04954315
0.68462175, -0.36976227, 0.62810147
0.25365308, 0.43672502
-0.00058251, 0.06028311, 0.05387218
0.5442366, 0.77452928, -0.32227546
0.2596398, 0.4084208
-0.00074833, 0.06094312, 0.0551745
0.50379956, 0.85207677, 0.14175847
0.25796089, 0.40691614
0.00459944, 0.04830069, 0.04708281
0.98959321, 0.09628589, 0.10663167
0.25954324, 0.43706858
-0.00549225, 0.06028588, 0.05324562
0.05734428, 0.89342934, -0.4455092
0.41272151, 0.48158062
-0.01040197, 0.06028863, 0.05261905
-0.44502091, 0.77507859, -0.44850001
0.41385272, 0.47087461
-0.01056776, 0.06094864, 0.05392136
-0.52232426, 0.85265666, 0.01080355
0.41163179, 0.4715457
0.00150204, 0.0359863, 0.03743058
0.64897609, -0.66618854, -0.36741233
0.25627932, 0.46868241
0.00144127, 0.03566303, 0.03790557
0.6545915, -0.66057312, -0.3675344
0.25511754, 0.46834511
-0.00346847, 0.0356658, 0.037279
0.07083346, -0.82622761, -0.55882442
0.25095239, 0.47884363
-0.0048782, 0.04659786, 0.04837384
-0.10455641, -0.56712544, 0.81694996
0.22405183, 0.43371707
0.00128378, 0.03480905, 0.03913575
0.65648365, -0.6563921, -0.3716239
0.25224751, 0.46736771
0.00112634, 0.03395507, 0.0403659
0.46656698, -0.86483353, 0.18524735
0.24937044, 0.4662804
-0.0037834, 0.03395782, 0.03973936
-0.02349925, -0.9833979, 0.17981505
0.24355201, 0.47585279
-0.01388341, 0.047457, 0.04597432
-0.99194312, 0.00054933, -0.12659077
0.42382717, 0.44316864
-0.00853561, 0.03481456, 0.03788262
-0.54283273, -0.65572071, -0.52470475
0.43318051, 0.41453898
-0.00869312, 0.03396058, 0.03911278
-0.4990997, -0.86431473, 0.06198309
0.43038195, 0.41432303
-0.00581555, 0.06009191, 0.05577808
-0.07132176, 0.82360303, 0.56260872
0.40424052, 0.47996229
-0.01072526, 0.06009467, 0.05515149
-0.65648365, 0.6563921, 0.3716239
0.40937114, 0.47023487
-0.01088271, 0.05924067, 0.05638173
-0.59059417, 0.19217506, 0.78371531
0.40694711, 0.4688614
-0.00581555, 0.06009191, 0.05577808
-0.07132176, 0.82360303, 0.56260872
0.25501478, 0.39669096
-0.00597301, 0.05923791, 0.05700829
-0.12436292, 0.1813715, 0.97549361
0.25085631, 0.39669096
-0.00565808, 0.06094589, 0.05454793
-0.00811792, 0.99761957, 0.06805628
0.25887614, 0.39703864
-0.0140409, 0.04660302, 0.0472045
-0.82085633, -0.36890775, 0.43598741
0.42080009, 0.44193333
-0.01372595, 0.048311, 0.04474414
-0.98455763, 0.09741508, -0.14526811
0.42656147, 0.44434565
-0.00362593, 0.03481181, 0.03850918
0.07132176, -0.82360303, -0.56260872
0.43318528, 0.40383971
-0.0037834, 0.03395782, 0.03973936
-0.02349925, -0.9833979, 0.17981505
0.42936066, 0.40373844
-0.00346847, 0.0356658, 0.037279
0.07083346, -0.82622761, -0.55882442
0.43684077, 0.40412134
-0.00362593, 0.03481181, 0.03850918
0.07132176, -0.82360303, -0.56260872
0.24727033, 0.47753239
-0.0048782, 0.04659786, 0.04837384
-0.10455641, -0.56712544, 0.81694996
0.39301133, 0.43162334
-0.00597301, 0.05923791, 0.05700829
-0.12436292, 0.1813715, 0.97549361
0.40004185, 0.47750229
-0.00340766, 0.03598906, 0.03680401
0.07034516, -0.82879114, -0.55507064
0.43815354, 0.40425503
-0.00334685, 0.03631235, 0.03632906
0.07415998, -0.8077029, -0.58485669
0.43947285, 0.40439779
-0.00549225, 0.06028588, 0.05324562
0.05734428, 0.89342934, -0.4455092
0.26276803, 0.39814943
-0.00532639, 0.05962578, 0.05194334
-0.00265511, 0.99966431, 0.0253914
0.26598433, 0.39944476
0.00471274, 0.04813231, 0.04619415
0.99249244, 0.01092563, 0.12173834
0.26080406, 0.43836319
0.00482608, 0.04796393, 0.04530553
0.98620564, -0.09109775, 0.13812678
0.26199073, 0.43961751
0.00444195, 0.04744671, 0.04831298
0.99194312, -0.00054933, 0.12659077
0.25656667, 0.43689716
-0.00735265, 0.06865138, -0.00510622
-0.99182105, -0.09167761, -0.08859523
0.54370189, 0.46341163
0.00146385, 0.05759845, -0.00127317
-0.05706961, -0.89452803, 0.44328135
0.34762073, 0.50149772
0.00191676, 0.05580708, -0.00482981
-0.05706961, -0.89452803, 0.44328135
0.35342655, 0.50741622
0.00101096, 0.05938982, 0.00228344
-0.02395703, -0.982696, 0.18356884
0.34153926, 0.4963482
0.01039766, 0.07027686, 0.00174594
0.9909665, -0.00793481, 0.13373211
0.36565411, 0.46428055
0.00942447, 0.07080129, 0.009374
0.99111909, -0.00207526, 0.13287759
0.35184202, 0.45443028
0.00902633, 0.06968994, 0.01248854
0.99026459, 0.01998962, 0.13754693
0.34498361, 0.45239252
-0.00012372, 0.08248493, 0.01127671
-0.0626545, 0.86672568, 0.4947966
0.51204705, 0.50597757
0.00030874, 0.08444581, 0.00789677
-0.01583911, 0.99154639, 0.12863551
0.5202927, 0.50741622
-0.00055618, 0.08052409, 0.0146567
-0.06060976, 0.87569809, 0.47898799
0.50390613, 0.50405931
-0.00890092, 0.07081161, 0.00703533
-0.99273658, -0.00094607, -0.12027345
0.51682591, 0.46984524
0.00100602, 0.08296563, 0.00242637
0.03332621, 0.96578872, -0.2570574
0.53315109, 0.50664234
0.00170332, 0.08148541, -0.00304399
0.03332621, 0.96578872, -0.2570574
0.54562521, 0.50399122
0.00030874, 0.08444581, 0.00789677
-0.01583911, 0.99154639, 0.12863551
0.37280363, 0.42281723
0.00287682, 0.07437896, 0.0268275
0.51915038, 0.71684927, 0.46534622
0.32633871, 0.42287314
0.00766261, 0.06271985, 0.02314375
0.99301124, -0.00311289, 0.11783197
0.31735122, 0.44913477
0.00394248, 0.05106551, 0.01837449
0.63646352, -0.64378798, -0.4247261
0.30684441, 0.47572172
-0.00998087, 0.06621519, 0.01547749
-0.99072236, -0.00323496, -0.13565478
0.49694899, 0.46365899
-0.01066277, 0.06273018, 0.02080508
-0.99078339, -0.0019837, -0.13528855
0.48370045, 0.45921826
-0.00694263, 0.07438449, 0.02557435
-0.61857969, 0.71749014, 0.32013917
0.48017192, 0.48661709
-0.00034188, 0.05496722, 0.01286483
0.0781579, -0.78389841, -0.61589402
0.31868353, 0.48782748
0.00028347, 0.05886611, 0.00798173
0.04647969, -0.92852563, -0.36832789
0.33131093, 0.49092495
-0.00096724, 0.05106828, 0.01774791
0.07800531, -0.78472245, -0.61488694
0.30562949, 0.48616892
-0.00587698, 0.05107104, 0.01712134
-0.51011688, -0.64314705, -0.57106233
0.48598036, 0.43073368
-0.00034188, 0.05496722, 0.01286483
0.0781579, -0.78389841, -0.61589402
0.50222903, 0.42487806
0.00064727, 0.05912797, 0.00513259
0.01092563, -0.99584949, -0.09012116
0.33664247, 0.49325842
-0.00129451, 0.07745288, 0.02042882
-0.05859554, 0.88436538, 0.46305734
0.49060425, 0.50030634
-0.00203289, 0.07438172, 0.02620093
-0.06033509, 0.87694937, 0.47676015
0.47738615, 0.49658698
-0.01208102, 0.05535222, 0.03188599
-0.99075288, -0.00155644, -0.13556322
0.45634407, 0.45089799
-0.00367964, 0.06700376, 0.03907217
-0.06207465, 0.86928922, 0.49034089
0.29734743, 0.40695506
-0.00203289, 0.07438172, 0.02620093
-0.06033509, 0.87694937, 0.47676015
0.32821396, 0.41258842
-0.00215706, 0.04369029, 0.02703847
0.07788324, -0.78554642, -0.61384928
0.46517867, 0.41175413
-0.00096724, 0.05106828, 0.01774791
0.07800531, -0.78472245, -0.61488694
0.48950252, 0.42057598
0.01423688, 0.07431336, -0.05448203
0.84923857, 0.27903074, -0.44822535
0.44464722, 0.63199046
0.01228891, 0.0774538, -0.0531286
0.54466385, 0.80587178, -0.23206274
0.44048423, 0.63964468
0.01116232, 0.07295903, -0.0443206
0.40180668, 0.23590808, 0.88479263
0.45055035, 0.63274515
0.00798496, 0.07875659, -0.05301431
0.0290231, 0.97430342, -0.22327341
0.45152929, 0.58378035
0.00685836, 0.07426184, -0.04420629
-0.11603137, 0.39539781, 0.91113007
0.45142582, 0.63329381
0.00384624, 0.07745854, -0.05420604
-0.46803185, 0.80645162, -0.36130863
0.45941108, 0.63855588
0.00271958, 0.07296378, -0.04539805
-0.61088902, 0.23648793, 0.75554675
0.45234865, 0.63280162
0.00229714, 0.07432007, -0.05600575
-0.70912808, 0.27991578, -0.64708394
0.45819765, 0.63257855
0.00117053, 0.06982533, -0.04719774
-0.84923857, -0.27903074, 0.44819483
0.45270485, 0.632103
0.00424507, 0.07117958, -0.05735919
-0.40180668, -0.23593859, -0.88479263
0.46268544, 0.62468377
0.00854901, 0.06987685, -0.0574735
0.11603137, -0.39539781, -0.91113007
0.45152926, 0.67666256
0.00742245, 0.06538205, -0.04866549
-0.0290231, -0.97430342, 0.22327341
0.45152912, 0.63105831
0.01268777, 0.07117481, -0.05628174
0.61088902, -0.23648793, -0.75554675
0.44305953, 0.62553874
0.01311025, 0.0698186, -0.04567399
0.70912808, -0.27988526, 0.64708394
0.45025444, 0.63201731
0.01467384, 0.05929273, -0.04645557
0.7084567, -0.70503861, 0.03118992
0.49050194, 0.52653167
0.01397259, 0.05883128, -0.04096258
0.50556964, -0.62361521, 0.59620959
0.48164937, 0.52495095
-0.00080762, 0.05883961, -0.04284881
-0.63979006, -0.62297434, 0.45002595
0.47052068, 0.52454132
0.01449616, 0.07707047, -0.04498483
0.64467299, 0.69255656, -0.32358775
0.47052857, 0.51388633
0.01379488, 0.07660902, -0.03949184
0.49406415, 0.52708519, 0.69139683
0.47266904, 0.51530719
-0.00028406, 0.07707878, -0.04687107
-0.54197818, 0.69322795, -0.47502059
0.46240592, 0.50785723
-0.00098533, 0.07661734, -0.04137808
-0.65129548, 0.52772605, 0.54521316
0.46481979, 0.51183906
-0.00010637, 0.05930105, -0.04834179
-0.69435716, -0.70424515, -0.14780115
0.4664084, 0.53109229
0.014959, 0.06912644, -0.04864675
0.88665426, 0.43928343, -0.14441359
0.48180568, 0.51288146
0.00017884, 0.06913476, -0.05053299
-0.82146674, 0.44022951, -0.3624073
0.46664327, 0.51514328
0.00028777, 0.05956035, -0.05142864
-0.58455151, -0.6933195, -0.42139959
0.45997852, 0.54001033
0.00089582, 0.06486788, -0.05617011
-0.53172398, -0.25583667, -0.80730611
0.57875109, 0.53526571
0.01567602, 0.06485955, -0.05428385
0.71715444, -0.2565386, -0.64793849
0.44048423, 0.53526571
0.01506793, 0.05955204, -0.04954241
0.67088836, -0.6940214, -0.26114687
0.49663875, 0.52911612
0.01564209, 0.06957591, -0.05399726
0.63957638, 0.61772513, -0.45747244
0.48138785, 0.50838405
0.00086189, 0.06958423, -0.05588351
-0.5035249, 0.61836606, -0.60335094
0.46646819, 0.51030287
0.01352142, 0.02853201, -0.02065264
0.86101872, -0.23972289, 0.44850001
0.13821451, 0.64182314
0.01912944, 0.03741359, -0.02797088
0.9798578, -0.19370098, 0.04794458
0.14064527, 0.62152642
0.01429866, 0.03255831, -0.01976724
0.84591204, -0.23191015, 0.48023927
0.1339528, 0.63633505
0.00827979, 0.01802315, -0.01304754
0.72771388, 0.02130192, 0.68550676
0.1259468, 0.66829824
0.00912202, 0.02783205, -0.0127233
0.67784661, -0.10455641, 0.72771388
0.12428167, 0.64823151
0.00257077, 0.0275492, -0.01009582
-0.12164678, -0.28058717, 0.95205539
0.1115915, 0.65007925
0.00204962, 0.04935965, -0.005916
-0.10843226, 0.51194799, 0.85210729
0.11106615, 0.62937772
-0.00510788, 0.04996107, -0.01405048
-0.56196785, 0.62926114, 0.53682059
0.10569151, 0.6256724
-0.00347909, 0.03192346, -0.01424115
-0.83767205, -0.12350841, 0.53196812
0.09928465, 0.6423021
-0.01066091, 0.05047815, -0.01945636
-0.82720423, -0.00039674, 0.56184578
0.10153603, 0.62259731
-0.00705667, 0.03257033, -0.02249258
-0.94399852, -0.2026429, 0.2603229
0.08825338, 0.63682526
-0.0089569, 0.0374294, -0.03155526
-0.95818967, -0.17877743, -0.22330393
0.0813999, 0.62261492
0.0003501, 0.03888589, -0.0480362
-0.56212044, -0.17877743, -0.80748922
0.0732673, 0.58825597
-0.00144522, 0.02122315, -0.03926449
-0.58522296, -0.26258126, -0.76714379
0.03711214, 0.63423276
0.00769569, 0.03913851, -0.05020249
0.12405774, -0.19449446, -0.97302163
0.07187091, 0.56688097
0.00653716, 0.02146326, -0.04120245
0.11661123, -0.38508254, -0.91546375
0.01294242, 0.61562398
0.0110214, 0.04995198, -0.01199208
0.41666922, 0.6247139, 0.6603595
0.11628109, 0.62542728
0.01775467, 0.05046217, -0.01583001
0.65739924, -0.01135289, 0.75344098
0.12039511, 0.62217438
0.01552049, 0.05287858, -0.04530892
0.62788779, 0.52150029, -0.57768488
0.1224976, 0.59401986
0.02170416, 0.05137362, -0.02637032
0.99575794, -0.08941923, 0.02102725
0.12510598, 0.6139591
0.00761945, 0.05314993, -0.04954326
0.09344768, 0.67781609, -0.72923976
0.11030874, 0.58629841
0.0142615, 0.03887805, -0.04626084
0.74669635, -0.17950988, -0.64043093
0.14713803, 0.58769852
0.01603261, 0.02062282, -0.02989604
0.99185157, -0.12140263, 0.03784295
0.16818836, 0.64653876
0.01528042, 0.00258646, -0.02408162
0.98953217, 0.01113926, 0.14377269
0.17131324, 0.69748518
0.01302452, 0.00317827, -0.03150751
0.78948331, -0.08658101, -0.607593
0.19492565, 0.69132733
0.00386859, -0.08497271, 0.01688127
0.73570973, 0.06515702, 0.67409283
0.12269448, 0.86252622
0.00398467, -0.09659073, 0.01592011
0.60661644, -0.65492719, 0.45060578
0.11758704, 0.87330081
0.00761153, -0.09538688, 0.00180682
0.69441819, -0.70442826, 0.14676352
0.12313682, 0.88410296
0.00265624, 0.01778171, -0.01080855
-0.12598041, 0.09222694, 0.98773158
0.11165126, 0.67016563
-0.00222443, 0.01802906, -0.01438808
-0.84429455, 0.03207495, 0.53486741
0.09770562, 0.6687977
-0.00225314, 0.0014673, -0.0100538
-0.84914702, 0.13666189, 0.51008636
0.10026149, 0.71015447
0.005785, 0.00342693, -0.03538807
0.12549211, -0.12729271, -0.98388624
0.0002205, 0.68989742
-0.00459424, 0.0203355, -0.02456694
-0.98095644, -0.10757775, 0.16150396
0.07539494, 0.65739739
-0.00549445, 0.02063492, -0.0326433
-0.95843381, -0.12958159, -0.2540971
0.05450713, 0.64842951
0.00720066, 0.00146197, -0.00884731
0.69539475, 0.14007996, 0.70479447
0.12487522, 0.70972362
0.0137767, 0.02121458, -0.03732188
0.75884277, -0.26334423, -0.59562975
0.18496644, 0.63184586
0.005785, 0.00342693, -0.03538807
0.12549211, -0.12729271, -0.98388624
0.22361079, 0.68578985
0.00265624, 0.01778171, -0.01080855
-0.12598041, 0.09222694, 0.98773158
0.11205877, 0.67015463
0.00210235, 0.00122025, -0.00654129
-0.12167729, 0.27164525, 0.95464951
0.11302964, 0.7119776
-0.0021974, 0.00318683, -0.03345011
-0.61165196, -0.08581805, -0.78643149
0.02925553, 0.69435787
0.0160603, -0.08092606, -0.03056074
0.99960327, 0.00524918, -0.02749718
0.17325087, 0.9204318
0.0158608, -0.09500475, -0.02905999
0.75701165, -0.65334022, -0.00015259
0.1415765, 0.92920071
0.01360766, -0.09505236, -0.03651007
0.59062469, -0.65981019, -0.46452224
0.14547352, 0.94986776
0.01380441, -0.08033426, -0.03798663
0.7639088, -0.00839259, -0.64522231
0.19499288, 0.93883007
0.00210235, 0.00122025, -0.00654129
-0.12167729, 0.27164525, 0.95464951
0.11216585, 0.71199533
-0.00558525, -0.08496739, 0.01567481
-0.88137454, 0.06607258, 0.46772668
0.10740621, 0.8625199
0.00656483, -0.08008552, -0.04186719
0.12656026, -0.00839259, -0.9919126
0.22361082, 0.97111349
-0.00122974, -0.08521441, 0.01918727
-0.12598041, 0.09341716, 0.98760951
0.11512192, 0.86217883
0.00656483, -0.08008552, -0.04186719
0.12656026, -0.00839259, -0.9919126
0.01158787, 0.97660734
-0.00624664, 0.0025986, -0.02682889
-0.99392682, 0.01226844, -0.1093173
0.05322187, 0.69964987
-0.00141751, -0.08032566, -0.03992922
-0.5773797, -0.00762963, -0.81640065
0.03897038, 0.94271069
-0.00566624, -0.09499262, -0.03180725
-0.73345137, -0.65251625, -0.19037446
0.09250466, 0.93035541
0.00636921, -0.0950685, -0.04040068
0.09308145, -0.67433697, -0.73250526
0.11866229, 0.9997795
-0.00546911, -0.09658538, 0.01471365
-0.7010712, -0.65419477, 0.28370005
0.11237721, 0.87288758
-0.00111362, -0.09683245, 0.01822611
-0.09436323, -0.6697287, 0.7365337
0.11498822, 0.87147668
-0.00546676, -0.08091389, -0.033308
-0.96063113, 0.00634785, -0.27765739
0.06001901, 0.92314019
-0.0016142, -0.09504373, -0.0384527
-0.45576343, -0.65919983, -0.5980407
0.08955499, 0.95136066
-0.00850582, 0.06003837, -0.01837813
-0.45826593, 0.58687091, 0.66747034
0.10606319, 0.61800161
-0.01193117, 0.06095398, -0.02985962
-0.75988036, 0.64448988, -0.08450575
0.10272913, 0.61382362
0.01193744, 0.0203262, -0.02245719
0.89205605, -0.06640828, 0.44700462
0.14686783, 0.65670747
-0.00624613, 0.02854314, -0.02317536
-0.95223856, -0.21628468, 0.21539964
0.08411482, 0.64232168
-0.0010921, 0.05288794, -0.047429
-0.46208075, 0.52211064, -0.71681875
0.09820835, 0.59381983
-0.00939337, 0.06132266, -0.03400945
-0.47807246, 0.74233222, -0.46937469
0.10310625, 0.61105871
0.02019474, 0.06130599, -0.03023346
0.58146918, 0.74175239, -0.33414716
0.11871401, 0.6106779
0.01816298, 0.05494062, -0.03772129
0.71282083, 0.46760461, -0.52266002
0.12123432, 0.60310233
0.01540845, 0.06002489, -0.01532622
0.27658924, 0.58647418, 0.76125371
0.11583318, 0.61691836
0.0216086, 0.06093511, -0.02557931
0.75746942, 0.64363539, 0.10910367
0.11903477, 0.61316481
-0.00555325, 0.05495397, -0.04074791
-0.55818355, 0.46833706, -0.68486589
0.10033993, 0.60386789
-0.01183563, 0.0513925, -0.03065064
-0.96923733, -0.08832057, -0.22971281
0.09693908, 0.61476052
0.00653716, 0.02146326, -0.04120245
0.11661123, -0.38508254, -0.91546375
0.20820385, 0.61249989
0.00769569, 0.03913851, -0.05020249
0.12405774, -0.19449446, -0.97302163
0.14794049, 0.56652385
0.00947271, 0.03191617, -0.01258827
0.70430619, -0.12854396, 0.6981414
0.12345291, 0.64187333
0.00220676, 0.03139997, -0.00722647
-0.11993774, -0.32395399, 0.93841362
0.11141267, 0.64109215
0.00257077, 0.0275492, -0.01009582
-0.12164678, -0.28058717, 0.95205539
0.11139561, 0.65008432
-0.00311028, 0.02783893, -0.01428438
-0.81359297, -0.09784234, 0.57310706
0.09865818, 0.64868
0.00220676, 0.03139997, -0.00722647
-0.11993774, -0.32395399, 0.93841362
0.11122114, 0.64109644
-0.00543387, -0.09537961, 0.00014199
-0.70979947, -0.70363474, -0.03241066
0.10761172, 0.8838672
0.00924288, 0.25342104, -0.00922386
0.77306437, 0.6161992, 0.15045625
0.28105325, 0.38436949
0.00691356, 0.25311172, -0.00576574
0.42634359, 0.58000427, 0.69408244
0.25625095, 0.38728136
0.00699235, 0.24522533, -0.00641816
0.43891719, -0.67760247, 0.59004486
0.2791726, 0.38663024
0.00223373, 0.25298566, -0.00480746
-0.10324412, 0.5749687, 0.81160927
0.22405183, 0.38783163
0.00231254, 0.24509929, -0.00545986
-0.09048738, -0.70244455, 0.70592362
0.27270177, 0.38783163
-0.00205529, 0.25311676, -0.00691032
-0.58635211, 0.58058411, 0.56483656
0.25816345, 0.39009124
-0.00197651, 0.24523039, -0.00756276
-0.57377851, -0.67702264, 0.46079898
0.2797401, 0.38742793
-0.0034411, 0.25342822, -0.01084257
-0.78536332, 0.61711478, -0.04840235
0.28230271, 0.39030612
-0.00336228, 0.24554186, -0.01149502
-0.77303386, -0.61622977, -0.15045625
0.2923165, 0.38596159
-0.00111184, 0.25373757, -0.01430069
-0.60725731, 0.78011411, -0.15033418
0.30256042, 0.38637
0.00785709, 0.25373262, -0.01315606
0.62770468, 0.77840513, 0.0036317
0.30235118, 0.38604218
0.00356801, 0.25386375, -0.01525896
-0.00686666, 0.99822992, 0.0588702
0.30629331, 0.38747895
0.00793588, 0.24584611, -0.01380853
0.64799953, -0.75457013, -0.10324412
0.30816072, 0.38710582
-0.00103301, 0.24585123, -0.01495312
-0.60170293, -0.75548571, -0.25913265
0.30840078, 0.38665044
0.01154814, 0.24652724, -0.02383573
0.7853328, -0.61711478, 0.04840235
0.34834501, 0.38800842
0.01146876, 0.25447145, -0.0231785
0.77303386, 0.61622977, 0.15045625
0.34687957, 0.38391805
0.00896673, 0.25413904, -0.01946396
0.60142827, 0.73995179, 0.30115664
0.32750195, 0.38706338
0.00401916, 0.24605955, -0.01909177
0.00683615, -0.99826044, -0.05816828
0.32544941, 0.38613307
0.00904615, 0.24619497, -0.02012116
0.61015654, -0.76964629, 0.18787195
0.33016953, 0.3852312
-0.00058796, 0.24620043, -0.02135063
-0.63966799, -0.76793724, 0.03207495
0.33044079, 0.38727444
-0.00066736, 0.25414452, -0.02069343
-0.65800959, 0.73906672, 0.14404736
0.3276538, 0.38627255
-0.00215599, 0.25447917, -0.02491729
-0.7853328, 0.61711478, -0.04840235
0.34749597, 0.38790399
-0.00207652, 0.24653496, -0.02557448
-0.77303386, -0.61622977, -0.15045625
0.34852749, 0.38366991
0.00034611, 0.25481141, -0.02863191
-0.5241859, 0.69881284, -0.48667866
0.36685455, 0.38564014
0.01005962, 0.24686183, -0.02805961
0.64357436, -0.62025821, -0.44840845
0.36734691, 0.38711888
0.00685402, 0.24710049, -0.0313312
0.55168307, -0.79604483, -0.24881741
0.39075434, 0.38556379
0.00677464, 0.25504461, -0.03067399
0.53535569, 0.83690906, -0.11374249
0.38873979, 0.38579339
0.00998021, 0.25480604, -0.0274024
0.63039035, 0.69817191, -0.33930477
0.36603898, 0.38463008
0.00537308, 0.25494686, -0.02966121
-0.00994903, 0.99652088, 0.08239998
0.37936175, 0.38641936
0.00427086, 0.25504601, -0.03099352
-0.48869288, 0.83748895, -0.24445327
0.38986576, 0.38566649
0.00545241, 0.24700268, -0.03031845
0.00994903, -0.99652088, -0.0824305
0.38099888, 0.38512474
0.00393976, 0.25400373, -0.01843457
-0.00781274, 0.99777216, 0.06579791
0.32143244, 0.38608038
0.00042553, 0.24686725, -0.0292891
-0.51100194, -0.61961728, -0.59575182
0.36751735, 0.38366264
0.00435028, 0.24710186, -0.03165071
-0.4723655, -0.79546493, -0.37952819
0.39079025, 0.38431776
0.0071692, 0.25530422, -0.03376445
0.46430859, 0.85598314, 0.22727133
0.41360825, 0.38445723
0.00466542, 0.25530562, -0.03408398
-0.50553912, 0.85653251, 0.10348827
0.41766059, 0.38744998
0.01153274, 0.25475371, -0.03565575
0.56889552, 0.65660572, 0.4951323
0.43810561, 0.38152039
0.00474483, 0.2473615, -0.03474119
-0.49467453, -0.8577227, 0.13995789
0.41757533, 0.38086337
0.00724851, 0.24736007, -0.03442169
0.44270149, -0.8582415, 0.25955993
0.41812897, 0.38762885
0.01160469, 0.24755497, -0.03625131
0.54152042, -0.67320782, 0.50346386
0.44232786, 0.39387178
0.0129598, 0.24780582, -0.03912004
0.78017515, -0.62547684, -0.00799585
0.46144715, 0.3960799
0.01289637, 0.25415263, -0.03859499
0.7810297, 0.62352365, -0.03387555
0.45586479, 0.38189679
0.000988, 0.24756099, -0.03760619
-0.6513871, -0.67253637, 0.35123754
0.45211065, 0.37389928
0.00091607, 0.2547597, -0.03701067
-0.67427593, 0.65730768, 0.3364971
0.44528151, 0.38917422
0.00033362, 0.25415978, -0.04019822
-0.74657428, 0.63341165, -0.2033143
0.46587017, 0.38821071
0.01192824, 0.25350466, -0.04153553
0.62889493, 0.62099063, -0.46778771
0.47381762, 0.38303143
0.00039708, 0.24781291, -0.04072331
-0.75359356, -0.6349681, -0.16983551
0.47788996, 0.3720178
0.00177828, 0.24803911, -0.04329045
-0.54054385, -0.61076695, -0.57856989
0.50538719, 0.37326336
0.00172364, 0.25351039, -0.04283782
-0.51689202, 0.60985136, -0.60069585
0.48596162, 0.38633281
0.00550146, 0.25294933, -0.04510513
-0.13910337, 0.59413433, -0.79223001
0.50524122, 0.38625193
0.01198298, 0.24803339, -0.04198815
0.64998323, -0.62312692, -0.4349803
0.48272249, 0.39625001
0.00912524, 0.25294733, -0.04464266
0.35071871, 0.59007537, -0.72716451
0.4963949, 0.38433176
0.00917209, 0.24825697, -0.04503069
0.35963011, -0.57530445, -0.73458052
0.51383668, 0.39472765
0.00554833, 0.24825902, -0.04549314
-0.14767906, -0.57847834, -0.80220956
0.5500195, 0.38296449
0.00785103, 0.23603092, 0.00668007
0.78536332, -0.61711478, 0.04840235
0.03796073, 0.50637969
0.00759714, 0.26143223, 0.00878151
0.79519027, -0.60417491, 0.05075228
0.03537453, 0.46023053
0.00496252, 0.26108229, 0.01269298
0.45139927, -0.61882383, 0.64284188
0.02155567, 0.4570803
0.0052164, 0.23568095, 0.01059154
0.43891719, -0.67760247, 0.59004486
0.03355095, 0.51567397
-0.00033087, 0.26093969, 0.01377688
-0.10083316, -0.60786766, 0.78759116
0.00286698, 0.45665991
-0.00033087, 0.26093969, 0.01377688
-0.10083316, -0.60786766, 0.78759116
0.11660349, 0.4818036
-0.00518223, 0.26108801, 0.01139833
-0.59904784, -0.61824399, 0.50877404
0.09722886, 0.47404683
-0.00492829, 0.23568667, 0.0092969
-0.57377851, -0.67702264, 0.46079898
0.05930753, 0.52128726
-0.00674966, 0.26144031, 0.0069506
-0.78310496, -0.60332042, -0.15063936
0.08257017, 0.47108597
-0.00649574, 0.236039, 0.00484918
-0.77303386, -0.61622977, -0.15045625
0.05871217, 0.51188555
-0.00411501, 0.26179025, 0.00303911
-0.44007692, -0.51362652, -0.7365337
0.07075484, 0.4677965
-0.00386111, 0.23638891, 0.0009377
-0.42634359, -0.58000427, -0.69408244
0.05401522, 0.50847921
0.00117837, 0.26193279, 0.00195519
0.11157567, -0.46806237, -0.87661368
0.05901888, 0.46474516
0.00143224, 0.23653154, -0.00014623
0.10324412, -0.5749687, -0.81160927
0.04901149, 0.50641811
-0.00604851, 0.26346621, 0.00112537
-0.49571216, -0.40418714, -0.76866972
0.07242805, 0.46178824
0.00148205, 0.26366907, -0.00041664
0.11706901, -0.37620166, -0.91909546
0.06013676, 0.45999444
0.00602972, 0.26178449, 0.00433376
0.61040074, -0.51420635, -0.60246587
0.0472602, 0.46219677
-7.701e-05, 0.23553841, 0.01167546
-0.09048738, -0.70244455, 0.70592362
0.03403125, 0.56608284
-0.0075667, 0.26246715, 0.01301745
-0.66322827, -0.51441997, 0.54353464
0.09832098, 0.46502239
-0.00764045, 0.26984501, 0.0136278
-0.73528242, -0.19986571, 0.64757228
0.09842774, 0.4466368
-0.00987038, 0.27034616, 0.00730032
-0.97860652, -0.15277566, -0.13776055
0.08395819, 0.44964516
0.01061361, 0.26295695, 0.00929469
0.88149661, -0.46644491, 0.07333598
0.03764826, 0.45218945
0.00686549, 0.2624591, 0.01485928
0.50489819, -0.51509142, 0.6926176
0.02380698, 0.44888365
-0.00066506, 0.26225621, 0.01640126
-0.10806604, -0.524369, 0.84456921
0.0002205, 0.4464457
-0.00979663, 0.2629683, 0.00668997
-0.87215799, -0.46546832, -0.15042573
0.0837306, 0.46271831
0.0083837, 0.2634581, 0.0029672
0.67244482, -0.40485856, -0.61958677
0.04833097, 0.4561612
-0.00066506, 0.26225621, 0.01640126
-0.10806604, -0.524369, 0.84456921
0.12429884, 0.47213745
0.01053988, 0.27033466, 0.00990503
0.9816584, -0.15387432, 0.11236915
0.04326148, 0.44094098
0.00830995, 0.27083588, 0.00357756
0.73805964, -0.07611316, -0.67040008
0.05246539, 0.44598633
0.00854102, 0.27186859, 0.00350971
0.74562824, -0.06845301, -0.66280097
0.05302643, 0.44462764
-0.00073879, 0.26963404, 0.01701164
-0.12393567, -0.2082583, 0.97018343
0.12429884, 0.43886191
0.00140834, 0.27104685, 0.00019374
0.12643819, -0.04351939, -0.99099702
0.06233318, 0.44935745
0.00679173, 0.2698369, 0.01546961
0.54887539, -0.20056765, 0.81145662
0.03145976, 0.43215013
-0.00073879, 0.26963404, 0.01701164
-0.12393567, -0.2082583, 0.97018343
0.01058239, 0.41629046
-0.00612222, 0.27084395, 0.00173573
-0.54609823, -0.07538072, -0.83428448
0.07294425, 0.45041007
0.0014306, 0.27208591, 2.354e-05
0.1264687, -0.0372631, -0.99124122
0.06261826, 0.44804001
0.00129329, 0.28582379, 0.00116005
0.09045686, 0.70244455, -0.70592362
0.06515903, 0.43428344
0.0084037, 0.28560644, 0.00464627
0.57377851, 0.67702264, -0.46079898
0.05957006, 0.43318981
-0.00078141, 0.27063039, 0.0173502
-0.12408826, -0.20212409, 0.97143465
0.12350031, 0.43501782
0.00697685, 0.27083936, 0.01576151
0.55796993, -0.1919309, 0.80733663
0.03315032, 0.43018508
-0.00078141, 0.27063039, 0.0173502
-0.12408826, -0.20212409, 0.97143465
0.01267211, 0.41313607
-0.00632772, 0.27187696, 0.00161218
-0.5553453, -0.06772057, -0.82882166
0.07300051, 0.44888669
0.01083839, 0.27135223, 0.01002864
0.98336738, -0.14160588, 0.11362041
0.04436082, 0.43940866
-0.01018922, 0.27136409, 0.00734511
-0.98052919, -0.14050722, -0.13696706
0.08359745, 0.44772214
-0.00789187, 0.27084774, 0.013864
-0.74306464, -0.19119847, 0.64131594
0.09759156, 0.44417346
0.00683957, 0.28457722, 0.01689805
0.42634359, 0.58000427, 0.69408244
0.05708688, 0.42153198
-0.00091875, 0.28436828, 0.01848671
-0.10324412, 0.5749687, 0.81160927
0.07298643, 0.38705975
-0.00646503, 0.28561479, 0.00274873
-0.43891719, 0.67760247, -0.59004486
0.07142541, 0.434645
0.01070107, 0.28509012, 0.01116517
0.77303386, 0.61622977, 0.15045625
0.05592697, 0.42927063
-0.01032649, 0.28510195, 0.00848163
-0.78536332, 0.61711478, -0.04840235
0.07743549, 0.4325943
-0.00802916, 0.2845856, 0.01500053
-0.58635211, 0.58058411, 0.56483656
0.08061407, 0.42408127
0.00703513, 0.27262664, -0.00791105
0.77303386, 0.61622977, 0.15042573
0.71828866, 0.71654961
0.0053758, 0.27240628, -0.00544745
0.42637411, 0.58000427, 0.69408244
0.71860945, 0.72082752
0.0056949, 0.24047698, -0.00808891
0.43891719, -0.67760247, 0.59004486
0.71497601, 0.98953764
0.00204182, 0.27231649, -0.00476473
-0.10324412, 0.5749687, 0.81160927
0.71497607, 0.72237301
0.00236094, 0.24038716, -0.00740622
-0.09045686, -0.70244455, 0.70592362
0.71701252, 0.9997795
-0.00101375, 0.2724098, -0.00626289
-0.58638263, 0.58058411, 0.56483656
0.7116344, 0.72091684
-0.00200101, 0.27263173, -0.00906423
-0.7853328, 0.6171453, -0.04840235
0.71143693, 0.71641076
-0.00168187, 0.24070247, -0.0117057
-0.77303386, -0.61622977, -0.15045625
0.72027779, 0.98226396
-0.0003416, 0.27285209, -0.01152781
-0.43891719, 0.67760247, -0.59004486
0.71241039, 0.7089327
0.00299236, 0.27294192, -0.01221049
0.09045686, 0.70244455, -0.70592362
0.71481228, 0.69924146
0.0033115, 0.24101265, -0.01485198
0.10324412, -0.5749687, -0.81160927
0.71683466, 0.97635096
0.00604793, 0.27284852, -0.01071239
0.57377851, 0.67702264, -0.46079898
0.7168113, 0.709409
0.00735428, 0.24069737, -0.01055254
0.78536332, -0.61711478, 0.04840235
0.71348476, 0.98232343
0.00636704, 0.24091925, -0.01335388
0.58635211, -0.58058411, -0.56483656
0.71316576, 0.97797103
-2.248e-05, 0.24092285, -0.01416929
-0.42634359, -0.58000427, -0.69408244
0.72052854, 0.97790693
-0.00069465, 0.24048056, -0.00890434
-0.57377851, -0.67702264, 0.46079898
0.71889788, 0.98950239
-0.00535138, 0.15636984, -0.03062654
-0.25717947, -0.56666768, -0.78273875
0.69201392, 0.93119017
0.01552105, 0.15635808, -0.02796283
0.44489884, -0.5670644, -0.69313639
0.67925686, 0.93914928
0.02211341, 0.15602586, -0.01695662
0.83208716, -0.55461287, 0.00305185
0.69154537, 0.96138646
0.01095508, 0.24272884, -0.01974044
0.60860014, 0.62187564, -0.49275187
0.6876902, 0.53197163
-0.00290118, 0.24273662, -0.02150876
-0.46464431, 0.62248605, -0.62974942
0.69487631, 0.51029411
-0.00443798, 0.24328454, -0.00973541
-0.60628068, 0.78615677, -0.11978515
0.68197662, 0.4720034
-0.01449699, 0.15604648, -0.02162881
-0.80678731, -0.55369729, -0.20609149
0.68197656, 0.93636632
0.00908928, 0.15383835, 0.00117243
0.35309917, -0.65627003, 0.66676837
0.69010496, 0.9997795
0.01231871, 0.24178968, 0.00329067
0.7747429, 0.60536516, 0.18247017
0.69362009, 0.53416008
0.00495934, 0.24025808, 0.0149875
0.33320108, 0.51844841, 0.78749961
0.68228495, 0.55045584
0.0053786, 0.21129462, 0.01157474
0.342967, -0.53001493, 0.77550584
0.69824612, 0.65728363
-0.01000636, 0.24180223, 0.00044158
-0.7950682, 0.60625017, -0.01785333
0.66671348, 0.50884223
-0.00644582, 0.15384708, -0.00081013
-0.50996429, -0.65578175, 0.55662709
0.69464022, 0.95873966
0.00948641, 0.24327673, -0.00795841
0.61778617, 0.78545487, 0.03640858
0.68483323, 0.52492648
-0.00715346, 0.20946881, 0.00410993
-0.76577044, -0.25830865, 0.58894622
0.65776604, 0.67457202
0.00860021, 0.20945996, 0.0061204
0.5930357, -0.25907162, 0.76235235
0.71099603, 0.68187889
-0.00540295, 0.21130069, 0.01019883
-0.52732933, -0.52952665, 0.66441846
0.66788918, 0.65401685
-0.00582219, 0.24026419, 0.01361157
-0.51973021, 0.51893675, 0.67864007
0.67753798, 0.54395375
0.02085685, 0.05130069, -0.02625781
0.99194312, -0.00054933, 0.12659077
0.37475875, 0.99438261
0.01981407, 0.15562725, -0.01762696
0.76921904, 0.62099063, 0.1503647
0.24127331, 0.71335047
0.01385652, 0.15478536, -0.00817093
0.44416639, 0.58067566, 0.68224126
0.23725244, 0.71230996
0.00204034, 0.15444197, -0.00544719
-0.10364085, 0.57042146, 0.81475264
0.23121032, 0.70678368
0.00308312, 0.0501154, -0.01407801
-0.12619403, -0.08304086, 0.98849452
0.29654983, 0.99898423
-0.00871264, 0.15479808, -0.01105117
-0.60063481, 0.58128607, 0.54890591
0.22609532, 0.69518447
-0.01210347, 0.15564516, -0.02170025
-0.78167057, 0.62184513, -0.04754784
0.22405188, 0.67710358
-0.01106072, 0.05131863, -0.03033109
-0.99194312, 0.00054933, -0.12659077
0.22405183, 0.99977943
-0.00614589, 0.156487, -0.03115629
-0.4567095, 0.67595446, -0.57829523
0.23688316, 0.69040024
-0.00510315, 0.05216047, -0.03978712
-0.58033997, 0.06137272, -0.81203651
0.45233697, 0.90776495
0.00567029, 0.15683044, -0.03388006
0.09097568, 0.69847715, -0.70979947
0.24256048, 0.70115319
0.00671303, 0.05250392, -0.04251091
0.12619403, 0.08304086, -0.98849452
0.42774081, 0.93667211
0.01642324, 0.15647431, -0.02827604
0.58806115, 0.67537463, -0.44495988
0.24303511, 0.70962381
0.017466, 0.05214777, -0.03690687
0.76573992, 0.06060976, -0.64024782
0.40136996, 0.96599816
0.01015589, 0.25545138, -0.02320632
0.77303386, 0.61622977, 0.15045625
0.5599618, 0.66090927
0.00806259, 0.25517339, -0.02009864
0.42634359, 0.58003479, 0.69408244
0.55884695, 0.66411597
0.00903364, 0.15801977, -0.02813602
0.54795986, 0.0598468, 0.83434552
0.58461738, 0.69726917
0.00385688, 0.25506011, -0.01923736
-0.10324412, 0.5749687, 0.81160927
0.5579946, 0.668327
0.00482794, 0.15790649, -0.02727484
-0.12649922, 0.02923673, 0.99151587
0.57667929, 0.69533384
2.31e-06, 0.25517794, -0.02112727
-0.58635211, 0.58058411, 0.56483656
0.55678755, 0.67033869
0.00097344, 0.1580243, -0.02916465
-0.73986024, 0.06057924, 0.67000335
0.56878072, 0.69210967
-0.00124304, 0.25545788, -0.02466106
-0.78536332, 0.61711478, -0.04840235
0.55515516, 0.67194143
-0.00027194, 0.1583042, -0.03269847
-0.98400831, 0.13672292, -0.1141087
0.56146121, 0.68784365
0.00085025, 0.25573587, -0.02776885
-0.43891719, 0.67760247, -0.59004486
0.55222631, 0.67279711
0.00182132, 0.15858223, -0.03580626
-0.55040133, 0.18524735, -0.81405073
0.55389971, 0.68231016
0.00505601, 0.25584912, -0.02863006
0.09048738, 0.70244455, -0.70592362
0.47460583, 0.5508945
0.0089105, 0.25573128, -0.02674023
0.57377851, 0.67702264, -0.46079898
0.55870938, 0.65522507
0.01112692, 0.15829781, -0.03124377
0.98126161, 0.13562426, 0.13666189
0.59165919, 0.69821751
0.00988158, 0.1585777, -0.03477763
0.73741877, 0.18451491, -0.64970857
0.59800804, 0.69816512
-0.00169437, 0.1528088, -0.0333417
-0.9851985, 0.126957, -0.1150853
0.55552936, 0.70056897
-0.00012617, 0.15245634, -0.02889188
-0.74651325, 0.05456709, 0.66307563
0.5642978, 0.70348829
0.01109101, 0.1531532, -0.03595976
0.74419385, 0.17758721, -0.64387953
0.60273832, 0.70868865
0.01209813, 0.05238916, -0.04429579
0.74773401, 0.06213569, -0.66106141
0.59964508, 0.99974586
0.00724454, 0.0525375, -0.04667548
0.12619403, 0.08301035, -0.98849452
0.61583382, 0.9997795
0.01002334, 0.15245065, -0.02759663
0.5561083, 0.05383465, 0.82934052
0.58410829, 0.70822856
0.00623742, 0.15330155, -0.03833949
0.12439345, 0.18939787, -0.97396773
0.61583394, 0.70534998
0.00472743, 0.152308, -0.02651221
-0.12652974, 0.02429273, 0.99163795
0.57420087, 0.7060284
0.0009415, 0.15315892, -0.03725502
-0.55842769, 0.17831965, -0.81011385
0.54619682, 0.69662389
0.01265921, 0.15280074, -0.03150993
0.98266548, 0.12585834, 0.136021
0.59302801, 0.70936355
0.00602707, 0.1586955, -0.03666748
0.12427137, 0.19428083, -0.97302163
0.544828, 0.6811057
0.00623742, 0.15330155, -0.03833949
0.12439345, 0.18939787, -0.97396773
0.53336418, 0.69171146
0.00573456, 0.05154397, -0.03484823
-0.12619403, -0.08301035, 0.98849452
0.55493104, 0.9993155
0.01103044, 0.05168661, -0.03593262
0.55766475, -0.06286813, 0.82766199
0.57112676, 0.99957378
0.00724454, 0.0525375, -0.04667548
0.12619403, 0.08301035, -0.98849452
0.49339861, 0.99146383
0.00194864, 0.05239486, -0.04559106
-0.55766475, 0.06286813, -0.82763147
0.50943005, 0.99360126
0.01366635, 0.05203669, -0.03984596
0.99194312, -0.00054933, 0.12656026
0.58533871, 0.9996846
-0.00068723, 0.05204479, -0.04167774
-0.99194312, 0.00054933, -0.12659077
0.52387005, 0.99551217
0.00088093, 0.0516923, -0.03722788
-0.74773401, -0.06213569, 0.66106141
0.53834635, 0.99735323
0.01376739, 0.06680528, -0.01558266
0.79064304, 0.05832087, -0.60945463
0.62473381, 0.7336435
0.01074627, 0.06481735, 0.00808173
0.51597643, -0.5030061, 0.6933195
0.62851256, 0.69519752
0.01204425, 0.06169507, -0.0021029
0.8031556, -0.31501207, 0.50563067
0.62423009, 0.77504684
0.01314326, 0.12924962, -0.01041671
0.79064304, 0.05832087, -0.60945463
0.63433868, 0.21404302
0.01011151, 0.12832193, 0.0133354
0.56608784, 0.0855739, 0.81984925
0.62314445, 0.20064902
-0.00748654, 0.12926123, -0.01304945
-0.61217076, 0.05908383, -0.78847623
0.62151283, 0.19216859
-0.00767304, 0.14792155, -0.01150571
-0.50828576, 0.58275092, -0.63405257
0.63044482, 0.10363877
-0.00686237, 0.06681689, -0.01821543
-0.61217076, 0.05908383, -0.78847623
0.63432711, 0.70121065
-0.00988351, 0.06482895, 0.00544898
-0.67412335, -0.50233465, 0.54142886
0.64013946, 0.67152637
-0.01051825, 0.12833352, 0.01070265
-0.75374615, 0.08633687, 0.65141761
0.64013946, 0.16924584
-0.00669492, 0.05006504, -0.01960127
-0.49369794, -0.53309733, -0.6870327
0.64362586, 0.77121362
0.01393482, 0.05005343, -0.01696853
0.64983064, -0.5337382, -0.54109317
0.64203262, 0.85104464
0.01244223, 0.04928471, -0.00527608
0.53517258, -0.67778558, 0.50413525
0.63330126, 0.9997795
-0.00818755, 0.04929633, -0.00790882
-0.64537489, -0.67711419, 0.35346538
0.65630549, 0.79077919
-0.00855272, 0.05682707, -0.00501424
-0.75981933, -0.15619373, 0.63106173
0.65732503, 0.75261967
0.01295678, 0.14790989, -0.00887295
0.65187538, 0.58207953, -0.48597676
0.62988746, 0.15032649
-0.00966806, 0.14874321, 0.0041308
-0.6450392, 0.66417432, 0.37784967
0.629475, 0.00022048
0.01096168, 0.14873162, 0.00676355
0.53016752, 0.66350293, 0.52784812
0.63085872, 0.13001478
0.01207708, 0.05681546, -0.00238149
0.57679981, -0.15695669, 0.80166018
0.61627495, 0.85958843
-0.00858553, 0.06170668, -0.00473566
-0.90475172, -0.31406599, 0.28766748
0.64099848, 0.71786657
0.00790051, 0.14571829, -0.00064735
0.71477401, 0.69924009, -0.01205481
0.43879655, 0.67666256
0.0005575, 0.15668227, 0.05693948
0.73995179, 0.6631062, -0.11273538
0.28572288, 0.66110161
-0.00215706, 0.04369029, 0.02703847
0.07788324, -0.78554642, -0.61384928
0.28009957, 0.48371601
-0.00367964, 0.06700376, 0.03907217
-0.06207465, 0.86928922, 0.49034089
0.44736665, 0.48836261
-0.00055618, 0.08052409, 0.0146567
-0.06060976, 0.87569809, 0.47898799
0.35582021, 0.41773945
0.00064727, 0.05912797, 0.00513259
0.01092563, -0.99584949, -0.09012116
0.52108186, 0.42816818
0.00100602, 0.08296563, 0.00242637
0.03332621, 0.96578872, -0.2570574
0.38287213, 0.42961085
0.00191676, 0.05580708, -0.00482981
-0.05706961, -0.89452803, 0.44328135
0.54241139, 0.42364889
-0.00565808, 0.06094589, 0.05454793
-0.00811792, 0.99761957, 0.06805628
0.40869117, 0.48110831
-0.00340766, 0.03598906, 0.03680401
0.07034516, -0.82879114, -0.55507064
0.25224251, 0.47931325
0.00311848, 0.06668481, -0.04855118
-0.54466385, -0.80587178, 0.23206274
0.45238319, 0.63149047
0.01156118, 0.06668007, -0.04747373
0.46803185, -0.80645162, 0.36130863
0.45062959, 0.63143012
-0.00122974, -0.08521441, 0.01918727
-0.12598041, 0.09341716, 0.98760951
0.11491466, 0.86218044
0.00932171, 0.24553467, -0.00987628
0.78536332, -0.61711478, 0.04840235
0.29180595, 0.38807529
0.00364684, 0.24597727, -0.0159114
0.00543229, -0.99880975, -0.04803614
0.31295866, 0.38583374
0.0062836, 0.23638321, 0.00223236
0.58635211, -0.58058411, -0.56483656
0.04361251, 0.5050492
0.01489924, 0.05045884, -0.01680177
0.58033997, -0.06137272, 0.81203651
0.33594334, 0.99707334
-0.00766987, 0.05047154, -0.01968203
-0.76573992, -0.06060976, 0.64024782
0.25859731, 0.9997795
-0.01106072, 0.05131863, -0.03033109
-0.99194312, 0.00054933, -0.12659077
0.47416481, 0.88098788
0.00602707, 0.1586955, -0.03666748
0.12427137, 0.19428083, -0.97302163
0.60608947, 0.69265503
# Number of Faces:
898
# Face Data:
0, 1, 2
3, 4, 2
5, 6, 7
5, 0, 8
2, 9, 10
9, 11, 12
8, 10, 13
2, 4, 11
6, 13, 14
15, 16, 17
10, 9, 18
10, 15, 19
14, 13, 19
16, 20, 21
19, 17, 22
18, 12, 23
15, 18, 20
21, 24, 25
17, 16, 26
17, 25, 24
23, 24, 21
27, 28, 29
27, 30, 31
30, 32, 33
34, 29, 33
30, 35, 36
37, 38, 39
27, 34, 38
32, 36, 38
30, 27, 37
40, 41, 42
36, 43, 39
36, 35, 40
35, 37, 44
45, 42, 46
44, 47, 41
44, 39, 45
39, 43, 42
48, 49, 50
41, 48, 46
47, 49, 48
45, 50, 49
51, 52, 53
54, 55, 52
56, 57, 58
56, 59, 60
60, 52, 55
56, 54, 51
58, 61, 62
54, 58, 63
55, 63, 64
56, 65, 64
66, 67, 68
63, 62, 66
57, 64, 66
57, 69, 61
70, 68, 67
61, 69, 68
62, 61, 70
62, 71, 67
72, 73, 74
51, 73, 72
59, 72, 75
60, 75, 53
74, 76, 77
75, 72, 78
75, 77, 76
53, 76, 74
79, 80, 81
82, 83, 84
85, 86, 87
88, 89, 90
91, 92, 93
94, 95, 96
97, 98, 99
100, 101, 102
103, 104, 105
106, 107, 108
109, 110, 111
112, 113, 114
115, 116, 117
118, 119, 120
121, 122, 123
124, 125, 126
127, 128, 129
130, 131, 132
133, 134, 135
136, 137, 138
139, 140, 141
142, 132, 131
143, 144, 145
146, 147, 148
149, 150, 151
130, 152, 153
154, 152, 130
138, 150, 149
150, 146, 155
156, 146, 150
93, 147, 146
147, 157, 158
159, 157, 147
140, 143, 160
161, 162, 151
148, 158, 161
144, 132, 142
92, 163, 159
89, 164, 163
81, 80, 139
165, 154, 134
166, 165, 133
86, 137, 136
167, 135, 140
168, 167, 139
84, 133, 167
143, 169, 132
140, 135, 169
135, 134, 130
125, 127, 170
98, 114, 127
114, 113, 128
121, 171, 172
119, 173, 171
98, 125, 124
174, 123, 110
120, 174, 109
119, 121, 174
116, 175, 120
96, 176, 175
108, 118, 175
112, 177, 178
179, 177, 112
96, 116, 115
97, 180, 114
101, 105, 180
104, 112, 180
181, 182, 129
113, 178, 181
183, 117, 109
95, 106, 176
184, 185, 106
185, 186, 107
187, 105, 101
188, 187, 100
189, 103, 187
190, 191, 108
192, 190, 107
193, 100, 194
195, 173, 119
108, 191, 195
102, 101, 97
103, 196, 179
197, 196, 103
184, 95, 94
137, 91, 156
86, 90, 91
90, 89, 92
198, 90, 86
188, 198, 85
193, 88, 198
83, 199, 166
184, 200, 199
197, 189, 85
79, 82, 168
186, 185, 82
185, 184, 83
201, 164, 89
202, 201, 88
192, 186, 79
203, 204, 205
204, 206, 207
207, 206, 208
209, 208, 210
211, 210, 212
212, 213, 214
204, 215, 213
215, 203, 216
214, 213, 215
214, 207, 209
217, 218, 219
217, 220, 221
222, 223, 221
224, 219, 223
219, 218, 221
220, 225, 226
227, 228, 229
217, 224, 227
224, 222, 226
217, 230, 225
231, 229, 228
226, 232, 228
226, 225, 231
225, 230, 229
233, 234, 235
236, 237, 238
239, 240, 241
240, 242, 243
244, 245, 246
245, 247, 248
249, 250, 240
251, 252, 234
253, 251, 254
255, 256, 257
258, 259, 260
261, 262, 263
246, 248, 264
265, 266, 263
256, 255, 267
268, 257, 269
270, 271, 267
266, 246, 272
273, 274, 275
256, 273, 276
277, 263, 278
257, 276, 279
271, 280, 258
272, 264, 281
282, 272, 283
274, 284, 285
278, 286, 287
276, 275, 285
258, 280, 287
283, 281, 285
288, 283, 289
273, 260, 274
242, 290, 291
292, 233, 237
266, 293, 244
294, 251, 253
295, 296, 297
250, 298, 290
250, 252, 299
294, 300, 297
301, 291, 295
252, 251, 297
299, 252, 296
298, 296, 295
301, 295, 300
244, 301, 294
268, 254, 234
245, 294, 253
302, 303, 254
263, 266, 282
292, 236, 267
233, 235, 304
304, 305, 238
306, 307, 262
307, 293, 265
235, 250, 249
306, 308, 241
241, 243, 293
304, 249, 239
309, 259, 286
267, 258, 273
310, 311, 312
312, 311, 313
314, 313, 315
316, 315, 317
318, 317, 319
311, 320, 321
322, 320, 310
323, 314, 316
324, 325, 326
327, 328, 322
323, 329, 327
330, 331, 332
332, 331, 333
334, 335, 336
326, 337, 338
334, 337, 325
333, 338, 339
340, 327, 329
322, 328, 326
320, 326, 341
341, 330, 319
323, 319, 330
340, 342, 343
334, 340, 335
338, 337, 336
333, 339, 343
340, 343, 335
338, 336, 339
336, 344, 345
345, 344, 346
339, 345, 347
343, 347, 348
335, 348, 344
349, 350, 351
348, 347, 352
348, 349, 346
347, 345, 353
354, 351, 355
352, 353, 354
353, 346, 351
349, 352, 356
357, 358, 359
356, 357, 360
350, 360, 355
356, 354, 358
359, 361, 362
355, 361, 359
360, 357, 363
360, 362, 361
364, 365, 366
367, 366, 368
369, 370, 371
370, 372, 373
372, 374, 375
374, 376, 377
374, 378, 379
380, 365, 364
377, 376, 380
375, 381, 371
382, 383, 384
372, 370, 382
365, 385, 386
380, 376, 379
366, 386, 387
372, 388, 378
365, 380, 389
370, 369, 390
391, 392, 393
389, 392, 391
390, 394, 383
389, 379, 395
386, 396, 397
379, 378, 398
385, 391, 396
378, 388, 384
399, 400, 401
383, 394, 402
392, 395, 399
396, 403, 404
398, 405, 399
391, 406, 403
384, 407, 405
384, 383, 408
409, 401, 400
403, 409, 410
399, 405, 411
403, 406, 412
407, 413, 411
408, 414, 413
406, 393, 401
402, 410, 414
415, 416, 417
417, 416, 418
419, 418, 420
420, 421, 422
422, 421, 423
423, 424, 425
416, 426, 424
426, 415, 427
424, 426, 428
429, 419, 430
431, 432, 433
432, 434, 433
434, 435, 436
436, 435, 437
437, 433, 438
434, 432, 431
439, 440, 441
442, 436, 443
433, 444, 438
436, 442, 439
445, 446, 441
447, 441, 440
442, 445, 447
442, 448, 440
438, 446, 445
435, 431, 437
434, 444, 433
444, 439, 438
436, 437, 443
449, 450, 451
451, 452, 453
453, 452, 454
454, 455, 456
455, 457, 458
457, 459, 460
451, 461, 459
461, 450, 449
459, 461, 462
463, 464, 465
464, 466, 467
466, 468, 469
468, 470, 471
471, 470, 472
473, 472, 474
464, 475, 474
475, 463, 476
474, 475, 477
471, 478, 479
480, 481, 482
476, 465, 483
477, 480, 484
465, 467, 485
471, 473, 486
476, 487, 480
469, 479, 485
473, 488, 489
485, 490, 491
489, 492, 493
483, 491, 494
486, 493, 495
479, 478, 495
487, 494, 481
479, 496, 490
497, 498, 499
500, 501, 498
500, 502, 503
502, 504, 505
498, 501, 506
500, 497, 504
507, 508, 509
497, 508, 507
507, 510, 511
511, 510, 509
512, 503, 513
500, 512, 514
501, 514, 513
502, 506, 513
508, 497, 515
499, 516, 511
504, 511, 516
515, 497, 499
505, 516, 499
505, 504, 516
263, 282, 288
278, 288, 309
288, 284, 309
8, 0, 2
1, 3, 2
517, 5, 7
6, 5, 8
8, 2, 10
18, 9, 12
6, 8, 13
9, 2, 11
7, 6, 14
19, 15, 17
15, 10, 18
13, 10, 19
518, 14, 19
26, 16, 21
518, 19, 22
20, 18, 23
16, 15, 20
26, 21, 25
25, 17, 26
22, 17, 24
20, 23, 21
34, 27, 29
28, 27, 31
31, 30, 33
32, 34, 33
32, 30, 36
44, 37, 39
37, 27, 38
34, 32, 38
35, 30, 37
43, 40, 42
38, 36, 39
43, 36, 40
40, 35, 44
50, 45, 46
40, 44, 41
47, 44, 45
45, 39, 42
46, 48, 50
42, 41, 46
41, 47, 48
47, 45, 49
73, 51, 53
51, 54, 52
54, 56, 58
65, 56, 60
65, 60, 55
59, 56, 51
63, 58, 62
55, 54, 63
65, 55, 64
57, 56, 64
69, 66, 68
64, 63, 66
69, 57, 66
58, 57, 61
71, 70, 67
70, 61, 68
71, 62, 70
66, 62, 67
78, 72, 74
59, 51, 72
60, 59, 75
52, 60, 53
78, 74, 77
77, 75, 78
53, 75, 76
73, 53, 74
519, 79, 81
168, 82, 84
520, 85, 87
198, 88, 90
156, 91, 93
521, 94, 96
522, 97, 99
194, 100, 102
187, 103, 105
176, 106, 108
523, 109, 111
180, 112, 114
183, 115, 117
175, 118, 120
174, 121, 123
524, 124, 126
170, 127, 129
169, 130, 132
167, 133, 135
525, 136, 138
526, 139, 141
153, 142, 131
160, 143, 145
155, 146, 148
162, 149, 151
131, 130, 153
134, 154, 130
525, 138, 149
151, 150, 155
138, 156, 150
156, 93, 146
148, 147, 158
93, 159, 147
141, 140, 160
155, 161, 151
155, 148, 161
145, 144, 142
93, 92, 159
92, 89, 163
526, 81, 139
133, 165, 134
84, 166, 133
87, 86, 136
139, 167, 140
80, 168, 139
168, 84, 167
144, 143, 132
143, 140, 169
169, 135, 130
126, 125, 170
125, 98, 127
127, 114, 128
122, 121, 172
121, 119, 171
99, 98, 124
109, 174, 110
117, 120, 109
120, 119, 174
117, 116, 120
116, 96, 175
176, 108, 175
113, 112, 178
104, 179, 112
521, 96, 115
98, 97, 114
97, 101, 180
105, 104, 180
128, 181, 129
128, 113, 181
523, 183, 109
96, 95, 176
95, 184, 106
106, 185, 107
100, 187, 101
193, 188, 100
188, 189, 187
107, 190, 108
186, 192, 107
202, 193, 194
118, 195, 119
118, 108, 195
522, 102, 97
104, 103, 179
189, 197, 103
200, 184, 94
138, 137, 156
137, 86, 91
91, 90, 92
85, 198, 86
189, 188, 85
188, 193, 198
84, 83, 166
83, 184, 199
520, 197, 85
80, 79, 168
79, 186, 82
82, 185, 83
88, 201, 89
193, 202, 88
519, 192, 79
216, 203, 205
205, 204, 207
209, 207, 208
211, 209, 210
527, 211, 212
527, 212, 214
213, 206, 204
212, 210, 208
206, 213, 212
204, 203, 215
212, 208, 206
528, 215, 216
528, 214, 215
205, 528, 216
209, 527, 214
527, 209, 211
214, 205, 207
205, 214, 528
224, 217, 219
218, 217, 221
220, 222, 221
222, 224, 223
223, 219, 221
222, 220, 226
230, 227, 229
230, 217, 227
227, 224, 226
220, 217, 225
232, 231, 228
227, 226, 228
232, 226, 231
231, 225, 229
233, 292, 255
234, 250, 235
234, 233, 255
234, 252, 250
270, 236, 238
308, 239, 241
241, 240, 243
266, 244, 246
246, 245, 248
240, 239, 249
250, 242, 240
254, 251, 234
303, 253, 254
268, 255, 257
273, 258, 260
277, 261, 263
272, 246, 264
262, 265, 263
302, 268, 269
236, 270, 267
282, 266, 272
276, 273, 275
257, 256, 276
529, 277, 278
269, 257, 279
267, 271, 258
283, 272, 281
288, 282, 283
285, 275, 274
284, 289, 285
260, 309, 284
284, 274, 260
529, 278, 287
279, 276, 285
259, 258, 287
289, 283, 285
284, 288, 289
301, 242, 291
236, 292, 237
293, 266, 265
242, 301, 244
244, 293, 243
243, 242, 244
300, 295, 297
242, 250, 290
298, 250, 299
251, 294, 297
296, 252, 297
295, 290, 298
290, 295, 291
298, 299, 296
294, 301, 300
245, 244, 294
255, 268, 234
247, 245, 253
268, 302, 254
255, 292, 267
237, 233, 304
237, 304, 238
261, 306, 262
262, 307, 265
304, 235, 249
307, 306, 241
307, 241, 293
305, 304, 239
259, 309, 260
259, 287, 286
256, 267, 273
530, 310, 312
314, 312, 313
316, 314, 315
318, 316, 317
323, 318, 319
321, 313, 311
319, 317, 315
313, 321, 319
311, 310, 320
319, 315, 313
530, 322, 310
312, 322, 530
314, 323, 531
323, 316, 318
531, 312, 314
312, 531, 322
328, 324, 326
531, 327, 322
531, 323, 327
329, 330, 332
342, 332, 333
337, 334, 336
338, 341, 326
333, 331, 330
341, 338, 333
326, 325, 337
333, 330, 341
324, 334, 325
328, 334, 324
329, 342, 340
342, 329, 332
340, 328, 327
328, 340, 334
320, 322, 326
321, 320, 341
321, 341, 319
329, 323, 330
342, 333, 343
339, 336, 345
353, 345, 346
343, 339, 347
335, 343, 348
336, 335, 344
346, 349, 351
349, 348, 352
344, 348, 346
352, 347, 353
358, 354, 355
356, 352, 354
354, 353, 351
350, 349, 356
363, 357, 359
350, 356, 360
351, 350, 355
357, 356, 358
363, 359, 362
358, 355, 359
362, 360, 363
355, 360, 361
367, 364, 366
381, 367, 368
381, 369, 371
371, 370, 373
373, 372, 375
375, 374, 377
376, 374, 379
532, 380, 364
532, 377, 380
367, 532, 364
381, 375, 377
375, 371, 373
377, 367, 381
367, 377, 532
388, 382, 384
388, 372, 382
366, 365, 386
389, 380, 379
368, 366, 387
374, 372, 378
385, 365, 389
382, 370, 390
406, 391, 393
385, 389, 391
382, 390, 383
392, 389, 395
387, 386, 397
395, 379, 398
386, 385, 396
398, 378, 384
393, 399, 401
408, 383, 402
393, 392, 399
397, 396, 404
395, 398, 399
396, 391, 403
398, 384, 405
407, 384, 408
400, 410, 409
411, 413, 414
410, 400, 411
409, 412, 401
411, 414, 410
404, 403, 410
400, 399, 411
409, 403, 412
405, 407, 411
407, 408, 413
412, 406, 401
408, 402, 414
427, 415, 417
419, 417, 418
430, 419, 420
430, 420, 422
429, 422, 423
429, 423, 425
424, 418, 416
423, 421, 420
418, 424, 423
416, 415, 426
423, 420, 418
428, 426, 427
425, 424, 428
417, 428, 427
419, 429, 425
429, 430, 422
428, 417, 419
419, 425, 428
437, 431, 433
444, 434, 436
443, 437, 438
435, 434, 431
439, 441, 446
446, 438, 439
444, 436, 439
447, 445, 441
448, 447, 440
447, 448, 442
442, 443, 445
439, 442, 440
443, 438, 445
533, 449, 451
533, 451, 453
534, 453, 454
534, 454, 456
535, 455, 458
458, 457, 460
459, 452, 451
457, 455, 454
452, 459, 457
451, 450, 461
457, 454, 452
462, 461, 449
460, 459, 462
476, 463, 465
465, 464, 467
467, 466, 469
469, 468, 471
473, 471, 472
488, 473, 474
474, 466, 464
472, 470, 468
466, 474, 472
464, 463, 475
472, 468, 466
477, 475, 476
536, 474, 477
469, 471, 479
484, 480, 482
487, 476, 483
536, 477, 484
483, 465, 485
478, 471, 486
477, 476, 480
467, 469, 485
486, 473, 489
483, 485, 491
486, 489, 493
487, 483, 494
478, 486, 495
496, 479, 495
480, 487, 481
485, 479, 490
497, 500, 498
512, 500, 503
506, 502, 505
505, 498, 506
502, 500, 504
510, 507, 509
504, 497, 507
504, 507, 511
515, 511, 509
514, 512, 513
501, 500, 514
506, 501, 513
503, 502, 513
509, 508, 515
515, 499, 511
498, 505, 499
278, 263, 288
286, 278, 309
