# Project Zomboid Skinned Mesh
# File Version:
1.0
# Model Name:
weapons_handgun
# Vertex Stride Element Count:
3
# Vertex Stride Size (in bytes):
76
# Vertex Stride Data:
# (Int)    Offset
# (String) Type
0
VertexArray
12
NormalArray
24
TextureCoordArray
# Vertex Count:
301
# Vertex Buffer:
0.010704, 0.02208799, 0.075085
0.72496718, 0.25855282, 0.63838619
0.75480598, 0.935669
0.010704, -0.02076501, 0.076728
0.7707755, -0.31366923, 0.5544908
0.92122602, 0.936074
0.010704, -0.005068, 0.02516
0.90536213, -0.38508254, -0.17880794
0.85317302, 0.73826799
0.010704, 0.009596, 0.002701
0.90859705, -0.34775841, -0.23120824
0.79317498, 0.65321201
0.010704, 0.025348, 0.018623
0.98220772, 0.13925596, 0.12594989
0.73430502, 0.71715099
0.010704, 0.016764, -0.007311
0.94390696, -0.29895931, -0.14020203
0.763982, 0.615381
0.010704, 0.02052799, 0.032552
0.96743673, 0.24826807, 0.04895169
0.75493801, 0.770502
0.006414, 0.02640899, 0.036461
0.49424726, 0.86126286, 0.11783197
0.73267299, 0.786479
0.006414, 0.031134, 0.02381901
0.55632192, 0.62642294, 0.54594564
0.71258801, 0.73811001
0.010704, 0.039992, 0.01186901
0.97054964, 0.05087436, 0.23538926
0.67657202, 0.69299701
0.006414, 0.040752, 0.01843901
0.51029998, 0.21720023, 0.83208716
0.67453903, 0.718584
0.006414, -0.02569201, 0.07730399
0.33631396, -0.77214879, 0.53910947
0.94041699, 0.937621
0.006414, -0.008536, 0.022924
0.3617664, -0.83889282, -0.40662861
0.86631101, 0.72911599
0.006414, 0.006281, 0.001019
0.35026094, -0.78048038, -0.51780754
0.80579698, 0.64622799
0.006414, 0.012379, -0.008228
0.40415663, -0.84844506, -0.34165472
0.78086102, 0.611213
0.010704, 0.046013, -0.00063099
0.67638171, 0.61803031, -0.40064698
0.65148199, 0.645358
0.010704, 0.05191899, 0.01217501
0.70748007, 0.70296335, 0.07257301
0.63035899, 0.69584399
0.006414, 0.01452, -0.022296
0.40794092, -0.49736014, -0.76558733
0.77060002, 0.55695301
0.010704, 0.03519201, -0.01301399
0.67058319, 0.46699423, -0.57634205
0.691724, 0.59582999
0.010704, 0.024869, -0.018779
0.70650351, 0.18320261, -0.68355358
0.730955, 0.57203299
0.006414, -0.02569201, 0.07730399
0.33631396, -0.77214879, 0.53910947
0.95173699, 0.94713
-0.006393, -0.02569201, 0.07730399
-0.33631396, -0.77214879, 0.53910947
0.98961598, 0.94691
-0.006393, -0.008536, 0.022924
-0.3617664, -0.83889282, -0.40662861
0.98961502, 0.809944
0.006414, -0.008536, 0.022924
0.3617664, -0.83889282, -0.40662861
0.95172203, 0.810258
-0.006393, 0.006281, 0.001019
-0.35026094, -0.78048038, -0.51780754
0.989609, 0.74244601
0.006414, 0.006281, 0.001019
0.35026094, -0.78048038, -0.51780754
0.95168102, 0.74238899
-0.006393, 0.012379, -0.008228
-0.40415663, -0.84844506, -0.34165472
0.98959702, 0.71065199
0.006414, 0.01452, -0.022296
0.40794092, -0.49736014, -0.76558733
0.951657, 0.669126
0.006414, 0.012379, -0.008228
0.40415663, -0.84844506, -0.34165472
0.95168102, 0.71065301
-0.010683, 0.02208799, 0.075085
-0.72496718, 0.25855282, 0.63838619
0.75480598, 0.935669
-0.010683, 0.02052799, 0.032552
-0.96743673, 0.24826807, 0.04895169
0.75493801, 0.770502
-0.010683, -0.005068, 0.02516
-0.90536213, -0.38508254, -0.17880794
0.85317302, 0.73826799
-0.010683, 0.025348, 0.018623
-0.98220772, 0.13925596, 0.12594989
0.73430502, 0.71715099
-0.010683, 0.009596, 0.002701
-0.90859705, -0.34775841, -0.23120824
0.79317498, 0.65321201
-0.010683, 0.039992, 0.01186901
-0.97054964, 0.05087436, 0.23538926
0.67657202, 0.69299701
-0.010683, 0.016764, -0.007311
-0.94390696, -0.29895931, -0.14020203
0.763982, 0.615381
-0.006393, 0.02827999, 0.07474401
-0.36509293, 0.72707295, 0.58140814
0.73074698, 0.935207
-0.006393, 0.02640899, 0.036461
-0.49424726, 0.86126286, 0.11783197
0.73267299, 0.786479
-0.006393, 0.031134, 0.02381901
-0.55632192, 0.62642294, 0.54594564
0.71258801, 0.73811001
-0.006393, 0.040752, 0.01843901
-0.51029998, 0.21720023, 0.83208716
0.67453903, 0.718584
-0.006393, -0.008536, 0.022924
-0.3617664, -0.83889282, -0.40662861
0.86631101, 0.72911599
-0.006393, -0.02569201, 0.07730399
-0.33631396, -0.77214879, 0.53910947
0.94041699, 0.937621
-0.010683, -0.02076501, 0.076728
-0.7707755, -0.31366923, 0.5544908
0.92122602, 0.936074
-0.006393, 0.006281, 0.001019
-0.35026094, -0.78048038, -0.51780754
0.80579698, 0.64622799
-0.006393, 0.012379, -0.008228
-0.40415663, -0.84844506, -0.34165472
0.78086102, 0.611213
-0.010683, 0.05191899, 0.01217501
-0.70748007, 0.70296335, 0.07257301
0.63035899, 0.69584399
-0.010683, 0.046013, -0.00063099
-0.67638171, 0.61803031, -0.40064698
0.65148199, 0.645358
-0.006393, 0.05160899, 0.01859201
-0.37104404, 0.59221166, 0.71523178
0.632456, 0.720689
-0.010683, 0.024869, -0.018779
-0.70650351, 0.18320261, -0.68355358
0.730955, 0.57203299
-0.006393, 0.01452, -0.022296
-0.40794092, -0.49736014, -0.76558733
0.77060002, 0.55695301
-0.010683, 0.03519201, -0.01301399
-0.67058319, 0.46699423, -0.57634205
0.691724, 0.59582999
-0.006393, 0.02640899, 0.036461
-0.49424726, 0.86126286, 0.11783197
0.65588099, 0.858236
-0.006393, 0.02827999, 0.07474401
-0.36509293, 0.72707295, 0.58140814
0.65588099, 0.984615
0.006414, 0.02827999, 0.07474401
0.36509293, 0.72707295, 0.58140814
0.61123699, 0.984615
-0.006393, 0.031134, 0.02381901
-0.55632192, 0.62642294, 0.54594564
0.65588099, 0.80252901
0.006414, 0.02640899, 0.036461
0.49424726, 0.86126286, 0.11783197
0.61123699, 0.858236
-0.006393, 0.040752, 0.01843901
-0.51029998, 0.21720023, 0.83208716
0.65588099, 0.732225
0.006414, 0.031134, 0.02381901
0.55632192, 0.62642294, 0.54594564
0.61123699, 0.80252901
-0.006393, 0.05160899, 0.01859201
-0.37104404, 0.59221166, 0.71523178
0.65588099, 0.75770199
0.006414, 0.040752, 0.01843901
0.51029998, 0.21720023, 0.83208716
0.61123699, 0.732225
0.010704, 0.02208799, 0.075085
0.72496718, 0.25855282, 0.63838619
0.98932302, 0.54780799
0.006414, 0.02827999, 0.07474401
0.36509293, 0.72707295, 0.58140814
0.97621101, 0.566733
0.006414, -0.02569201, 0.07730399
0.33631396, -0.77214879, 0.53910947
0.97621101, 0.40176398
-0.006393, 0.02827999, 0.07474401
-0.36509293, 0.72707295, 0.58140814
0.93706399, 0.566733
-0.006393, -0.02569201, 0.07730399
-0.33631396, -0.77214879, 0.53910947
0.93706399, 0.40176398
-0.010683, 0.02208799, 0.075085
-0.72496718, 0.25855282, 0.63838619
0.92395103, 0.54780799
-0.010683, -0.02076501, 0.076728
-0.7707755, -0.31366923, 0.5544908
0.92395103, 0.41682702
0.006414, 0.01452, -0.022296
0.40794092, -0.49736014, -0.76558733
0.87231499, 0.417584
-0.006393, 0.01452, -0.022296
-0.40794092, -0.49736014, -0.76558733
0.83112103, 0.41945398
-0.010683, 0.024869, -0.018779
-0.70650351, 0.18320261, -0.68355358
0.81859702, 0.455199
0.010704, 0.05191899, 0.01217501
0.70748007, 0.70296335, 0.07257301
0.89468902, 0.58945099
-0.010683, 0.05191899, 0.01217501
-0.70748007, 0.70296335, 0.07257301
0.82478899, 0.59257501
-0.006393, 0.05160899, 0.01859201
-0.37104404, 0.59221166, 0.71523178
0.83830398, 0.61195001
0.010704, 0.046013, -0.00063099
0.67638171, 0.61803031, -0.40064698
0.89262998, 0.54379901
-0.010683, 0.046013, -0.00063099
-0.67638171, 0.61803031, -0.40064698
0.82273102, 0.546942
0.010704, 0.03519201, -0.01301399
0.67058319, 0.46699423, -0.57634205
0.89021403, 0.49027997
-0.010683, 0.03519201, -0.01301399
-0.67058319, 0.46699423, -0.57634205
0.82032001, 0.49343097
0.010704, 0.024869, -0.018779
0.70650351, 0.18320261, -0.68355358
0.88849002, 0.45204902
0.006954, 0.055491, 0.00618301
0.8245796, 0.5307169, 0.19592883
0.74727798, 0.405168
0.006954, 0.051596, 0.01829401
0.91070282, -0.37742239, 0.16772974
0.76756001, 0.468216
0.006954, 0.014868, -0.02192
0.56462294, -0.1993469, -0.80086672
0.95876801, 0.258856
0.006954, 0.06096201, -0.04274499
0.90450758, 0.30149236, 0.30149236
0.71879798, 0.15043902
0.006954, 0.05251501, -0.04748799
0.60740989, -0.40943632, -0.68071538
0.76277602, 0.12574798
0.006954, 0.11556401, -0.04748598
0.57792902, 0.57380903, -0.58024842
0.438737, 0.12575501
0.006954, 0.042615, -0.02882699
0.81121248, -0.3600879, -0.46064639
0.81431299, 0.22290099
0.006954, 0.060962, 0.00111801
0.79912716, 0.21930601, 0.55970949
0.71879798, 0.37879902
0.006954, 0.060962, -0.00719599
0.90450758, 0.30149236, -0.30149236
0.71879798, 0.335513
0.006954, 0.101915, -0.00719598
0.90450758, -0.30149236, -0.30149236
0.500521, 0.335513
0.006954, 0.086401, 0.00111801
0.79045993, -0.20438246, 0.57734919
0.58635598, 0.37879902
0.006954, 0.10191401, -0.04274499
0.90450758, -0.30149236, 0.30149236
0.50052899, 0.15043998
0.006954, 0.098751, 0.00111802
0.79537338, 0.21295816, 0.56746119
0.52205998, 0.37879902
0.006954, 0.112866, -0.00719598
0.73818171, 0.66859949, 0.08944975
0.45364699, 0.335513
0.006954, 0.112866, 0.00111802
0.57734919, 0.57734919, 0.57734919
0.45364699, 0.37879902
0.006954, 0.05777499, 0.02569401
0.8939482, 0.2931608, -0.33887753
0.73539102, 0.506744
0.006954, 0.08310999, 0.02498801
0.80843532, -0.24897, -0.53331095
0.60349, 0.50306699
0.006954, 0.08479299, 0.02782101
0.62376779, 0.34607989, 0.70076603
0.59473199, 0.517818
0.006954, 0.091125, 0.01594301
0.79628897, -0.56556904, -0.2145146
0.56176299, 0.45597702
0.006954, 0.09442, 0.01590301
0.63921016, 0.72505873, 0.25623339
0.54460901, 0.45576799
0.006954, 0.091125, 0.00494201
0.8179571, -0.51918089, 0.24768822
0.56176299, 0.39870501
0.006954, 0.09442, 0.00490202
0.81301308, 0.53007597, 0.24076052
0.54460901, 0.39849597
0.006954, 0.11589, -0.01829498
0.67726678, 0.7297281, 0.0934782
0.43876299, 0.27772999
0.006954, 0.05251501, -0.04748799
0.60740989, -0.40943632, -0.68071538
0.588368, 0.09188098
0.006954, 0.042615, -0.02882699
0.81121248, -0.3600879, -0.46064639
0.65813601, 0.09189302
-0.007118, 0.042615, -0.02882699
-0.81121248, -0.3600879, -0.46064639
0.65810502, 0.05316401
0.006954, 0.11556401, -0.04748598
0.57792902, 0.57380903, -0.58024842
0.40419501, 0.09184998
-0.007118, 0.05251501, -0.04748799
-0.60740989, -0.40943632, -0.68071538
0.58839101, 0.05316401
0.006954, 0.101915, -0.00719598
0.90450758, -0.30149236, -0.30149236
0.60712898, 0.16558999
0.006954, 0.060962, -0.00719599
0.90450758, 0.30149236, -0.30149236
0.56243098, 0.16558999
-0.007118, 0.060962, -0.00719599
-0.90450758, 0.30149236, -0.30149236
0.56243098, 0.18211597
0.006954, 0.05777499, 0.02569401
0.8939482, 0.2931608, -0.33887753
0.72088099, 0.42260498
0.006954, 0.055491, 0.00618301
0.8245796, 0.5307169, 0.19592883
0.69404203, 0.42260498
-0.007118, 0.055491, 0.00618301
-0.8245796, 0.5307169, 0.19592883
0.69404203, 0.40781999
0.006954, 0.08310999, 0.02498801
0.80843532, -0.24897, -0.53331095
0.61804301, 0.42260301
0.006954, 0.05777499, 0.02569401
0.8939482, 0.2931608, -0.33887753
0.59016299, 0.42260301
-0.007118, 0.05777499, 0.02569401
-0.8939482, 0.2931608, -0.33887753
0.59016299, 0.407821
0.006954, 0.091125, 0.01594301
0.79628897, -0.56556904, -0.2145146
0.63805902, 0.42260402
-0.007118, 0.08310999, 0.02498801
-0.80843532, -0.24897, -0.53331095
0.61804301, 0.407821
0.006954, 0.091125, 0.00494201
0.8179571, -0.51918089, 0.24768822
0.64972699, 0.42260498
-0.007118, 0.091125, 0.01594301
-0.79628897, -0.56556904, -0.2145146
0.63805902, 0.40781999
0.006954, 0.09442, 0.00490202
0.81301308, 0.53007597, 0.24076052
0.169576, 0.62555099
0.006954, 0.098751, 0.00111802
0.79537338, 0.21295816, 0.56746119
0.131312, 0.62555099
-0.007118, 0.098751, 0.00111802
-0.79537338, 0.21295816, 0.56746119
0.131312, 0.56780499
0.006954, 0.10191401, -0.04274499
0.90450758, -0.30149236, 0.30149236
0.65182698, 0.16558999
-0.007118, 0.101915, -0.00719598
-0.90450758, -0.30149236, -0.30149236
0.60712898, 0.18211597
-0.007118, 0.055491, 0.00618301
-0.8245796, 0.5307169, 0.19592883
0.74727798, 0.405168
-0.007118, 0.042615, -0.02882699
-0.81121248, -0.3600879, -0.46064639
0.81431299, 0.22290099
-0.007118, 0.014868, -0.02192
-0.56462294, -0.1993469, -0.80086672
0.95876801, 0.258856
-0.007118, 0.06096201, -0.04274499
-0.90450758, 0.30149236, 0.30149236
0.71879798, 0.15043902
-0.007118, 0.11556401, -0.04748598
-0.57792902, 0.57380903, -0.58024842
0.438737, 0.12575501
-0.007118, 0.05251501, -0.04748799
-0.60740989, -0.40943632, -0.68071538
0.76277602, 0.12574798
-0.007118, 0.060962, 0.00111801
-0.79912716, 0.21930601, 0.55970949
0.71879798, 0.37879902
-0.007118, 0.060962, -0.00719599
-0.90450758, 0.30149236, -0.30149236
0.71879798, 0.335513
-0.007118, 0.086401, 0.00111801
-0.79045993, -0.20438246, 0.57734919
0.58635598, 0.37879902
-0.007118, 0.101915, -0.00719598
-0.90450758, -0.30149236, -0.30149236
0.500521, 0.335513
-0.007118, 0.10191401, -0.04274499
-0.90450758, -0.30149236, 0.30149236
0.50052899, 0.15043998
-0.007118, 0.098751, 0.00111802
-0.79537338, 0.21295816, 0.56746119
0.52205998, 0.37879902
-0.007118, 0.112866, 0.00111802
-0.57734919, 0.57734919, 0.57734919
0.45364699, 0.37879902
-0.007118, 0.112866, -0.00719598
-0.73818171, 0.66859949, 0.08944975
0.45364699, 0.335513
-0.007118, 0.051596, 0.01829401
-0.91070282, -0.37742239, 0.16772974
0.76756001, 0.468216
-0.007118, 0.056162, 0.02856801
-0.60081792, -0.42680135, 0.67589343
0.74378699, 0.521705
-0.007118, 0.05777499, 0.02569401
-0.8939482, 0.2931608, -0.33887753
0.73539102, 0.506744
-0.007118, 0.08479299, 0.02782101
-0.62376779, 0.34607989, 0.70076603
0.59473199, 0.517818
-0.007118, 0.08310999, 0.02498801
-0.80843532, -0.24897, -0.53331095
0.60349, 0.50306699
-0.007118, 0.09442, 0.01590301
-0.63921016, 0.72505873, 0.25623339
0.54460901, 0.45576799
-0.007118, 0.091125, 0.01594301
-0.79628897, -0.56556904, -0.2145146
0.56176299, 0.45597702
-0.007118, 0.09442, 0.00490202
-0.81301308, 0.53007597, 0.24076052
0.54460901, 0.39849597
-0.007118, 0.091125, 0.00494201
-0.8179571, -0.51918089, 0.24768822
0.56176299, 0.39870501
-0.007118, 0.11589, -0.01829498
-0.67726678, 0.7297281, 0.0934782
0.43876299, 0.27772999
0.006954, 0.014868, -0.02192
0.56462294, -0.1993469, -0.80086672
0.75694501, 0.09188098
0.006954, 0.060962, 0.00111801
0.79912716, 0.21930601, 0.55970949
0.685368, 0.42260498
0.006954, 0.06096201, -0.04274499
0.90450758, 0.30149236, 0.30149236
0.51773298, 0.165595
-0.007118, 0.060962, 0.00111801
-0.79912716, 0.21930601, 0.55970949
0.685368, 0.40781999
0.006954, 0.086401, 0.00111801
0.79045993, -0.20438246, 0.57734919
0.65758401, 0.42260498
-0.007118, 0.06096201, -0.04274499
-0.90450758, 0.30149236, 0.30149236
0.69652402, 0.18211401
0.006954, 0.06096201, -0.04274499
0.90450758, 0.30149236, 0.30149236
0.69652402, 0.16558498
0.006954, 0.112866, 0.00111802
0.57734919, 0.57734919, 0.57734919
0.046835, 0.62555099
-0.007118, 0.112866, 0.00111802
-0.57734919, 0.57734919, 0.57734919
0.41647601, 0.37255001
0.006954, 0.112866, 0.00111802
0.57734919, 0.57734919, 0.57734919
0.36805499, 0.37255001
0.006954, 0.112866, -0.00719598
0.73818171, 0.66859949, 0.08944975
0.36805499, 0.34394002
-0.007118, 0.051596, 0.01829401
-0.91070282, -0.37742239, 0.16772974
0.57230902, 0.56780499
0.006954, 0.051596, 0.01829401
0.91070282, -0.37742239, 0.16772974
0.57230902, 0.62555099
0.006954, 0.056162, 0.02856801
0.60081792, -0.42680135, 0.67589343
0.48855701, 0.62555099
-0.007118, 0.056162, 0.02856801
-0.60081792, -0.42680135, 0.67589343
0.48855701, 0.56780499
0.006954, 0.08479299, 0.02782101
0.62376779, 0.34607989, 0.70076603
0.342296, 0.62555099
-0.007118, 0.08479299, 0.02782101
-0.62376779, 0.34607989, 0.70076603
0.342296, 0.56780499
0.006954, 0.09442, 0.01590301
0.63921016, 0.72505873, 0.25623339
0.24182101, 0.62555099
-0.007118, 0.09442, 0.01590301
-0.63921016, 0.72505873, 0.25623339
0.24182101, 0.56780499
-0.007118, 0.086401, 0.00111801
-0.79045993, -0.20438246, 0.57734919
0.65758401, 0.40781999
-0.007118, 0.112866, -0.00719598
-0.73818171, 0.66859949, 0.08944975
0.41647601, 0.34394002
0.006954, 0.11589, -0.01829498
0.67726678, 0.7297281, 0.0934782
0.36805499, 0.28325999
-0.007118, 0.11589, -0.01829498
-0.67726678, 0.7297281, 0.0934782
0.41647601, 0.28325999
0.006954, 0.11556401, -0.04748598
0.57792902, 0.57380903, -0.58024842
0.36805499, 0.18281198
0.002723, 0.03834001, -0.03688799
0.86733603, -0.06961272, -0.4928129
0.875265, 0.13387799
0.002723, 0.044167, -0.02784599
1.0, 0.0, 0.0
0.82873201, 0.20608997
0.002723, 0.03549, -0.03412999
0.92974639, -0.36603901, 0.03930784
0.89802402, 0.15590799
-0.002825, 0.03001201, -0.041402
-0.64403212, 0.12949003, -0.75392926
0.76848203, 0.002397
0.002723, 0.03006401, -0.041453
0.63603628, 0.13107699, -0.76039916
0.76809001, 0.04232699
0.002723, 0.02519601, -0.040638
0.54365671, -0.82250434, -0.16699728
0.803895, 0.04232597
-0.002825, 0.044167, -0.02784599
-1.0, 0.0, 0.0
0.82873201, 0.20608997
-0.002825, 0.03828801, -0.03683699
-0.87047946, -0.06494339, -0.48783839
0.87568003, 0.13428599
-0.002825, 0.035497, -0.03413599
-0.93005157, -0.36524552, 0.03955199
0.89797199, 0.15585703
0.002723, 0.05174701, -0.04331199
0.65016633, 0.17252113, -0.73992127
0.57826501, 0.04232699
0.002723, 0.04619301, -0.04460699
0.61299479, -0.21366009, -0.76061279
0.61957502, 0.04232597
-0.002825, 0.04619301, -0.04460699
-0.61299479, -0.21366009, -0.76061279
0.61956799, 0.00239801
0.002723, 0.024591, -0.023374
0.3327128, -0.66237372, -0.6711936
0.985066, 0.24180597
0.002723, 0.03549, -0.03412999
0.92974639, -0.36603901, 0.03930784
0.89008403, 0.04232401
0.002723, 0.024591, -0.023374
0.3327128, -0.66237372, -0.6711936
0.99844903, 0.04232401
-0.002825, 0.024591, -0.023374
-0.3327128, -0.66237372, -0.6711936
0.99842203, 0.002397
-0.002825, 0.024591, -0.023374
-0.3327128, -0.66237372, -0.6711936
0.985066, 0.24180597
-0.002825, 0.04619301, -0.04460699
-0.61299479, -0.21366009, -0.76061279
0.81255001, 0.07223397
0.002723, 0.03834001, -0.03688799
0.86733603, -0.06961272, -0.4928129
0.69971299, 0.04232502
-0.002825, 0.03828801, -0.03683699
-0.87047946, -0.06494339, -0.48783839
0.69972402, 0.00239801
0.002723, 0.04619301, -0.04460699
0.61299479, -0.21366009, -0.76061279
0.81255001, 0.07223397
0.002723, 0.02519601, -0.040638
0.54365671, -0.82250434, -0.16699728
0.98023599, 0.10393202
0.002723, 0.03006401, -0.041453
0.63603628, 0.13107699, -0.76039916
0.94136101, 0.097422
-0.002825, 0.035497, -0.03413599
-0.93005157, -0.36524552, 0.03955199
0.88999301, 0.002397
-0.002825, 0.02520201, -0.040645
-0.54560989, -0.82052064, -0.17035432
0.80380303, 0.002397
-0.002825, 0.03001201, -0.041402
-0.64403212, 0.12949003, -0.75392926
0.94177598, 0.09783
-0.006686, 0.115527, -0.03480398
-0.86999112, 0.0, 0.49302652
0.341313, 0.20329303
-0.006686, 0.18877999, -0.03480397
-0.68858916, 0.61113316, 0.39024019
0.001079, 0.20328099
-0.006686, 0.18877999, -0.04275897
-0.68858916, 0.61113316, -0.39027071
0.001079, 0.22996402
-4.4e-05, 0.115527, -0.03082598
3.052e-05, 0.0, 0.99996948
0.34131601, 0.17781299
-4.4e-05, 0.18877999, -0.03082597
0.0, 0.60768455, 0.79415268
0.001082, 0.17778999
0.006597, 0.115527, -0.03480398
0.86999112, 0.0, 0.49299601
0.34131899, 0.15232098
0.006597, 0.18877999, -0.03480397
0.68861967, 0.61113316, 0.39020967
0.001085, 0.152309
0.006597, 0.115527, -0.04275898
0.86999112, 0.0, -0.49305704
0.34131899, 0.12563902
0.006597, 0.18877999, -0.04275897
0.68858916, 0.61113316, -0.39024019
0.001085, 0.125651
-4.4e-05, 0.115527, -0.04673598
3.052e-05, 0.0, -1.0
0.34131601, 0.25543201
-4.4e-05, 0.18878001, -0.04673597
0.0, 0.60768455, -0.79415268
0.001082, 0.25545502
0.006597, 0.18877999, -0.04275897
0.68858916, 0.61113316, -0.39024019
0.001085, 0.280936
-0.006686, 0.115527, -0.04275898
-0.86996061, 0.0, -0.49308756
0.34131199, 0.22995198
-0.006686, 0.18877999, -0.04275897
-0.68858916, 0.61113316, -0.39027071
0.106919, 0.406856
-0.006686, 0.18877999, -0.03480397
-0.68858916, 0.61113316, 0.39024019
0.04997, 0.406856
-4.4e-05, 0.18877999, -0.03878097
0.0, 1.0, 0.0
0.078445, 0.35930902
-4.4e-05, 0.18877999, -0.03082597
0.0, 0.60768455, 0.79415268
0.021496, 0.35930902
0.006597, 0.18877999, -0.03480397
0.68861967, 0.61113316, 0.39020967
0.04997, 0.31176102
0.006597, 0.18877999, -0.04275897
0.68858916, 0.61113316, -0.39024019
0.106919, 0.31176102
-4.4e-05, 0.18878001, -0.04673597
0.0, 0.60768455, -0.79415268
0.13539401, 0.35930902
0.003902, 0.155341, -0.02023897
0.61778617, 0.35688344, 0.70067447
0.211904, 0.44773102
0.003902, 0.111269, -0.02023898
0.57734919, -0.57734919, 0.57734919
0.41719899, 0.44773102
0.003902, 0.111269, -0.03395598
0.70708334, -0.70708334, 0.0
0.417198, 0.37715203
-0.00421, 0.111269, -0.03395598
-0.70708334, -0.70708334, 0.0
0.41719899, 0.55983099
-0.00421, 0.111269, -0.02023898
-0.57734919, -0.57734919, 0.57734919
0.417198, 0.48941803
-0.00421, 0.155341, -0.02023897
-0.61778617, 0.35688344, 0.70067447
0.211904, 0.48942399
-0.00421, 0.111269, -0.03395598
-0.70708334, -0.70708334, 0.0
0.48769501, 0.489416
0.003902, 0.111269, -0.03395598
0.70708334, -0.70708334, 0.0
0.48769501, 0.44773102
0.003902, 0.16531301, -0.03395597
0.51435894, 0.69362468, 0.50425732
0.1095, 0.44773197
-0.00421, 0.16531301, -0.03395597
-0.51435894, 0.69362468, 0.50425732
0.109499, 0.48942602
0.001211, 0.186912, -0.04531697
0.74135566, 0.66505933, -0.0896939
0.133238, 0.09026301
-0.000286, 0.16996202, -0.05128597
-0.03796503, -0.05319376, -0.99783319
0.23253199, 0.055296
-0.000286, 0.18086702, -0.05686097
-0.01586962, -0.26322216, -0.96459854
0.16864499, 0.02263302
-0.001318, 0.186912, -0.04531697
-0.73198646, 0.678518, -0.06103702
0.133238, 0.09053999
0.001211, 0.186912, -0.04531697
0.74135566, 0.66505933, -0.0896939
0.118299, 0.08948398
-0.000286, 0.18691202, -0.05686197
-0.01675466, 0.5377056, -0.84292126
0.133238, 0.02235001
-0.000286, 0.14394701, -0.04531698
-0.00103763, -0.28922391, -0.95724356
0.38492501, 0.09026301
-0.000286, 0.16373901, -0.05129698
-0.01840266, -0.24149297, -0.97021395
0.26898199, 0.05523199
-0.014709, 0.061483, -0.03395299
-0.68623918, -0.60997343, -0.3961913
0.59311002, 0.88159
-0.014709, 0.061483, -0.01699499
-0.68620867, -0.60997343, 0.3961913
0.59311002, 0.825348
-0.014709, 0.099504, -0.01699498
-0.68620867, 0.60997343, 0.3961913
0.31362101, 0.825342
-2.3e-05, 0.061483, -0.00851699
0.0, -0.60997343, 0.7923826
0.59312099, 0.769104
-2.3e-05, 0.099504, -0.00851698
0.0, 0.60997343, 0.7923826
0.313631, 0.76909199
0.014663, 0.061483, -0.01699499
0.68620867, -0.60997343, 0.3961913
0.59313202, 0.71285501
0.014663, 0.099504, -0.01699498
0.68620867, 0.60997343, 0.3961913
0.313642, 0.71284899
0.014663, 0.061483, -0.03395299
0.68623918, -0.60997343, -0.3961913
0.59313202, 0.65660101
0.014663, 0.09950401, -0.03395298
0.68623918, 0.60997343, -0.3961913
0.31364301, 0.65660799
-2.3e-05, 0.06148301, -0.04243199
0.0, -0.60997343, -0.7923826
0.59312099, 0.937833
-2.3e-05, 0.09950401, -0.04243198
0.0, 0.60997343, -0.7923826
0.313631, 0.937846
0.014663, 0.09950401, -0.03395298
0.68623918, 0.60997343, -0.3961913
0.313642, 0.99409
-0.014709, 0.09950401, -0.03395298
-0.68623918, 0.60997343, -0.3961913
0.31362101, 0.881595
-0.014709, 0.061483, -0.01699499
-0.68620867, -0.60997343, 0.3961913
0.312581, 0.894648
-0.014709, 0.061483, -0.03395299
-0.68623918, -0.60997343, -0.3961913
0.312581, 0.731388
-2.3e-05, 0.061483, -0.02547399
0.0, -1.0, 0.0
0.171194, 0.81301799
-2.3e-05, 0.061483, -0.00851699
0.0, -0.60997343, 0.7923826
0.171194, 0.976278
0.014663, 0.061483, -0.01699499
0.68620867, -0.60997343, 0.3961913
0.029808, 0.894648
0.014663, 0.061483, -0.03395299
0.68623918, -0.60997343, -0.3961913
0.029808, 0.73138899
-2.3e-05, 0.06148301, -0.04243199
0.0, -0.60997343, -0.7923826
0.171194, 0.64975899
-0.014709, 0.09950401, -0.03395298
-0.68623918, 0.60997343, -0.3961913
0.312581, 0.731388
-0.014709, 0.099504, -0.01699498
-0.68620867, 0.60997343, 0.3961913
0.312581, 0.894648
-2.3e-05, 0.09950401, -0.02547398
0.0, 0.99996948, 0.0
0.171194, 0.81301799
-2.3e-05, 0.099504, -0.00851698
0.0, 0.60997343, 0.7923826
0.171194, 0.976278
0.014663, 0.099504, -0.01699498
0.68620867, 0.60997343, 0.3961913
0.029808, 0.894648
0.014663, 0.09950401, -0.03395298
0.68623918, 0.60997343, -0.3961913
0.029808, 0.73138899
-2.3e-05, 0.09950401, -0.04243198
0.0, 0.60997343, -0.7923826
0.171194, 0.64975899
0.009881, 0.05021201, -0.04577899
0.57734919, -0.57734919, 0.57734919
0.031505, 0.05112898
0.009881, 0.05021201, -0.05158799
0.57734919, -0.57734919, -0.57734919
0.01253, 0.05112398
0.009881, 0.05643801, -0.05158799
0.57734919, 0.57734919, -0.57734919
0.01246, 0.06869501
0.009881, 0.05021201, -0.05158799
0.57734919, -0.57734919, -0.57734919
0.031417, 0.03445202
-0.009753, 0.05021201, -0.05158799
-0.57734919, -0.57734919, -0.57734919
0.08878, 0.03446001
-0.009753, 0.05643801, -0.05158799
-0.57734919, 0.57734919, -0.57734919
0.088691, 0.01602602
-0.009753, 0.05021201, -0.05158799
-0.57734919, -0.57734919, -0.57734919
0.105234, 0.051054
-0.009753, 0.05021201, -0.04577899
-0.57734919, -0.57734919, 0.57734919
0.088689, 0.05109102
-0.009753, 0.05643801, -0.04577899
-0.57734919, 0.57734919, 0.57734919
0.088682, 0.068735
0.009881, 0.05643801, -0.04577899
0.57734919, 0.57734919, 0.57734919
0.031438, 0.06869298
0.009881, 0.05643801, -0.05158799
0.57734919, 0.57734919, -0.57734919
0.031499, 0.087138
-0.009753, 0.05643801, -0.05158799
-0.57734919, 0.57734919, -0.57734919
0.088566, 0.08719897
0.006414, 0.02827999, 0.07474401
0.36509293, 0.72707295, 0.58140814
0.73074698, 0.935207
0.006414, 0.05160899, 0.01859201
0.37104404, 0.59221166, 0.71523178
0.632456, 0.720689
-0.006393, 0.01452, -0.022296
-0.40794092, -0.49736014, -0.76558733
0.98960203, 0.66915399
0.006414, 0.05160899, 0.01859201
0.37104404, 0.59221166, 0.71523178
0.61123699, 0.75770199
0.010704, -0.02076501, 0.076728
0.7707755, -0.31366923, 0.5544908
0.98932302, 0.41682702
0.006414, 0.05160899, 0.01859201
0.37104404, 0.59221166, 0.71523178
0.87951899, 0.610075
0.006954, 0.056162, 0.02856801
0.60081792, -0.42680135, 0.67589343
0.74378699, 0.521705
-0.007118, 0.11556401, -0.04748598
-0.57792902, 0.57380903, -0.58024842
0.40446201, 0.05316502
-0.007118, 0.05777499, 0.02569401
-0.8939482, 0.2931608, -0.33887753
0.72088099, 0.40781999
-0.007118, 0.091125, 0.00494201
-0.8179571, -0.51918089, 0.24768822
0.64972699, 0.40781999
-0.007118, 0.09442, 0.00490202
-0.81301308, 0.53007597, 0.24076052
0.169576, 0.56780499
-0.007118, 0.10191401, -0.04274499
-0.90450758, -0.30149236, 0.30149236
0.65182799, 0.18211597
-0.007118, 0.014868, -0.02192
-0.56462294, -0.1993469, -0.80086672
0.75694603, 0.05316401
-0.007118, 0.06096201, -0.04274499
-0.90450758, 0.30149236, 0.30149236
0.51773298, 0.182118
-0.007118, 0.112866, 0.00111802
-0.57734919, 0.57734919, 0.57734919
0.046835, 0.56780499
-0.007118, 0.11556401, -0.04748598
-0.57792902, 0.57380903, -0.58024842
0.41647601, 0.18281198
-0.002825, 0.05174701, -0.04331199
-0.65016633, 0.17252113, -0.73992127
0.57812798, 0.002397
-0.002825, 0.05174701, -0.04331199
-0.65016633, 0.17252113, -0.73992127
0.76819301, 0.08257699
0.002723, 0.05174701, -0.04331199
0.65016633, 0.17252113, -0.73992127
0.76819301, 0.08257699
-0.002825, 0.02520201, -0.040645
-0.54560989, -0.82052064, -0.17035432
0.98018402, 0.103881
0.006597, 0.115527, -0.04275898
0.86999112, 0.0, -0.49305704
0.34131899, 0.28092402
0.003902, 0.16531301, -0.03395597
0.51435894, 0.69362468, 0.50425732
0.164937, 0.37717301
-0.00421, 0.16531301, -0.03395597
-0.51435894, 0.69362468, 0.50425732
0.164937, 0.55985799
0.014663, 0.061483, -0.03395299
0.68623918, -0.60997343, -0.3961913
0.59313202, 0.994083
0.009881, 0.05643801, -0.05158799
0.57734919, 0.57734919, -0.57734919
0.031498, 0.01606297
-0.009753, 0.05643801, -0.05158799
-0.57734919, 0.57734919, -0.57734919
0.105227, 0.06878603
# Number of Faces:
279
# Face Data:
0, 1, 2
2, 3, 4
4, 3, 5
0, 6, 7
6, 4, 8
9, 10, 8
1, 11, 12
2, 12, 13
3, 13, 14
9, 15, 16
10, 9, 16
5, 14, 17
9, 5, 18
18, 5, 19
20, 21, 22
23, 22, 24
25, 24, 26
27, 28, 26
29, 30, 31
32, 33, 31
32, 34, 35
29, 36, 37
30, 37, 38
38, 39, 34
40, 41, 42
43, 40, 31
44, 43, 33
34, 45, 46
39, 47, 45
35, 48, 49
34, 46, 50
50, 48, 35
51, 52, 53
54, 51, 55
56, 54, 57
58, 56, 59
60, 61, 62
63, 64, 62
65, 66, 64
67, 68, 69
70, 71, 72
73, 74, 71
75, 76, 74
77, 69, 76
78, 79, 80
81, 82, 83
84, 82, 85
86, 85, 82
86, 87, 88
81, 83, 89
88, 87, 90
87, 91, 92
79, 78, 93
93, 94, 95
95, 94, 96
97, 96, 98
90, 99, 98
100, 89, 83
87, 89, 100
101, 102, 103
104, 101, 105
106, 107, 108
109, 110, 111
112, 113, 114
115, 112, 116
117, 115, 118
119, 120, 121
122, 106, 123
124, 125, 126
127, 128, 129
130, 129, 125
131, 127, 129
132, 133, 131
127, 134, 128
132, 135, 133
136, 137, 133
138, 139, 140
141, 142, 140
141, 143, 144
143, 145, 146
146, 145, 135
147, 128, 134
147, 134, 133
103, 102, 148
111, 110, 149
108, 107, 150
151, 149, 152
153, 154, 122
121, 120, 155
156, 157, 158
159, 160, 161
162, 161, 163
164, 163, 165
166, 165, 119
167, 152, 117
168, 158, 169
170, 169, 171
172, 173, 174
175, 176, 177
178, 179, 180
181, 182, 183
174, 173, 184
185, 186, 187
178, 180, 188
189, 179, 178
190, 191, 183
173, 172, 192
191, 190, 176
174, 193, 194
185, 195, 196
180, 179, 197
198, 199, 200
201, 202, 199
201, 203, 204
205, 206, 204
207, 208, 209
210, 200, 208
211, 212, 213
212, 214, 213
214, 215, 213
215, 216, 213
216, 217, 213
217, 211, 213
218, 219, 220
221, 222, 223
222, 219, 218
222, 224, 225
218, 226, 227
228, 229, 230
230, 229, 231
231, 232, 233
228, 234, 235
231, 235, 234
231, 229, 235
228, 235, 229
236, 237, 238
239, 240, 238
241, 242, 240
243, 244, 242
245, 246, 247
236, 248, 246
249, 250, 251
252, 249, 251
253, 252, 251
254, 253, 251
255, 254, 251
250, 255, 251
256, 257, 258
257, 259, 258
259, 260, 258
260, 261, 258
261, 262, 258
262, 256, 258
263, 264, 265
266, 267, 268
269, 270, 271
270, 263, 272
270, 267, 266
272, 273, 274
6, 0, 2
6, 2, 4
9, 4, 5
275, 0, 7
7, 6, 8
4, 9, 8
2, 1, 12
3, 2, 13
5, 3, 14
276, 10, 16
19, 5, 17
15, 9, 18
23, 20, 22
25, 23, 24
28, 25, 26
277, 27, 26
42, 29, 31
30, 32, 31
33, 32, 35
30, 29, 37
32, 30, 38
32, 38, 34
31, 40, 42
33, 43, 31
35, 44, 33
34, 39, 45
44, 35, 49
35, 34, 50
55, 51, 53
57, 54, 55
59, 56, 57
278, 58, 59
279, 60, 62
61, 63, 62
63, 65, 64
77, 67, 69
280, 70, 72
70, 73, 71
73, 75, 74
75, 77, 76
84, 78, 80
78, 84, 85
81, 86, 82
85, 86, 88
90, 87, 92
281, 79, 93
281, 93, 95
97, 95, 96
99, 97, 98
88, 90, 98
91, 87, 100
105, 101, 103
282, 104, 105
123, 106, 108
283, 109, 111
116, 112, 114
118, 115, 116
284, 117, 118
285, 119, 121
286, 122, 123
138, 124, 126
124, 130, 125
130, 131, 129
130, 132, 131
135, 136, 133
124, 138, 140
139, 141, 140
142, 141, 144
144, 143, 146
132, 146, 135
137, 147, 133
287, 103, 148
151, 111, 149
288, 108, 150
167, 151, 152
286, 153, 122
289, 121, 155
168, 156, 158
162, 159, 161
164, 162, 163
166, 164, 165
285, 166, 119
284, 167, 117
170, 168, 169
290, 170, 171
196, 175, 177
291, 181, 183
195, 185, 187
292, 189, 178
182, 190, 183
293, 173, 192
175, 191, 176
172, 174, 194
177, 185, 196
294, 180, 197
210, 198, 200
198, 201, 199
202, 201, 204
203, 205, 204
295, 207, 209
207, 210, 208
296, 218, 220
297, 221, 223
223, 222, 218
219, 222, 225
223, 218, 227
233, 228, 230
233, 230, 231
248, 236, 238
237, 239, 238
239, 241, 240
241, 243, 242
298, 245, 247
245, 236, 246
272, 263, 265
299, 266, 268
300, 269, 271
271, 270, 272
263, 270, 266
271, 272, 274
