# Project Zomboid Skinned Mesh
# File Version:
1.0
# Model Name:
Cube.006
# Vertex Stride Element Count:
3
# Vertex Stride Size (in bytes):
76
# Vertex Stride Data:
# (Int)    Offset
# (String) Type
0
VertexArray
12
NormalArray
24
TextureCoordArray
# Vertex Count:
333
# Vertex Buffer:
-0.01055446, 0.09648354, 0.02893463
-0.75634021, 0.21399578, -0.61815238
0.21533819, 0.75925575
-0.0041683, 0.0963684, 0.02893463
0.76354259, 0.18659016, -0.61815238
0.20978053, 0.7542455
-0.00431884, 0.0880186, 0.02398513
0.55064547, -0.38740197, -0.73937196
0.20897022, 0.7649875
-0.0040115, 0.10506555, 0.02973565
0.74459058, -0.06097598, -0.66469312
0.21007906, 0.73607442
-0.00401538, 0.10485045, 0.03207183
0.66823328, 0.06060976, 0.74144721
0.20799491, 0.7371887
-0.00417218, 0.09615332, 0.03127081
0.65651417, -0.24326304, 0.71395004
0.2082095, 0.75333408
-0.00382842, 0.11522005, 0.02730773
0.80440688, -0.37012848, -0.4646138
0.20914485, 0.70897827
-0.01039766, 0.10518068, 0.02973565
-0.74629962, -0.03408917, -0.66469312
0.19918443, 0.73818669
-0.01055446, 0.09648354, 0.02893463
-0.75634021, 0.21399578, -0.61815238
0.20129892, 0.76049221
-0.01055834, 0.09626845, 0.03127081
-0.66487622, -0.21942808, 0.71395004
0.20312609, 0.75688514
-0.01040154, 0.10496559, 0.03207183
-0.66563922, 0.08465835, 0.74144721
0.20163429, 0.73864368
-0.01039766, 0.10518068, 0.02973565
-0.74629962, -0.03408917, -0.66469312
0.21656257, 0.73697621
-0.01070501, 0.08813373, 0.02398513
-0.56425673, -0.36729026, -0.73937196
0.20928513, 0.78015238
-0.00432272, 0.0878035, 0.02632132
0.59138769, -0.72041994, 0.36222419
0.20830753, 0.76424579
-0.01070889, 0.08791864, 0.02632132
-0.61699271, -0.69862974, 0.36222419
0.20737514, 0.77036308
-0.01021459, 0.1153352, 0.02730773
-0.81725514, -0.34089175, -0.4646138
0.21648316, 0.70852634
-0.0101608, 0.11831894, 0.0218328
-0.76601458, -0.61320841, -0.19281594
0.21588053, 0.69068581
-0.00377464, 0.1182038, 0.0218328
0.74340039, -0.64040041, -0.19281594
0.20923875, 0.69438973
-0.00379236, 0.11722033, 0.02841729
0.63698232, 0.48561051, 0.59865105
0.20727625, 0.70685869
-0.01017853, 0.11733547, 0.02841729
-0.61906797, 0.50825524, 0.59865105
0.20172733, 0.70768005
-0.01021459, 0.1153352, 0.02730773
-0.81725514, -0.34089175, -0.4646138
0.19978331, 0.71007708
-0.01011995, 0.1205845, 0.02205583
-0.65449995, 0.7264626, 0.20932646
0.20174651, 0.69256225
-0.0037338, 0.12046936, 0.02205582
0.68025756, 0.70241404, 0.20932646
0.20738621, 0.69353458
-0.00370969, 0.121807, 0.00841214
0.58864099, 0.62050235, -0.51811272
0.20726332, 0.67768249
-0.0101608, 0.11831894, 0.0218328
-0.76601458, -0.61320841, -0.19281594
0.19918443, 0.69281748
-0.0101367, 0.11965659, 0.00818911
-0.58656573, -0.50764489, -0.63103122
0.20539093, 0.65915474
-0.01009586, 0.12192214, 0.00841214
-0.56587422, 0.64131594, -0.51811272
0.20485851, 0.67203462
-0.00375054, 0.11954145, 0.00818911
0.56788844, -0.52845854, -0.63103122
0.20810825, 0.67704508
0.00284802, 0.12480958, -0.02320193
0.72035891, -0.65861994, -0.21735282
0.55171192, 0.49917096
0.00283669, 0.12418118, -0.01637691
0.56593525, -0.63814205, 0.52195805
0.55171186, 0.48515427
-0.00362634, 0.1242977, -0.01637691
-0.0138554, -0.76882231, 0.6392712
0.54624784, 0.48515427
0.00418497, 0.1989654, -0.01637203
0.72917873, 0.61247599, -0.30521563
0.55750519, 0.33283436
0.00422426, 0.20114452, -0.00928843
0.57103181, 0.63316751, 0.52244633
0.55171168, 0.32706761
-0.0152041, 0.19931498, -0.01637203
-0.70662558, 0.63835567, -0.30521563
0.53531963, 0.31191117
-0.01516481, 0.2014941, -0.00928843
-0.54783773, 0.65334022, 0.52244633
0.53531963, 0.32706773
-0.00870178, 0.20137757, -0.00928843
0.01397748, 0.77611619, 0.63039035
0.54078364, 0.32706773
-0.0152041, 0.19931498, -0.01637203
-0.70662558, 0.63835567, -0.30521563
0.52952605, 0.33283448
-0.01654105, 0.12515914, -0.02320193
-0.74364454, -0.63222146, -0.21735282
0.52952623, 0.48515439
-0.01655238, 0.12453075, -0.01637691
-0.58854944, -0.61732841, 0.52195805
0.53531975, 0.48515433
0.0010595, 0.19684196, -0.02345565
0.4481338, 0.51454204, -0.73100984
0.5119983, 0.33860123
-0.00022684, 0.1254936, -0.03002697
0.42329171, -0.54664755, -0.72246468
0.511998, 0.48515433
-0.00360368, 0.12555449, -0.03002697
-0.01150548, -0.63917965, -0.76894438
0.51485306, 0.48515439
-0.0121572, 0.19708024, -0.02345565
-0.42930388, 0.53035069, -0.73100984
0.52317208, 0.33860135
-0.01344354, 0.12573189, -0.03002697
-0.44270149, -0.53105259, -0.72246468
0.52317214, 0.48515445
-0.0121572, 0.19708024, -0.02345565
-0.42930388, 0.53035069, -0.73100984
0.53792876, 0.2967546
-0.00874107, 0.19919845, -0.01637203
0.01721244, 0.95562607, -0.29404584
0.54078364, 0.31191117
0.0010595, 0.19684196, -0.02345565
0.4481338, 0.51454204, -0.73100984
0.56385916, 0.33860105
0.00284802, 0.12480958, -0.02320193
0.72035891, -0.65861994, -0.21735282
0.55750543, 0.48515421
-0.00022684, 0.1254936, -0.03002697
0.42329171, -0.54664755, -0.72246468
0.54910278, 0.51318771
-0.00361501, 0.12492611, -0.02320193
-0.01794488, -0.99560535, -0.09167761
0.54624784, 0.49917096
-0.01344354, 0.12573189, -0.03002697
-0.44270149, -0.53105259, -0.72246468
0.53792894, 0.51318777
-0.01006669, 0.12567101, -0.03002697
-0.01150548, -0.63917965, -0.76894438
0.54078388, 0.51318777
-0.01007802, 0.12504262, -0.02320193
-0.01794488, -0.99560535, -0.09167761
0.54078382, 0.49917102
-0.00360368, 0.12555449, -0.03002697
-0.01150548, -0.63917965, -0.76894438
0.54624784, 0.51318771
0.0010595, 0.19684196, -0.02345565
0.4481338, 0.51454204, -0.73100984
0.54910249, 0.2967546
-0.00231734, 0.19690284, -0.02345565
0.01135289, 0.63029879, -0.77623826
0.54624766, 0.2967546
-0.00227805, 0.19908193, -0.01637203
0.01721244, 0.95562607, -0.29404584
0.54624766, 0.31191111
-0.00878036, 0.19701937, -0.02345565
0.01135289, 0.63029879, -0.77623826
0.54078364, 0.2967546
-0.00878036, 0.19701937, -0.02345565
0.01135289, 0.63029879, -0.77623826
0.5203172, 0.33860123
-0.01006669, 0.12567101, -0.03002697
-0.01150548, -0.63917965, -0.76894438
0.52031708, 0.48515439
-0.00231734, 0.19690284, -0.02345565
0.01135289, 0.63029879, -0.77623826
0.51485318, 0.33860123
-0.01008935, 0.12441422, -0.01637691
-0.0138554, -0.76882231, 0.6392712
0.54078382, 0.48515433
-0.00223877, 0.20126104, -0.00928843
0.01397748, 0.77611619, 0.63039035
0.54624766, 0.32706767
-0.010087, 0.12478507, 0.01509963
-0.00729392, -0.40519425, 0.91418195
0.69034302, 0.58658624
-0.01343648, 0.12484546, 0.01509963
-0.47099215, -0.33930477, 0.81423384
0.68752575, 0.58591008
-0.01354944, 0.11857995, 0.00934651
-0.52424693, -0.34519485, 0.77843565
0.68558556, 0.60368192
0.00286592, 0.12508157, 0.009345
0.94763023, -0.15808588, 0.27738273
0.62276775, 0.59394562
0.00480828, 0.23281731, 0.01926767
0.94482255, 0.11056856, 0.30829799
0.62270439, 0.37351203
0.00167653, 0.2323437, 0.0250223
0.46024963, 0.23703726, 0.85552537
0.617163, 0.37315857
-0.01460676, 0.23316734, 0.01926767
-0.94021422, 0.14456618, 0.30829799
0.68109095, 0.38100266
-0.01149412, 0.23258117, 0.0250223
-0.45142978, 0.25345623, 0.85552537
0.68590212, 0.38284755
-0.01135583, 0.24025159, 0.01872588
-0.31723991, 0.79876095, 0.51112401
0.6829567, 0.36492848
-0.01654912, 0.12543161, 0.009345
-0.95272684, -0.12384411, 0.27738273
0.68227702, 0.58810365
-0.00361531, 0.1246684, 0.01509963
-0.00729392, -0.40519425, 0.91418195
0.69564557, 0.58767581
-0.00026583, 0.12460801, 0.01509963
0.45847955, -0.35605946, 0.81423384
0.69847828, 0.58786893
0.00167653, 0.2323437, 0.0250223
0.46024963, 0.23703726, 0.85552537
0.69625193, 0.37868166
0.00484922, 0.23508805, -0.00539503
0.70815152, 0.05206458, -0.70412302
0.64382011, 0.37296927
0.00290686, 0.12735231, -0.0153177
0.70815152, 0.05206458, -0.70412302
0.64409488, 0.5942862
-0.00356483, 0.12746899, -0.0153177
0.001648, 0.09167761, -0.99575794
0.64961195, 0.59415078
-0.00799897, 0.24060006, 0.01428498
0.01794488, 0.99560535, 0.09167761
0.65535539, 0.31842756
-0.01447065, 0.24071674, 0.01428498
-0.69524217, 0.69328898, 0.18961149
0.66099727, 0.31868851
-0.01135583, 0.24025159, 0.01872588
-0.31723991, 0.79876095, 0.51112401
0.6583479, 0.30915785
-0.00809414, 0.2353214, -0.00539503
0.001648, 0.09167761, -0.99575794
0.6548292, 0.37327695
-0.01456583, 0.23543808, -0.00539503
-0.70580155, 0.07754754, -0.70412302
0.66027552, 0.37370896
-0.01443907, 0.24246909, -0.00474746
-0.56593525, 0.63814205, -0.52195805
0.66067171, 0.3590126
0.00497598, 0.24211906, -0.00474746
0.58854944, 0.61732841, -0.52195805
0.64381456, 0.35822749
0.00494439, 0.24036671, 0.01428498
0.71977907, 0.66777551, 0.18961149
0.62730527, 0.35868883
-0.00167295, 0.2324041, 0.0250223
0.0052797, 0.29328287, 0.95599228
0.6934914, 0.37954414
0.00181482, 0.24001412, 0.01872588
0.34583575, 0.78682822, 0.51115453
0.69461715, 0.35808671
-0.01377128, 0.10627561, 0.00821326
-0.3886227, -0.66798913, 0.63460189
0.68533152, 0.63296843
-0.0104218, 0.10621522, 0.00821326
-0.0138554, -0.76882231, 0.6392712
0.68831116, 0.63318819
-0.00026583, 0.12460801, 0.01509963
0.45847955, -0.35605946, 0.81423384
0.617163, 0.59411633
-0.00037879, 0.11834249, 0.00934651
0.51145971, -0.3638722, 0.77843565
0.62117642, 0.60886621
0.00278538, 0.12061421, -0.01593829
0.70815152, 0.05206458, -0.70412302
0.64411461, 0.60833085
-0.00368631, 0.12073089, -0.01593829
0.001648, 0.09167761, -0.99575794
0.64969647, 0.60821426
-0.0165082, 0.12770234, -0.0153177
-0.70580155, 0.07754754, -0.70412302
0.66061658, 0.59345317
-0.01662968, 0.12096424, -0.01593829
-0.70580155, 0.07754754, -0.70412302
0.66091567, 0.60758126
-0.0166637, 0.11907666, 0.0045629
-0.97137362, -0.06231879, 0.22916348
0.67977095, 0.6043452
-0.00394217, 0.10653897, 0.00342965
-0.01794488, -0.99560535, -0.09167761
0.64992106, 0.6778301
0.00252951, 0.1064223, 0.00342965
0.71779537, -0.678518, 0.15601063
0.64424908, 0.67789364
-0.00060063, 0.10603816, 0.00821326
0.36426893, -0.68156987, 0.63460189
0.64700449, 0.68805039
0.00275134, 0.11872663, 0.0045629
0.96850491, -0.097293, 0.22916348
0.62617213, 0.60832214
-0.00060063, 0.10603816, 0.00821326
0.36426893, -0.68156987, 0.63460189
0.6214748, 0.6347177
0.00256354, 0.10830989, -0.01707154
0.5678274, -0.53227335, -0.62785727
0.64416862, 0.63426363
-0.00390814, 0.10842656, -0.01707154
-0.01150548, -0.63917965, -0.76894438
0.64981389, 0.63420713
-0.01685151, 0.10865992, -0.01707154
-0.58665729, -0.51145971, -0.62785727
0.66117495, 0.63398653
-0.01688553, 0.10677233, 0.00342965
-0.7417829, -0.65221107, 0.15601063
0.6799705, 0.63292849
0.00252951, 0.1064223, 0.00342965
0.71779537, -0.678518, 0.15601063
0.62638736, 0.63443315
0.00181482, 0.24001412, 0.01872588
0.34583575, 0.78682822, 0.51115453
0.6226353, 0.3575387
-0.01447065, 0.24071674, 0.01428498
-0.69524217, 0.69328898, 0.18961149
0.6777634, 0.36370277
-0.0014957, 0.24223574, -0.00474746
0.0138554, 0.76882231, -0.6392712
0.64941818, 0.35835087
-0.00152729, 0.24048339, 0.01428498
0.01794488, 0.99560535, 0.09167761
0.6497184, 0.3181771
-0.00796738, 0.24235241, -0.00474746
0.0138554, 0.76882231, -0.6392712
0.65501767, 0.35858679
-0.01037982, 0.10854324, -0.01707154
-0.01150548, -0.63917965, -0.76894438
0.65547639, 0.63410771
-0.01041386, 0.10665565, 0.00342965
-0.01794488, -0.99560535, -0.09167761
0.6555959, 0.6777609
-0.01688553, 0.10677233, 0.00342965
-0.7417829, -0.65221107, 0.15601063
0.66127473, 0.67768872
-0.01015799, 0.12084757, -0.01593829
0.001648, 0.09167761, -0.99575794
0.65528709, 0.60797596
-0.0104218, 0.10621522, 0.00821326
-0.0138554, -0.76882231, 0.6392712
0.65561712, 0.68795395
-0.01377128, 0.10627561, 0.00821326
-0.3886227, -0.66798913, 0.63460189
0.65855598, 0.6879186
-0.00395011, 0.10609855, 0.00821326
-0.0138554, -0.76882231, 0.6392712
0.64994097, 0.68801814
-0.01003651, 0.12758566, -0.0153177
0.001648, 0.09167761, -0.99575794
0.65512562, 0.59389412
-0.00037879, 0.11834249, 0.00934651
0.51145971, -0.3638722, 0.77843565
0.69809288, 0.60660303
-0.00372827, 0.11840288, 0.00934651
-0.00729392, -0.40519425, 0.91418195
0.69502199, 0.60616171
-0.00395011, 0.10609855, 0.00821326
-0.0138554, -0.76882231, 0.6392712
0.69433373, 0.63393533
-0.01019996, 0.11851956, 0.00934651
-0.00729392, -0.40519425, 0.91418195
0.68894249, 0.60482824
-0.00814464, 0.23252077, 0.0250223
0.0052797, 0.29328287, 0.95599228
0.68842411, 0.38178611
-0.00800635, 0.24019119, 0.01872588
0.01590014, 0.88326669, 0.46855068
0.68600541, 0.36240304
-0.00153466, 0.24007452, 0.01872588
0.01590014, 0.88326669, 0.46855068
0.69174373, 0.35942173
-0.00162246, 0.23520473, -0.00539503
0.001648, 0.09167761, -0.99575794
0.64933318, 0.37304711
-0.00153466, 0.24007452, 0.01872588
0.01590014, 0.88326669, 0.46855068
0.64978772, 0.30877876
0.00181482, 0.24001412, 0.01872588
0.34583575, 0.78682822, 0.51115453
0.64686906, 0.30865479
-0.00800635, 0.24019119, 0.01872588
0.01590014, 0.88326669, 0.46855068
0.65542763, 0.30902672
-0.0023508, 0.10974754, -0.01951776
0.7642445, -0.64229256, -0.05786309
0.42918387, 0.98546263
-0.00374192, 0.11008634, -0.02292401
0.54121524, -0.58735925, -0.60170293
0.42965499, 0.98179935
-0.00220011, 0.19560474, -0.0150476
0.56382948, 0.66762292, -0.48612934
0.4313184, 0.00862467
-0.00711168, 0.11027704, -0.02433495
-0.01001007, -0.55543685, -0.83147681
0.43032944, 0.98038618
-0.00556987, 0.19579542, -0.01645854
0.01257363, 0.69789726, -0.71605581
0.43033019, 0.00012445
-0.01048611, 0.11020794, -0.02292401
-0.56202888, -0.56746119, -0.60170293
0.43100795, 0.98170839
-0.01188853, 0.10991949, -0.01951776
-0.78688926, -0.61433762, -0.05786309
0.43149853, 0.98545953
-0.01034673, 0.19543786, -0.01164135
-0.7642445, 0.64229256, 0.05786309
0.42917445, 0.01453751
-0.01049742, 0.10958069, -0.01611149
-0.56382948, -0.66762292, 0.48612934
0.43132725, 0.99137498
-0.00712767, 0.10938999, -0.01470057
-0.01257363, -0.69789726, 0.71605581
0.43033952, 0.99987555
-0.00558586, 0.19490838, -0.00682416
0.01001007, 0.55540633, 0.83147681
0.43032065, 0.01961368
-0.00375323, 0.1094591, -0.01611149
0.53938413, -0.68752098, 0.48612934
0.42936036, 0.99118461
-0.000809, 0.1952659, -0.01164135
0.78688926, 0.61433762, 0.05786309
0.43148932, 0.01454031
-0.0089443, 0.19572634, -0.0150476
-0.53938413, 0.68752098, -0.48612934
0.4293513, 0.00881511
0.00077482, 0.28977883, 0.00832878
0.96133304, -0.27433088, -0.02365185
0.34640259, 0.32480681
-0.00251121, 0.1075151, -0.00845806
0.7642445, -0.64229256, -0.05786309
0.35435975, 0.99876578
-0.00386728, 0.10784537, -0.01177853
0.54121524, -0.58735925, -0.60170293
0.35440505, 0.99870913
-0.00058125, 0.2901091, 0.00500831
0.68312633, -0.20883816, -0.69975889
0.35017905, 0.32277125
-0.00715217, 0.10803127, -0.01315391
-0.01001007, -0.55540633, -0.83147681
0.35441381, 0.99901819
-0.01044161, 0.1079639, -0.01177853
-0.56202888, -0.56746119, -0.60170293
0.35440844, 0.9987124
-0.00715558, 0.29022762, 0.00500831
-0.69020659, -0.18408765, -0.69975889
0.32822984, 0.32566649
-0.0118087, 0.10768273, -0.00845806
-0.78688926, -0.61433762, -0.05786309
0.35445872, 0.9987575
-0.01045262, 0.10735245, -0.0051376
-0.56382948, -0.66762292, 0.48612934
0.35448495, 0.99911439
-0.00716659, 0.28961611, 0.01164925
-0.69246501, -0.30854213, 0.65211952
0.33572206, 0.32711411
-0.00716774, 0.10716657, -0.00376221
-0.01257363, -0.69789726, 0.71605581
0.35443315, 0.99987555
-0.00059228, 0.28949761, 0.01164925
0.68086797, -0.33332315, 0.65211952
0.34279686, 0.32618052
-0.00387831, 0.10723393, -0.0051376
0.53941464, -0.68752098, 0.48612934
0.35434711, 0.9991439
-0.00388172, 0.28943026, 0.01302464
-0.00628681, -0.34900966, 0.93707085
0.33926594, 0.32692444
0.0003382, 0.2917425, 0.01276384
0.6855678, -0.30561236, 0.66072571
0.34242555, 0.32122475
-0.00384157, 0.29165697, 0.0145115
-0.005768, -0.32065797, 0.94714195
0.33915409, 0.32196677
-0.00339264, 0.31655842, 0.01680497
0.01001007, 0.55540633, 0.83147681
0.33854565, 0.29497254
-0.0075666, 0.31679466, 0.01505732
-0.54121524, 0.58735925, 0.60170293
0.33808923, 0.29441774
-0.00386614, 0.29029498, 0.00363295
-0.00308237, -0.17203283, -0.98507643
0.35441473, 0.32042181
-0.00382177, 0.29275566, 0.00257781
-0.00256355, -0.14233834, -0.98980683
0.35257986, 0.31221849
0.0003522, 0.29251945, 0.00432544
0.68782616, -0.18002869, -0.70314646
0.34917748, 0.31687361
-0.00801555, 0.29189312, 0.01276384
-0.69615769, -0.28070924, 0.66072571
0.33586854, 0.32208973
-0.00973867, 0.29231283, 0.00854464
-0.97708058, -0.21167639, -0.02108829
0.3324658, 0.32140398
0.00207532, 0.29209983, 0.00854464
0.9688406, -0.24677266, -0.02108829
0.34577721, 0.31964785
-0.00386614, 0.29029498, 0.00363295
-0.00308237, -0.17203283, -0.98507643
0.32391372, 0.32444525
-0.00800154, 0.29267007, 0.00432544
-0.69386882, -0.15512559, -0.70314646
0.32896054, 0.31953919
-0.00852267, 0.28994644, 0.00832878
-0.97058016, -0.23947874, -0.02365185
0.33207601, 0.32669699
0.00252426, 0.31700125, 0.01083814
0.78688926, 0.61433762, 0.05786309
0.33921656, 0.29250449
0.00080115, 0.31742096, 0.00661893
0.56382948, 0.66762292, -0.48612934
0.33903807, 0.28976572
-0.00928972, 0.31721425, 0.01083814
-0.7642445, 0.64229256, 0.05786309
0.33777401, 0.29273063
0.00078714, 0.31664404, 0.01505732
0.56202888, 0.56746119, 0.60170293
0.33897462, 0.2943083
-0.00755261, 0.31757158, 0.00661893
-0.53938413, 0.68752098, -0.48612934
0.33781669, 0.28986722
-0.00337283, 0.31765711, 0.00487128
0.01257363, 0.69789726, -0.71605581
0.33833155, 0.28555053
-0.00118756, 0.01248342, -0.00256855
0.58494824, 0.63954586, -0.49873349
0.25743029, 0.9010812
-0.016557, 0.01276052, -0.00256855
-0.5615406, 0.66020691, -0.49873349
0.25991085, 0.89488059
-0.01663682, 0.00833352, 0.0232288
-0.57225257, 0.50398266, 0.64687032
0.25218999, 0.87626641
-0.01729403, -0.02811931, -0.00633365
-0.58665729, -0.51145971, -0.62785727
0.32366481, 0.95032386
-0.00192458, -0.02839641, -0.00633365
0.5678274, -0.53227335, -0.62785727
0.26687056, 0.92805732
-0.00196737, -0.03076957, 0.01944141
0.56617939, -0.63939327, 0.52012694
0.24722949, 0.96479785
-0.00126737, 0.00805642, 0.0232288
0.59007537, 0.48304698, 0.64687032
0.24890497, 0.89790097
-0.00332832, -0.02938737, 0.0195738
0.26944792, -0.38605914, 0.88219857
0.24620575, 0.96427779
-0.00332727, -0.02932921, 0.0402704
0.684286, -0.72841579, 0.03357036
0.22716583, 0.94688025
-0.01592588, -0.02910206, 0.0402704
-0.7101047, -0.70326853, 0.03357036
0.21976371, 0.97383424
-0.00267726, 0.00672418, 0.02309641
0.32819605, 0.21189001, 0.92052978
0.24790764, 0.89719095
-0.01733681, -0.03049247, 0.01944141
-0.58885461, -0.61857969, 0.52012694
0.27416068, 0.7943643
-0.01592693, -0.02916022, 0.0195738
-0.28321177, -0.37611011, 0.88219857
0.27143067, 0.79578842
-0.01733681, -0.03049247, 0.01944141
-0.58885461, -0.61857969, 0.52012694
0.24231176, 0.99987555
-0.00264402, 0.00856793, 0.05797382
0.74272895, 0.65746027, -0.12668233
0.22717504, 0.87954335
-0.00328592, -0.02703544, 0.0654235
0.67326885, -0.7269814, 0.13476974
0.21151727, 0.91130497
-0.01592588, -0.02910206, 0.0402704
-0.7101047, -0.70326853, 0.03357036
0.24432833, 0.78040126
-0.015278, 0.00683343, 0.0348392
-0.70525223, 0.7084567, -0.02594073
0.24276237, 0.86776605
-0.00267939, 0.00660629, 0.0348392
0.73030794, 0.68257695, -0.02594073
0.24025729, 0.88953888
-0.01575549, -0.01965116, 0.09014662
-0.5840022, -0.38160345, 0.71642202
0.19918443, 0.8529561
-0.01512567, 0.01528243, 0.07981707
-0.56422621, 0.72792751, 0.38950774
0.21920891, 0.86426534
-0.01524263, 0.00879507, 0.05797382
-0.71855831, 0.68379772, -0.12668233
0.22821106, 0.8604221
-0.01588452, -0.02680829, 0.0654235
-0.69902647, -0.70223093, 0.13476974
0.19918445, 0.92381503
-0.01588452, -0.02680829, 0.0654235
-0.69902647, -0.70223093, 0.13476974
0.21499082, 0.80332652
-0.00252706, 0.01505529, 0.07981707
0.59010589, 0.70711386, 0.38950774
0.2186103, 0.86968914
-0.00315688, -0.01987831, 0.09014662
0.56987214, -0.40241706, 0.71642202
0.20879264, 0.8755943
0.00107131, 0.06179431, 0.0009382
0.70851773, -0.16339611, -0.68648332
0.59135795, 0.12850606
0.00106397, 0.06138697, 0.00721935
0.92242193, -0.36924344, 0.11285745
0.59717494, 0.12986159
-0.00512871, 0.05281025, 0.00641939
0.40711692, -0.8901639, 0.2044435
0.59812135, 0.1067726
0.00149994, 0.08556869, 0.00471377
0.73174232, 0.39442122, -0.55583364
0.59179181, 0.18408984
0.0014683, 0.08381382, 0.02377355
0.85116124, 0.3251442, 0.4120304
0.60860515, 0.18403447
-0.01048189, 0.09079736, 0.0051753
-0.24805444, 0.79595327, -0.55217141
0.57442558, 0.20188028
-0.01660832, 0.08589517, 0.00471377
-0.71703237, 0.42054507, -0.55583364
0.5744915, 0.1848833
-0.01663996, 0.08414029, 0.02377355
-0.83886224, 0.35563219, 0.4120304
0.55884314, 0.18699574
-0.01703695, 0.06212078, 0.0009382
-0.71395004, -0.13776055, -0.68648332
0.57405436, 0.1292997
-0.01704429, 0.06171344, 0.00721935
-0.93514818, -0.33576465, 0.11285745
0.56844938, 0.13056177
-0.01691655, 0.06879891, 0.01880672
-0.98532057, -0.1703238, -0.0113834
0.55901659, 0.15139663
-0.0044458, 0.09068853, 0.0051753
0.27655873, 0.78649253, -0.55217141
0.58611292, 0.19594806
-0.01680587, 0.07493795, 0.02469776
-0.95629752, 0.19754632, 0.21546067
0.55519879, 0.17039418
-0.01735592, 0.0444285, 0.05062755
-0.84923857, -0.49626148, -0.18015076
0.52395058, 0.123721
0.00130239, 0.07461148, 0.02469776
0.96279794, 0.16293833, 0.21546067
0.61137187, 0.16633213
0.00119171, 0.06847245, 0.01880672
0.97851497, -0.20572527, -0.0113834
0.60704786, 0.14948159
-0.01068372, 0.07960242, 0.0277413
-0.37244788, 0.51066619, 0.77489549
0.55163562, 0.18903762
-0.00500096, 0.05989573, 0.01800676
0.51390117, -0.85778373, -0.00866726
0.60800928, 0.12461185
0.001039, 0.06000148, 0.05919539
0.95934933, 0.28196052, -0.01098666
0.64448512, 0.14206052
0.00092407, 0.05362667, 0.07159267
0.70882291, -0.28879666, 0.64351326
0.65322077, 0.12779427
0.00071676, 0.04212806, 0.06536853
0.68514055, -0.58513141, 0.43375957
0.64868438, 0.11208928
-0.01706926, 0.06032795, 0.05919539
-0.94854581, 0.31635487, -0.01098666
0.52035493, 0.15271437
0.00075234, 0.04410202, 0.05062755
0.83080536, -0.52656639, -0.18015076
0.63879853, 0.11008084
-0.00537756, 0.03900722, 0.06385591
0.16907254, -0.90289009, 0.39518419
0.65021777, 0.09918249
-0.0173915, 0.04245453, 0.06536853
-0.70577103, -0.5600757, 0.43375957
0.51603884, 0.12853879
-0.01718419, 0.05395314, 0.07159267
-0.71877193, -0.26303902, 0.64351326
0.51301664, 0.14180648
-0.01696784, 0.0659535, 0.07338783
-0.61839658, 0.41312906, 0.66847742
0.51183504, 0.15314132
-0.01692127, 0.06853642, 0.06874704
-0.60567033, 0.79528183, -0.02575762
0.51326835, 0.15616769
-0.01088518, 0.0684276, 0.06874704
0.01800592, 0.99966431, 0.01739555
0.51180673, 0.16210389
-0.00502568, 0.05852468, 0.07446407
0.08789331, -0.17560351, 0.98049867
0.65924698, 0.13283688
0.00114042, 0.06562702, 0.07338783
0.63286233, 0.39057589, 0.66847742
0.65491301, 0.14330566
0.00118699, 0.06820995, 0.06874704
0.6339305, 0.7729423, -0.02575762
0.65281749, 0.1466676
-0.01094683, 0.06500831, 0.06206677
-0.22818689, 0.95965451, -0.16412854
0.51704514, 0.16680163
-0.00491075, 0.06489949, 0.06206677
0.26261178, 0.95080417, -0.16412854
0.64800823, 0.15817428
-0.0048491, 0.06831878, 0.06874704
0.01800592, 0.99966431, 0.01739555
0.65490395, 0.15587616
-0.00491075, 0.06489949, 0.06206677
0.26261178, 0.95080417, -0.16412854
0.51498622, 0.1781826
-0.01106176, 0.0586335, 0.07446407
-0.09418012, -0.17233802, 0.98049867
0.50856835, 0.14627981
-0.01093175, 0.06584468, 0.07338783
0.01025422, 0.56904811, 0.82219917
0.50958425, 0.15672719
-0.00502568, 0.05852468, 0.07446407
0.08789331, -0.17560351, 0.98049867
0.50388783, 0.14666748
-0.00489567, 0.06573585, 0.07338783
0.01025422, 0.56904811, 0.82219917
0.50570434, 0.1625061
-0.00489567, 0.06573585, 0.07338783
0.01025422, 0.56904811, 0.82219917
0.65819728, 0.14782369
-0.01137806, 0.04109002, 0.04911492
-0.27082124, -0.9061861, -0.32468641
0.52387893, 0.11175179
-0.01141365, 0.03911604, 0.06385591
-0.20151372, -0.89620656, 0.39518419
0.51432133, 0.11915356
-0.00534197, 0.0409812, 0.04911492
0.23798333, -0.91537219, -0.32468641
0.52322489, 0.09913301
-0.00537756, 0.03900722, 0.06385591
0.16907254, -0.90289009, 0.39518419
0.51133513, 0.11070091
-0.01103705, 0.06000455, 0.01800676
-0.54448074, -0.83870965, -0.00866726
0.55675119, 0.12370247
-0.00500096, 0.05989573, 0.01800676
0.51390117, -0.85778373, -0.00866726
0.555987, 0.10935611
-0.00464763, 0.0794936, 0.0277413
0.3906064, 0.49690238, 0.77489549
0.61524284, 0.1819486
-0.01116479, 0.05291907, 0.00641939
-0.43894771, -0.87493515, 0.2044435
0.56812459, 0.11059499
-0.00512871, 0.05281025, 0.00641939
0.40711692, -0.8901639, 0.2044435
0.56660134, 0.09993792
-0.00448172, 0.08869594, 0.02681708
0.33445233, 0.67650378, 0.65608692
0.61153942, 0.19908994
-0.01051781, 0.08880477, 0.02681708
-0.30985442, 0.68810081, 0.65608692
0.55769521, 0.20009106
-0.00464763, 0.0794936, 0.0277413
0.3906064, 0.49690238, 0.77489549
0.54905188, 0.20206028
-0.01048189, 0.09079736, 0.0051753
-0.24805444, 0.79595327, -0.55217141
0.58035207, 0.19621229
-0.01115745, 0.05332644, 0.00013825
-0.37534714, -0.62819302, -0.68150884
0.57966805, 0.10891247
-0.00512136, 0.05321761, 0.00013825
0.35245827, -0.64131594, -0.68150884
0.58542895, 0.1086483
-0.0044458, 0.09068853, 0.0051753
0.27655873, 0.78649253, -0.55217141
0.59212321, 0.20219326
-0.0044458, 0.09068853, 0.0051753
0.27655873, 0.78649253, -0.55217141
0.57412422, 0.21377957
-0.01115745, 0.05332644, 0.00013825
-0.37534714, -0.62819302, -0.68150884
0.57294232, 0.10812104
-0.00512136, 0.05321761, 0.00013825
0.35245827, -0.64131594, -0.68150884
0.57163465, 0.09634161
-0.00234596, -0.11835505, -0.05425591
0.55696279, -0.59651476, -0.57786798
0.41613144, 0.93296169
-0.00232211, -0.11703233, -0.04187789
0.7134617, -0.70046085, 0.01690725
0.40906763, 0.93511538
-0.02009177, -0.11671196, -0.04187789
-0.73824275, -0.67427593, 0.01690725
0.41703403, 0.97374501
-0.00212968, -0.10635886, -0.05315103
0.58854944, 0.61732841, -0.52195805
0.41632599, 0.92405649
-0.0021502, -0.10749713, -0.04078818
0.72020632, 0.69084752, 0.06302072
0.41100803, 0.91662286
-0.00232211, -0.11703233, -0.04187789
0.7134617, -0.70046085, 0.01690725
0.40908012, 0.93464677
-0.01989934, -0.10603848, -0.05315103
-0.56593525, 0.63814205, -0.52195805
0.42892551, 0.91393369
-0.01991986, -0.10717675, -0.04078818
-0.69484544, 0.71636099, 0.06302072
0.42081881, 0.8896408
-0.0021502, -0.10749713, -0.04078818
0.72020632, 0.69084752, 0.06302072
0.41105866, 0.91626103
-0.01989934, -0.10603848, -0.05315103
-0.56593525, 0.63814205, -0.52195805
0.38441721, 0.99987555
-0.02011562, -0.11803468, -0.05425591
-0.57808161, -0.57606739, -0.57786798
0.39780715, 0.99944316
-0.02009177, -0.11671196, -0.04187789
-0.73824275, -0.67427593, 0.01690725
0.39490074, 0.96671767
-0.01991986, -0.10717675, -0.04078818
-0.69484544, 0.71636099, 0.06302072
0.38423306, 0.96649585
-0.02012816, -0.11872992, -0.00666351
-0.73552662, -0.6717124, -0.08801538
0.39302281, 0.87198451
-0.00212968, -0.10635886, -0.05315103
0.58854944, 0.61732841, -0.52195805
0.41640288, 0.92392866
-0.02011562, -0.11803468, -0.05425591
-0.57808161, -0.57606739, -0.57786798
0.42892551, 0.94797249
-0.01998224, -0.11063658, -0.00105436
-0.90786463, 0.31769767, -0.2735374
0.38342169, 0.85927059
-0.02019437, -0.12240292, 0.0116089
-0.58824426, -0.66484571, 0.46034119
0.39495113, 0.82208703
-0.00221258, -0.11095695, -0.00105436
0.91869867, 0.28476822, -0.2735374
0.38018417, 0.90305788
-0.00235849, -0.11905029, -0.00666351
0.71083713, -0.69777519, -0.08801538
0.38450304, 0.9246757
-0.00235849, -0.11905029, -0.00666351
0.71083713, -0.69777519, -0.08801538
0.38446313, 0.92542353
-0.02012816, -0.11872992, -0.00666351
-0.73552662, -0.6717124, -0.08801538
0.38045317, 0.96213917
-0.00242471, -0.1227233, 0.0116089
0.56389052, -0.68562883, 0.46034119
0.37243727, 0.9236218
-0.0022465, -0.11283898, 0.0133651
0.65855891, 0.03427229, 0.75170141
0.36953545, 0.91361593
-0.02001616, -0.11251861, 0.0133651
-0.6569109, 0.05798517, 0.75170141
0.35854802, 0.93035316
-0.00179846, -0.08798748, -0.00083493
0.55986208, 0.7739799, -0.2957854
0.36859766, 0.88701466
-0.00199889, -0.09910434, 0.00913907
0.66835535, 0.35709709, 0.65248573
0.36818948, 0.89803696
-0.0022465, -0.11283898, 0.0133651
0.65855891, 0.03427229, 0.75170141
0.36964235, 0.91349839
-0.00242471, -0.1227233, 0.0116089
0.56389052, -0.68562883, 0.46034119
0.37248188, 0.92333931
-0.02019437, -0.12240292, 0.0116089
-0.58824426, -0.66484571, 0.46034119
0.36473143, 0.94727169
-0.01956812, -0.08766711, -0.00083493
-0.53157139, 0.79363382, -0.2957854
0.35800481, 0.86516869
-0.01976855, -0.09878397, 0.00913907
-0.65504926, 0.38096255, 0.65248573
0.35473382, 0.89896569
-0.00199889, -0.09910434, 0.00913907
0.66835535, 0.35709709, 0.65248573
0.36806077, 0.89805517
-0.02001616, -0.11251861, 0.0133651
-0.6569109, 0.05798517, 0.75170141
0.38381973, 0.82018153
-0.01976855, -0.09878397, 0.00913907
-0.65504926, 0.38096255, 0.65248573
0.36913007, 0.8353596
-0.00273193, -0.10695897, -0.05217319
0.56678975, -0.52574235, -0.6342662
0.18575932, 0.48325336
-0.0028169, -0.11167182, -0.00098635
0.56376845, -0.6273995, 0.53712577
0.18136686, 0.42992198
-0.01940408, -0.11137278, -0.00098635
-0.58601642, -0.60664696, 0.53712577
0.17544933, 0.43152976
0.00045301, 0.06969759, -0.03190935
0.70903653, 0.06564531, -0.70207828
0.2252906, 0.23147649
0.0003902, 0.06621389, 0.00730615
0.71446884, -0.07153539, 0.69597459
0.18958384, 0.24197733
0.00107081, 0.10396468, 0.01192092
0.60985136, 0.33292642, 0.71916866
0.1933324, 0.19503319
-0.01551637, 0.10426373, 0.01192092
-0.59746087, 0.35493025, 0.71904659
0.18716443, 0.18821543
-0.01931911, -0.10665993, -0.05217319
-0.58537555, -0.50495929, -0.6342662
0.17380977, 0.61123058
-0.01619698, 0.06651294, 0.00730615
-0.71657461, -0.04574725, 0.69597459
0.17728831, 0.23299962
-0.01613418, 0.06999664, -0.03190935
-0.70622885, 0.09115878, -0.70207828
0.25386277, 0.21907473
-0.01545273, 0.10779379, -0.02779784
-0.70796835, 0.08200324, -0.70143741
0.19203612, 0.09344417
-0.01543824, 0.10859774, 0.00494831
-0.64552748, 0.72563863, 0.23810542
0.1894929, 0.18082225
-0.01545273, 0.10779379, -0.02779784
-0.70796835, 0.08200324, -0.70143741
0.2065099, 0.09344411
0.00113445, 0.10749473, -0.02779784
0.71047091, 0.05642872, -0.70143741
0.20650391, 0.16134024
0.00120048, 0.11115686, -0.02747297
0.58854944, 0.61543626, -0.52421641
0.20387807, 0.15970057
-0.01538671, 0.1114559, -0.02747297
-0.56599629, 0.6362499, -0.52421641
0.19731785, 0.09607476
0.00114892, 0.10829714, 0.00496509
0.67107153, 0.70192569, 0.23859371
0.19417621, 0.18749595
-0.00022684, 0.1254936, -0.03002697
0.42329171, -0.54664755, -0.72246468
0.5638594, 0.48515415
-0.01654105, 0.12515914, -0.02320193
-0.74364454, -0.63222146, -0.21735282
0.53531975, 0.49917102
0.00418497, 0.1989654, -0.01637203
0.72917873, 0.61247599, -0.30521563
0.55171168, 0.31191111
0.00494439, 0.24036671, 0.01428498
0.71977907, 0.66777551, 0.18961149
0.64408106, 0.31794178
-0.00060063, 0.10603816, 0.00821326
0.36426893, -0.68156987, 0.63460189
0.69744271, 0.63436097
-0.00895561, 0.19509909, -0.00823508
-0.54121524, 0.58735925, 0.60170293
0.42964619, 0.01820081
-0.00221142, 0.19497749, -0.00823508
0.56202888, 0.56746119, 0.60170293
0.43099919, 0.01829141
-0.00382177, 0.29275566, 0.00257781
-0.00256355, -0.14233834, -0.98980683
0.32536894, 0.31580788
-0.01592693, -0.02916022, 0.0195738
-0.28321177, -0.37611011, 0.88219857
0.241585, 0.99599633
-0.01527587, 0.00695132, 0.02309641
-0.32032228, 0.2235786, 0.92052978
0.25096521, 0.87475596
-0.00512136, 0.05321761, 0.00013825
0.35245827, -0.64131594, -0.68150884
0.59237307, 0.10500556
-0.00534197, 0.0409812, 0.04911492
0.23798333, -0.91537219, -0.32468641
0.63770252, 0.09634149
-0.0048491, 0.06831878, 0.06874704
0.01800592, 0.99966431, 0.01739555
0.50902903, 0.17088664
-0.00448172, 0.08869594, 0.02681708
0.33445233, 0.67650378, 0.65608692
0.55641812, 0.21115422
-0.00234596, -0.11835505, -0.05425591
0.55696279, -0.59651476, -0.57786798
0.41604891, 0.93272905
-0.01613418, 0.06999664, -0.03190935
-0.70622885, 0.09115878, -0.70207828
0.13661587, 0.16320425
# Number of Faces:
480
# Face Data:
0, 1, 2
3, 4, 5
4, 3, 6
7, 8, 9
5, 4, 10
11, 3, 1
12, 2, 13
8, 12, 14
9, 14, 13
1, 5, 13
15, 16, 17
4, 18, 19
10, 19, 20
11, 15, 6
21, 22, 23
18, 6, 17
18, 22, 21
19, 21, 24
25, 26, 23
24, 21, 26
16, 25, 27
17, 27, 23
28, 29, 30
31, 32, 29
33, 34, 35
36, 37, 38
30, 29, 32
39, 40, 41
42, 43, 37
44, 33, 45
46, 31, 47
48, 28, 49
50, 51, 52
53, 49, 52
54, 55, 56
57, 45, 56
42, 58, 59
60, 41, 59
61, 35, 34
30, 62, 35
56, 62, 32
45, 35, 62
52, 61, 38
49, 30, 61
63, 64, 65
66, 67, 68
69, 70, 71
72, 64, 70
73, 74, 75
76, 77, 78
79, 80, 81
82, 83, 84
76, 85, 86
87, 75, 88
65, 89, 90
66, 91, 92
77, 93, 94
95, 96, 97
98, 99, 100
101, 92, 102
93, 103, 104
96, 105, 106
97, 106, 89
93, 101, 107
104, 103, 99
72, 97, 65
77, 66, 101
67, 86, 108
84, 80, 79
95, 72, 69
83, 69, 109
76, 67, 66
85, 110, 111
110, 112, 79
113, 114, 115
104, 98, 114
116, 113, 105
116, 94, 104
114, 117, 118
98, 119, 117
120, 116, 96
120, 78, 94
121, 122, 123
124, 90, 123
70, 125, 126
87, 127, 126
76, 128, 110
128, 82, 112
111, 129, 130
79, 131, 129
82, 120, 95
128, 78, 120
63, 125, 70
73, 87, 125
73, 122, 121
63, 124, 122
132, 133, 134
133, 135, 136
136, 135, 137
137, 138, 139
139, 138, 140
140, 141, 142
138, 132, 140
143, 132, 144
142, 141, 143
144, 134, 145
146, 147, 148
149, 148, 150
150, 151, 152
152, 151, 153
153, 154, 155
155, 154, 156
153, 147, 154
157, 158, 147
159, 156, 158
159, 157, 160
161, 162, 163
164, 165, 166
155, 167, 168
157, 146, 169
170, 152, 171
159, 161, 167
152, 172, 168
149, 166, 169
173, 174, 175
166, 174, 173
167, 163, 175
171, 168, 175
169, 173, 176
171, 177, 178
161, 160, 176
166, 165, 178
179, 180, 181
181, 180, 182
182, 183, 184
183, 179, 185
179, 183, 182
186, 187, 188
189, 185, 181
181, 190, 191
192, 184, 186
186, 184, 185
193, 194, 187
191, 195, 196
196, 197, 189
197, 187, 186
198, 199, 200
194, 201, 188
195, 202, 200
196, 200, 193
203, 199, 198
199, 203, 193
193, 203, 204
204, 198, 201
205, 206, 207
208, 209, 206
210, 211, 212
211, 213, 214
212, 214, 215
216, 208, 205
217, 215, 218
209, 219, 220
212, 217, 221
206, 220, 222
223, 224, 225
221, 217, 226
219, 223, 227
222, 220, 227
228, 225, 224
227, 225, 228
226, 218, 229
230, 231, 232
233, 232, 231
234, 224, 235
224, 223, 236
237, 226, 232
238, 239, 236
240, 237, 233
241, 242, 231
243, 244, 242
236, 239, 245
233, 242, 244
218, 246, 247
248, 249, 247
247, 241, 230
249, 243, 241
250, 246, 218
251, 248, 246
252, 238, 223
221, 237, 240
214, 253, 250
253, 254, 251
209, 255, 252
256, 221, 257
258, 259, 213
216, 260, 259
261, 255, 209
262, 210, 256
213, 263, 253
264, 254, 253
265, 266, 267
268, 269, 270
271, 272, 273
274, 275, 276
277, 276, 278
279, 265, 280
281, 278, 282
269, 283, 284
273, 272, 281
266, 285, 286
287, 288, 289
283, 290, 291
283, 292, 293
285, 287, 294
295, 296, 297
281, 298, 299
281, 295, 290
289, 288, 297
300, 301, 302
300, 303, 304
304, 305, 306
307, 302, 308
301, 304, 308
309, 303, 300
310, 306, 311
308, 306, 310
309, 312, 313
304, 303, 313
314, 315, 311
312, 315, 314
313, 314, 316
306, 305, 316
12, 0, 2
1, 3, 5
18, 4, 6
10, 7, 9
9, 5, 10
0, 11, 1
14, 12, 13
9, 8, 14
5, 9, 13
2, 1, 13
6, 15, 17
10, 4, 19
7, 10, 20
3, 11, 6
26, 21, 23
22, 18, 17
19, 18, 21
20, 19, 24
27, 25, 23
25, 24, 26
17, 16, 27
22, 17, 23
49, 28, 30
47, 31, 29
45, 33, 35
34, 36, 38
62, 30, 32
60, 39, 41
36, 42, 37
57, 44, 45
317, 46, 47
53, 48, 49
318, 50, 52
51, 53, 52
319, 54, 56
55, 57, 56
43, 42, 59
58, 60, 59
38, 61, 34
61, 30, 35
319, 56, 32
56, 45, 62
318, 52, 38
52, 49, 61
124, 63, 65
91, 66, 68
109, 69, 71
69, 72, 70
87, 73, 75
128, 76, 78
131, 79, 81
112, 82, 84
67, 76, 86
127, 87, 88
124, 65, 90
101, 66, 92
78, 77, 94
72, 95, 97
119, 98, 100
107, 101, 102
94, 93, 104
97, 96, 106
65, 97, 89
103, 93, 107
98, 104, 99
64, 72, 65
93, 77, 101
68, 67, 108
112, 84, 79
83, 95, 69
84, 83, 109
77, 76, 66
320, 85, 111
111, 110, 79
105, 113, 115
113, 104, 114
96, 116, 105
113, 116, 104
115, 114, 118
114, 98, 117
95, 120, 96
116, 120, 94
321, 121, 123
122, 124, 123
71, 70, 126
125, 87, 126
85, 76, 110
110, 128, 112
320, 111, 130
111, 79, 129
83, 82, 95
82, 128, 120
64, 63, 70
63, 73, 125
74, 73, 121
73, 63, 122
144, 132, 134
134, 133, 136
145, 136, 137
145, 137, 139
322, 139, 140
322, 140, 142
137, 135, 133
133, 138, 137
143, 141, 140
140, 132, 143
132, 138, 133
323, 143, 144
323, 142, 143
322, 323, 144
323, 322, 142
144, 145, 139
145, 134, 136
139, 322, 144
149, 146, 148
164, 149, 150
170, 150, 152
172, 152, 153
172, 153, 155
159, 155, 156
151, 150, 148
148, 153, 151
158, 156, 154
154, 147, 158
147, 153, 148
146, 157, 147
157, 159, 158
161, 159, 160
167, 161, 163
149, 164, 166
172, 155, 168
160, 157, 169
324, 170, 171
155, 159, 167
171, 152, 168
146, 149, 169
163, 176, 173
176, 163, 162
174, 177, 175
177, 174, 178
175, 163, 173
169, 166, 173
168, 167, 175
177, 171, 175
160, 169, 176
324, 171, 178
162, 161, 176
174, 166, 178
185, 179, 181
190, 181, 182
192, 182, 184
184, 183, 185
180, 179, 182
325, 186, 188
326, 189, 181
326, 181, 191
325, 192, 186
189, 186, 185
197, 193, 187
326, 191, 196
326, 196, 189
189, 197, 186
202, 198, 200
187, 194, 188
196, 195, 200
197, 196, 193
204, 203, 198
200, 199, 193
194, 193, 204
194, 204, 201
327, 205, 207
205, 208, 206
256, 210, 212
212, 211, 214
217, 212, 215
260, 216, 205
226, 217, 218
206, 209, 220
256, 212, 221
207, 206, 222
227, 223, 225
237, 221, 226
220, 219, 227
328, 222, 227
234, 228, 224
328, 227, 228
230, 226, 229
226, 230, 232
242, 233, 231
245, 234, 235
235, 224, 236
233, 237, 232
223, 238, 236
329, 240, 233
230, 241, 231
241, 243, 242
235, 236, 245
329, 233, 244
229, 218, 247
246, 248, 247
229, 247, 230
247, 249, 241
215, 250, 218
250, 251, 246
219, 252, 223
257, 221, 240
215, 214, 250
250, 253, 251
219, 209, 252
330, 256, 257
211, 258, 213
258, 216, 259
208, 261, 209
330, 262, 256
214, 213, 253
263, 264, 253
280, 265, 267
331, 268, 270
279, 271, 273
277, 274, 276
281, 277, 278
271, 279, 280
298, 281, 282
270, 269, 284
283, 273, 281
267, 266, 286
294, 287, 289
292, 283, 291
284, 283, 293
286, 285, 294
290, 295, 297
295, 281, 299
283, 281, 290
296, 289, 297
307, 300, 302
301, 300, 304
308, 304, 306
332, 307, 308
302, 301, 308
307, 309, 300
315, 310, 311
332, 308, 310
303, 309, 313
305, 304, 313
316, 314, 311
313, 312, 314
305, 313, 316
311, 306, 316
