# Project Zomboid Skinned Mesh
# File Version:
1.0
# Model Name:
Cube.003
# Vertex Stride Element Count:
3
# Vertex Stride Size (in bytes):
76
# Vertex Stride Data:
# (Int)    Offset
# (String) Type
0
VertexArray
12
NormalArray
24
TextureCoordArray
# Vertex Count:
439
# Vertex Buffer:
0.00322593, 0.09520642, -0.00957676
0.57652515, -0.58214056, -0.57329023
0.70123309, 0.71170187
0.00322593, 0.09546367, 0.00724892
0.75862908, -0.63841671, -0.12979522
0.691562, 0.74263966
-0.00331344, 0.09546367, 0.00724892
-0.75862908, -0.63841671, -0.12979522
0.69585133, 0.75880153
0.00322593, 0.10174584, -0.00957676
0.5706656, 0.61796927, -0.54075748
0.70876259, 0.72552994
0.00322593, 0.09924634, 0.0090989
0.6699118, 0.70744956, 0.22516556
0.71672285, 0.64189193
0.00322593, 0.09546367, 0.00724892
0.75862908, -0.63841671, -0.12979522
0.71129382, 0.64165461
-0.00331344, 0.10174584, -0.00957676
-0.5706656, 0.61796927, -0.54075748
0.70341986, 0.73909169
-0.00331344, 0.09924634, 0.0090989
-0.6699118, 0.70744956, 0.22516556
0.69851345, 0.76844029
0.00322593, 0.09924634, 0.0090989
0.6699118, 0.70744956, 0.22516556
0.70344329, 0.78249626
-0.00331344, 0.09520642, -0.00957676
-0.57652515, -0.58214056, -0.57329023
0.70153922, 0.73379561
-0.00331344, 0.09546367, 0.00724892
-0.75862908, -0.63841671, -0.12979522
0.69595844, 0.75913313
0.00322593, 0.09345484, 0.01179066
0.7566759, -0.53032017, -0.38227484
0.68696487, 0.75495626
-0.00331344, 0.09345484, 0.01179066
-0.7566759, -0.53032017, -0.38227484
0.69138783, 0.77551396
0.00322593, 0.0961253, 0.01504638
0.66133612, 0.5726493, 0.48445082
0.71658075, 0.61033988
0.00322593, 0.08987829, 0.01979293
0.65489668, 0.2921842, 0.69692069
0.71214247, 0.57721615
0.00322593, 0.08923186, 0.015632
0.7765435, -0.2750023, -0.56685078
0.70898342, 0.59330627
-0.00331344, 0.09924634, 0.0090989
-0.6699118, 0.70744956, 0.22516556
0.69837081, 0.76809263
-0.00331344, 0.09345484, 0.01179066
-0.7566759, -0.53032017, -0.38227484
0.69146645, 0.77580732
0.00322593, 0.09345484, 0.01179066
0.7566759, -0.53032017, -0.38227484
0.71161646, 0.61835206
-0.00331344, 0.0961253, 0.01504638
-0.66133612, 0.5726493, 0.48445082
0.69395846, 0.78953007
0.00322593, 0.0961253, 0.01504638
0.66133612, 0.5726493, 0.48445082
0.6989283, 0.80548318
-0.00331344, 0.08987829, 0.01979293
-0.65489668, 0.2921842, 0.69692069
0.68800014, 0.80848625
-0.00331344, 0.08923186, 0.015632
-0.7765435, -0.2750023, -0.56685078
0.68617237, 0.79342613
-0.00331344, 0.07834411, 0.01744806
-0.74388868, -0.00592059, -0.66823328
0.67665523, 0.8190441
0.00322593, 0.08923186, 0.015632
0.7765435, -0.2750023, -0.56685078
0.68170178, 0.77084386
-0.00331344, 0.08923186, 0.015632
-0.7765435, -0.2750023, -0.56685078
0.68608135, 0.7930181
-0.00331344, 0.0961253, 0.01504638
-0.66133612, 0.5726493, 0.48445082
0.69385886, 0.78918089
-0.00331344, 0.08987829, 0.01979293
-0.65489668, 0.2921842, 0.69692069
0.68810034, 0.8089492
0.00322593, 0.08987829, 0.01979293
0.65489668, 0.2921842, 0.69692069
0.69259036, 0.82694785
0.00322593, 0.07834411, 0.01744806
0.74388868, -0.00592059, -0.66823328
0.67268234, 0.79532769
0.00322593, 0.06888253, 0.01604174
0.79543442, 0.29416791, -0.52983183
0.66339338, 0.81030513
-0.00331344, 0.06888253, 0.01604174
-0.79543442, 0.29416791, -0.52983183
0.66607547, 0.84026454
-0.00331344, 0.07755049, 0.02158342
-0.67580187, -0.00122074, 0.7370525
0.67865896, 0.83467072
0.00322593, 0.07755049, 0.02158342
0.67580187, -0.00122074, 0.7370525
0.68290603, 0.85455351
0.00322593, 0.07755049, 0.02158342
0.67580187, -0.00122074, 0.7370525
0.69898707, 0.54363602
0.00322593, 0.07834411, 0.01744806
0.74388868, -0.00592059, -0.66823328
0.69750106, 0.56266394
-0.00331344, 0.07834411, 0.01744806
-0.74388868, -0.00592059, -0.66823328
0.67654568, 0.81844386
0.00322593, 0.06808885, 0.02017711
0.79763174, 0.13168737, 0.58854944
0.68727666, 0.5295288
0.00322593, 0.06145385, 0.02459903
0.68596452, 0.34311959, 0.64162111
0.68220317, 0.49694651
0.00322593, 0.06063022, 0.02249567
0.81310463, -0.42793053, -0.39457381
0.68003422, 0.50402954
-0.00331344, 0.07755049, 0.02158342
-0.67580187, -0.00122074, 0.7370525
0.67853814, 0.83408652
-0.00331344, 0.06888253, 0.01604174
-0.79543442, 0.29416791, -0.52983183
0.66613179, 0.8407522
-0.00331344, 0.06808885, 0.02017711
-0.79763174, 0.13168737, 0.58854944
0.66966552, 0.85970962
0.00322593, 0.06808885, 0.02017711
0.79763174, 0.13168737, 0.58854944
0.67522639, 0.87922457
0.00322593, 0.06888253, 0.01604174
0.79543442, 0.29416791, -0.52983183
0.68579066, 0.5485568
-0.00331344, 0.06615739, 0.01283668
-0.74294257, 0.56987214, -0.35102388
0.6590991, 0.84530722
-0.00331344, 0.06107695, 0.00080575
-0.57509077, 0.29129916, -0.7644276
0.64911544, 0.84092504
-0.00331344, 0.05760377, 0.00245372
-0.6646626, -0.44901884, -0.59712517
0.64805496, 0.84909797
0.00322593, 0.06306107, 0.0151152
0.86614579, -0.475692, 0.15314189
0.67855, 0.54013404
0.00322593, 0.06615739, 0.01283668
0.74294257, 0.56987214, -0.35102388
0.65806657, 0.81500387
-0.00331344, 0.06615739, 0.01283668
-0.74294257, 0.56987214, -0.35102388
0.65910524, 0.84470776
-0.00331344, 0.06306107, 0.0151152
-0.86614579, -0.475692, 0.15314189
0.65929139, 0.86071183
0.00322593, 0.06107695, 0.00080575
0.57509077, 0.29129916, -0.7644276
0.64523572, 0.8283394
0.00322593, 0.05760377, 0.00245372
0.6646626, -0.44901884, -0.59712517
0.64332885, 0.84076926
0.00322593, 0.05760377, 0.00245372
0.6646626, -0.44901884, -0.59712517
0.66491848, 0.58171469
0.00322593, 0.05478701, 0.00908647
0.83370465, -0.06872769, 0.54789883
0.66552442, 0.54793108
0.00322593, 0.06615739, 0.01283668
0.74294257, 0.56987214, -0.35102388
0.68079287, 0.55624089
0.00322593, 0.05384534, 0.00670193
0.7619251, -0.37495041, -0.52803123
0.66305637, 0.55594406
0.00322593, 0.02601134, 0.02058168
0.75984985, 0.36747336, 0.53621024
0.6390627, 0.43885553
-0.00331344, 0.05384534, 0.00670193
-0.7619251, -0.37495041, -0.52803123
0.64752626, 0.8659649
-0.00331344, 0.05478701, 0.00908647
-0.83370465, -0.06872769, 0.54789883
0.64949214, 0.86936814
-0.00331344, 0.06306107, 0.0151152
-0.86614579, -0.475692, 0.15314189
0.35305208, 0.10356665
-0.00331344, 0.05478701, 0.00908647
-0.83370465, -0.06872769, 0.54789883
0.33934903, 0.13177514
0.00322593, 0.05478701, 0.00908647
0.83370465, -0.06872769, 0.54789883
0.34640372, 0.14807534
0.00322593, 0.05384534, 0.00670193
0.7619251, -0.37495041, -0.52803123
0.64189839, 0.85925692
-0.00331344, 0.05384534, 0.00670193
-0.7619251, -0.37495041, -0.52803123
0.64742815, 0.86588137
-0.00331344, 0.02601134, 0.02058168
-0.75984985, 0.36747336, 0.53621024
0.33961436, 0.26513398
-0.00331344, 0.02305952, 0.02375544
-0.75478375, 0.55964845, 0.34211248
0.34398025, 0.2853002
0.00322593, 0.02305952, 0.02375544
0.75478375, 0.55964845, 0.34211248
0.34924832, 0.26202518
-0.00331344, 0.0240977, 0.01887563
-0.65810114, -0.4400464, -0.61091954
0.64030886, 0.952005
-0.00331344, 0.02601134, 0.02058168
-0.75984985, 0.36747336, 0.53621024
0.64210314, 0.950937
0.00322593, 0.0240977, 0.01887563
0.65810114, -0.4400464, -0.61091954
0.63422322, 0.95526553
-0.00331344, 0.0240977, 0.01887563
-0.65810114, -0.4400464, -0.61091954
0.64023602, 0.9519782
0.00322593, 0.02601134, 0.02058168
0.75984985, 0.36747336, 0.53621024
0.34702003, 0.24851447
0.00322593, 0.03190656, 0.03689317
0.66411328, 0.14102603, 0.73418379
0.65531647, 0.38288748
0.00322593, 0.03186018, 0.03463476
0.74642169, -0.15335551, -0.64754176
0.6539526, 0.39226425
-0.00331344, 0.06145385, 0.02459903
-0.68596452, 0.34311959, 0.64162111
0.664689, 0.89316317
0.00322593, 0.06145385, 0.02459903
0.68596452, 0.34311959, 0.64162111
0.66981232, 0.90453369
0.00322593, 0.06306107, 0.0151152
0.86614579, -0.475692, 0.15314189
0.35366386, 0.13573635
0.00322593, 0.06063022, 0.02249567
0.81310463, -0.42793053, -0.39457381
0.35922778, 0.14792192
-0.00331344, 0.06063022, 0.02249567
-0.81310463, -0.42793053, -0.39457381
0.3655777, 0.12271762
-0.00331344, 0.06808885, 0.02017711
-0.79763174, 0.13168737, 0.58854944
0.66951436, 0.85922696
-0.00331344, 0.06063022, 0.02249567
-0.81310463, -0.42793053, -0.39457381
0.66289479, 0.88860755
-0.00331344, 0.03190656, 0.03689317
-0.66411328, 0.14102603, 0.73418379
0.65299857, 0.96954539
-0.00331344, 0.03186018, 0.03463476
-0.74642169, -0.15335551, -0.64754176
0.65188324, 0.96475382
-0.00331344, 0.02737197, 0.03493079
-0.7968688, 0.1779229, -0.57728815
0.64949667, 0.97272027
0.00322593, 0.03186018, 0.03463476
0.74642169, -0.15335551, -0.64754176
0.36117691, 0.24706483
-0.00331344, 0.03186018, 0.03463476
-0.74642169, -0.15335551, -0.64754176
0.3691645, 0.25899535
-0.00331344, 0.03190656, 0.03689317
-0.66411328, 0.14102603, 0.73418379
0.65307075, 0.96975968
0.00322593, 0.03190656, 0.03689317
0.66411328, 0.14102603, 0.73418379
0.65655184, 0.98605494
-0.00331344, 0.06145385, 0.02459903
-0.68596452, 0.34311959, 0.64162111
0.66449302, 0.89276809
0.00322593, 0.02737197, 0.03493079
0.7968688, 0.1779229, -0.57728815
0.35909709, 0.26121163
0.00322593, 0.02330406, 0.03174855
0.77196568, 0.51042205, -0.37876523
0.35559046, 0.26979434
-0.00331344, 0.02330406, 0.03174855
-0.77196568, 0.51042205, -0.37876523
0.35775214, 0.30105364
0.00322593, 0.02611584, 0.03680817
0.64192635, -0.25482956, 0.72313607
0.64859974, 0.37099922
0.00322593, 0.02737197, 0.03493079
0.7968688, 0.1779229, -0.57728815
0.6489566, 0.38153177
-0.00331344, 0.02737197, 0.03493079
-0.7968688, 0.1779229, -0.57728815
0.36542895, 0.28221655
-0.00331344, 0.02611584, 0.03680817
-0.64192635, -0.25482956, 0.72313607
0.64970171, 0.97849268
0.00322593, 0.02611584, 0.03680817
0.64192635, -0.25482956, 0.72313607
0.65140849, 0.99741028
-0.00331344, 0.02167939, 0.02755791
-0.79534286, 0.60606706, -0.00656148
0.64377677, 0.97044732
-0.00331344, 0.01926944, 0.02668322
-0.63646352, -0.77126378, 0.005768
0.64252567, 0.97332926
-0.00331344, 0.02185231, 0.03347915
-0.65126497, -0.61067539, 0.45042267
0.64622527, 0.97900416
-0.00331344, 0.02185231, 0.03347915
-0.65126497, -0.61067539, 0.45042267
0.64620984, 0.97925533
0.00322593, 0.02185231, 0.03347915
0.65126497, -0.61067539, 0.45042267
0.6456514, 0.99978319
-0.00331344, 0.02330406, 0.03174855
-0.77196568, 0.51042205, -0.37876523
0.64615202, 0.97410333
0.00322593, 0.02185231, 0.03347915
0.65126497, -0.61067539, 0.45042267
0.64175874, 0.3759504
-0.00331344, 0.02167939, 0.02755791
-0.79534286, 0.60606706, -0.00656148
0.34979075, 0.29708731
0.00322593, 0.02167939, 0.02755791
0.79534286, 0.60606706, -0.00656148
0.35201833, 0.27004325
0.00322593, 0.0240977, 0.01887563
0.65810114, -0.4400464, -0.61091954
0.6358692, 0.44196653
0.00322593, 0.02305952, 0.02375544
0.75478375, 0.55964845, 0.34211248
0.63750577, 0.41929835
-0.00331344, 0.02064963, 0.02288076
-0.66866052, -0.64171273, -0.37553027
0.64095783, 0.96481434
-0.00331344, 0.02305952, 0.02375544
-0.75478375, 0.55964845, 0.34211248
0.6424982, 0.96164952
0.00322593, 0.02064958, 0.02288076
0.66866052, -0.64171273, -0.37553027
0.63580924, 0.97560401
-0.00331344, 0.02064963, 0.02288076
-0.66866052, -0.64171273, -0.37553027
0.64090353, 0.96488442
0.00322593, 0.02167939, 0.02755791
0.79534286, 0.60606706, -0.00656148
0.63812333, 0.40042692
0.00322593, 0.01926953, 0.02668322
0.63646352, -0.77126378, 0.005768
0.63484097, 0.3990007
0.00322593, 0.01926953, 0.02668322
0.63646352, -0.77126378, 0.005768
0.63856566, 0.98873968
-0.00331344, 0.01926944, 0.02668322
-0.63646352, -0.77126378, 0.005768
0.64248884, 0.97350636
-0.00893061, -0.01395636, 0.02148881
-0.96765035, 0.07257301, 0.24152349
0.52970052, 0.88038307
-0.00893061, -0.02103642, 0.02361675
-0.96926785, 0.07998902, 0.23252052
0.5217399, 0.88187324
-0.00448515, -0.01813026, 0.03104355
-0.51182592, 0.27851191, 0.81264687
0.52293354, 0.91725482
0.00885132, 0.01245948, -0.00012492
0.96404922, -0.08413953, -0.25196081
0.54501963, 0.56759161
0.00885132, 0.03568092, -0.00788006
0.73241371, 0.5550096, -0.39429915
0.57105082, 0.56747511
0.00885132, 0.03956659, 0.00385061
0.73735774, 0.67464215, -0.03320414
0.57101178, 0.52000788
0.00885132, 0.03568092, -0.00788006
0.73241371, 0.5550096, -0.39429915
0.6078912, 0.83024609
-3.969e-05, 0.03342059, -0.01498397
0.0, 0.45304728, -0.89144564
0.59863418, 0.80196454
-0.00893061, 0.03568092, -0.00788006
-0.73241371, 0.5550096, -0.39429915
0.58937722, 0.83024614
-0.00893061, 0.01245948, -0.00012492
-0.96404922, -0.08413953, -0.25196081
0.5637095, 0.83002955
-0.00893061, -0.01076201, 0.00763019
-0.96981722, -0.04492325, -0.23963134
0.53698236, 0.82979067
-0.00893061, 0.01634514, 0.01160574
-0.96777242, 0.07974487, 0.23880734
0.56372106, 0.87755854
0.00440586, 0.01925131, 0.01903255
0.50627154, 0.27314067, 0.8179571
0.54559994, 0.48438442
0.00885132, 0.01634514, 0.01160574
0.96777242, 0.07974487, 0.23880734
0.54505748, 0.51966375
0.00885132, -0.01076201, 0.00763019
0.96981722, -0.04492325, -0.23963134
0.51815224, 0.56723419
0.00440586, -0.01302235, 0.0005263
0.51252782, -0.14667195, -0.84603411
0.51810527, 0.60307077
0.00440586, -0.03503454, -0.00366542
0.42448196, 0.40495011, -0.80980867
0.49402606, 0.63430196
0.00885132, -0.0327742, 0.0034385
0.94039732, 0.15210426, -0.30414745
0.49500692, 0.60179842
0.00885132, -0.04191796, -0.00113422
0.93487352, 0.08328501, -0.34498122
0.48632804, 0.62127033
0.00885132, -0.01395636, 0.02148881
0.96765035, 0.07257301, 0.24152349
0.51092422, 0.51670435
0.00885132, -0.01719622, 0.00782072
0.96169925, -0.00808741, -0.27387309
0.51115662, 0.57298326
0.00440586, -0.01945655, 0.0007168
0.48625141, -0.02584918, -0.87340921
0.51093727, 0.60825944
0.00885132, -0.02363048, 0.00801123
0.96890163, 0.03906369, -0.24430066
0.50408787, 0.57849047
-0.00893061, -0.01719622, 0.00782072
-0.96169925, -0.00808741, -0.27387309
0.52997822, 0.82390502
-0.00448515, -0.08896019, 0.05689076
-0.61397135, 0.24292734, 0.75096893
0.4460004, 0.94489758
-0.00893061, -0.09251207, 0.04009984
-0.9917295, 0.01931822, 0.12671286
0.44675884, 0.87861262
-0.0089307, -0.14699189, 0.04732281
-0.73238319, -0.63884395, 0.23538926
0.39072284, 0.85384357
-0.00893061, -0.02363048, 0.00801123
-0.96890163, 0.03906369, -0.24430066
0.52284831, 0.81824912
-0.00893061, -0.0327742, 0.0034385
-0.94039732, 0.15210426, -0.30414745
0.51359534, 0.7945608
-0.00893061, -0.03050306, 0.02727808
-0.96783352, 0.09073153, 0.23456526
0.51110643, 0.88727316
-0.00893061, -0.03996977, 0.03093945
-0.96731466, 0.08615375, 0.23838007
0.50077564, 0.8928193
-0.00448515, -0.03706366, 0.03836625
-0.50465405, 0.30085146, 0.80916774
0.50200462, 0.92623342
0.00885132, -0.03050306, 0.02727808
0.96783352, 0.09073153, 0.23456526
0.49240568, 0.51000392
0.00885132, -0.03996977, 0.03093945
0.96731466, 0.08615375, 0.23838007
0.48212874, 0.50475177
-0.0089307, -0.15539826, 0.02138409
-0.73668629, -0.67610705, -0.01120029
0.38907254, 0.75166745
-3.969e-05, -0.15765858, 0.01428018
0.0, -0.86104923, -0.50846887
0.37947768, 0.72569305
0.00885132, -0.15539826, 0.02138409
0.73668629, -0.67610705, -0.01120029
0.37078524, 0.75558902
0.00885132, -0.09251207, 0.04009983
0.9917295, 0.01931822, 0.12671286
0.42848676, 0.52165523
0.00885132, -0.09865816, 0.01012494
0.96368295, -0.0519425, -0.26184881
0.43070814, 0.63528723
0.00440586, -0.10091844, 0.00302102
0.49266028, -0.16934721, -0.85357219
0.43059862, 0.66837737
0.00885132, -0.15539826, 0.02138409
0.73668629, -0.67610705, -0.01120029
0.37096131, 0.65260279
-0.00893061, -0.09865816, 0.01012493
-0.96368295, -0.0519425, -0.26184881
0.44831133, 0.76466058
-3.969e-05, -0.10091844, 0.00302102
0.0, -0.19461654, -0.98086488
0.44826099, 0.71533579
-3.969e-05, -0.15765858, 0.01428018
0.0, -0.86104923, -0.50846887
0.38902432, 0.70263201
-0.00448515, -0.15765858, 0.01428018
-0.39255959, -0.7646718, -0.51097143
0.38875639, 0.71921945
-3.969e-05, -0.01945655, 0.0007168
0.0, -0.02957243, -0.99954224
0.53106755, 0.77148543
-3.969e-05, -0.02589079, 0.00090731
0.0, 0.2153386, -0.97653127
0.52461779, 0.76408432
-0.00448515, -0.02589079, 0.00090731
-0.48542741, 0.21729179, -0.84682763
0.52269846, 0.78115979
-3.969e-05, -0.03503454, -0.00366542
0.0, 0.44724876, -0.89437544
0.51463413, 0.74549037
-3.969e-05, -0.04417834, -0.00823813
0.0, 0.13348795, -0.99102753
0.50479662, 0.73021871
-0.00448515, -0.04417834, -0.00823813
-0.44224373, 0.10223701, -0.89101839
0.50371873, 0.74557012
-3.969e-05, 0.01019912, -0.00722884
0.0, -0.3167516, -0.94848478
0.5640015, 0.77997953
-3.969e-05, -0.01302235, 0.0005263
0.0, -0.17502365, -0.98455763
0.53767979, 0.77635133
-0.00448515, -0.01302235, 0.0005263
-0.51252782, -0.14667195, -0.84603411
0.53700483, 0.79389422
-0.00448515, 0.01019912, -0.00722884
-0.49385053, -0.27542955, -0.8247627
0.56391394, 0.79690181
-0.00448515, 0.03342059, -0.01498397
-0.39118627, 0.36787012, -0.84356213
0.58951432, 0.79731299
-3.969e-05, 0.03342059, -0.01498397
0.0, 0.45304728, -0.89144564
0.58953416, 0.78041595
-0.00448515, -0.03503454, -0.00366542
-0.42448196, 0.40495011, -0.80980867
0.51252991, 0.76135096
-0.00893061, -0.04191796, -0.00113422
-0.93487352, 0.08328501, -0.34498122
0.50470704, 0.77477114
-0.00448515, -0.01945655, 0.0007168
-0.48625141, -0.02584918, -0.87340921
0.5298931, 0.7883908
-0.00448515, -0.10091844, 0.00302102
-0.49266028, -0.16934721, -0.85357219
0.44797921, 0.73152286
0.00440586, -0.15765858, 0.01428018
0.39259011, -0.7646718, -0.51097143
0.37078533, 0.68543687
-3.969e-05, -0.15765858, 0.01428018
0.0, -0.86104923, -0.50846887
0.37114239, 0.70219839
0.00440586, -0.04417834, -0.00823813
0.44224373, 0.10223701, -0.89101839
0.48544449, 0.64976865
-3.969e-05, -0.10091844, 0.00302102
0.0, -0.19461654, -0.98086488
0.43100488, 0.68523428
0.00440586, -0.02589079, 0.00090731
0.48542741, 0.21729179, -0.84682763
0.50387633, 0.61503288
-3.969e-05, -0.02589079, 0.00090731
0.0, 0.2153386, -0.97653127
0.50553125, 0.63182727
-3.969e-05, -0.01945655, 0.0007168
0.0, -0.02957243, -0.99954224
0.51201195, 0.62524134
-3.969e-05, -0.04417834, -0.00823813
0.0, 0.13348795, -0.99102753
0.48673081, 0.66476798
-3.969e-05, -0.03503454, -0.00366542
0.0, 0.44724876, -0.89437544
0.49598211, 0.648743
0.00440586, 0.01019912, -0.00722884
0.49385053, -0.27542955, -0.8247627
0.54517496, 0.60107714
-3.969e-05, -0.01302235, 0.0005263
0.0, -0.17502365, -0.98455763
0.51866198, 0.62093341
0.00440586, 0.03342059, -0.01498397
0.39118627, 0.36787012, -0.84356213
0.57120854, 0.60091594
-3.969e-05, 0.01019912, -0.00722884
0.0, -0.3167516, -0.94848478
0.54523444, 0.6184991
-3.969e-05, -0.02759695, 0.03470492
0.0, 0.36069825, 0.93264568
0.49407977, 0.4590646
-3.969e-05, -0.03706366, 0.03836625
0.0, 0.34846035, 0.93731499
0.48369187, 0.45499241
0.00440586, -0.03706366, 0.03836625
0.50465405, 0.30085146, 0.80916774
0.48325992, 0.47142398
-3.969e-05, -0.08896019, 0.05689076
0.0, 0.33616138, 0.94177067
0.42776814, 0.43892831
-3.969e-05, -0.14085665, 0.07541525
0.0, -0.4850612, 0.87444687
0.37112355, 0.42364991
0.00440586, -0.14085665, 0.07541525
0.5233314, -0.39658803, 0.7541734
0.37078524, 0.44030112
-3.969e-05, 0.01925131, 0.01903255
0.0, 0.3167516, 0.94848478
0.56434005, 0.92952878
-3.969e-05, 0.04247274, 0.01127743
0.0, 0.90569782, 0.42387158
0.58991921, 0.92871673
-0.00448515, 0.04247274, 0.01127743
-0.40241706, 0.80596334, 0.43409526
0.58987874, 0.91179276
-3.969e-05, -0.01105022, 0.02891564
0.0, 0.28782007, 0.95767081
0.51220942, 0.46460843
-3.969e-05, -0.01813026, 0.03104355
0.0, 0.3245033, 0.94586015
0.50454706, 0.46297657
0.00440586, -0.01813026, 0.03104355
0.51182592, 0.27851191, 0.81264687
0.50416273, 0.4799459
0.00440586, -0.01105022, 0.02891564
0.50590533, 0.24826807, 0.82607502
0.51199919, 0.48150915
0.00885132, -0.00687629, 0.01936085
0.96713156, 0.07672353, 0.242378
0.51887006, 0.51766172
0.00440586, -0.00397021, 0.02678768
0.50398266, 0.26126897, 0.82320625
0.5197677, 0.48246557
-3.969e-05, -0.00397021, 0.02678768
0.0, 0.30231637, 0.9531846
0.51989615, 0.46550113
-0.00448515, 0.01925131, 0.01903255
-0.50627154, 0.27314067, 0.8179571
0.5642699, 0.91256516
-0.00893061, 0.03956659, 0.00385061
-0.73735774, 0.67464215, -0.03320414
0.58937722, 0.87712701
-0.00448515, -0.00397021, 0.02678768
-0.50398266, 0.26126897, 0.82320625
0.53855681, 0.91462685
-3.969e-05, -0.00397021, 0.02678768
0.0, 0.30231637, 0.9531846
0.53870416, 0.93159208
0.00440586, -0.08896019, 0.05689076
0.61397135, 0.24292734, 0.75096893
0.42742369, 0.45546961
0.00885132, -0.14699189, 0.04732281
0.73238319, -0.63884395, 0.23538926
0.37229547, 0.54961631
0.00440586, -0.02759695, 0.03470492
0.50648516, 0.31101412, 0.80416274
0.49358746, 0.47574443
0.00885132, -0.02103642, 0.02361675
0.96926785, 0.07998902, 0.23252052
0.50299162, 0.51524508
-0.00448515, -0.02759695, 0.03470492
-0.50648516, 0.31101412, 0.80416274
0.51234305, 0.92163889
-3.969e-05, -0.03706366, 0.03836625
0.0, 0.34846035, 0.93731499
0.50249553, 0.94270342
-3.969e-05, -0.02759695, 0.03470492
0.0, 0.36069825, 0.93264568
0.51286072, 0.93822804
-0.00448515, -0.14085665, 0.07541525
-0.5233314, -0.39658803, 0.7541734
0.38955832, 0.96280596
-3.969e-05, -0.14085665, 0.07541525
0.0, -0.4850612, 0.87444687
0.38995466, 0.97937962
-3.969e-05, -0.08896019, 0.05689076
0.0, 0.33616138, 0.94177067
0.44640583, 0.96146328
0.00440586, 0.04247274, 0.01127743
0.40241706, 0.80596334, 0.43409526
0.5714888, 0.48493981
-3.969e-05, 0.04247274, 0.01127743
0.0, 0.90569782, 0.42387158
0.57151651, 0.46782947
-3.969e-05, 0.01925131, 0.01903255
0.0, 0.3167516, 0.94848478
0.54565847, 0.4672575
-0.00448515, -0.01105022, 0.02891564
-0.50590533, 0.24826807, 0.82607502
0.5307793, 0.91560767
-3.969e-05, -0.01813026, 0.03104355
0.0, 0.3245033, 0.94586015
0.52330464, 0.93423627
-3.969e-05, -0.01105022, 0.02891564
0.0, 0.28782007, 0.95767081
0.53099871, 0.93261394
-0.00893061, -0.00687629, 0.01936085
-0.96713156, 0.07672353, 0.242378
0.53765982, 0.87944428
0.01017779, 0.25874239, -0.03531805
0.6544084, 0.59721673, -0.46372876
0.7959342, 0.54101443
0.01017779, 0.25874239, -0.01349238
0.6544084, 0.59721673, 0.46372876
0.78556365, 0.61264774
0.01017779, 0.25065225, -0.0134924
0.6544084, -0.59721673, 0.46372876
0.79433405, 0.6029309
-4.371e-05, 0.25874239, -0.0099022
0.0, 0.63954586, 0.76873076
0.79493576, 0.65950346
-4.371e-05, 0.25065225, -0.0099022
0.0, -0.63954586, 0.76873076
0.79892761, 0.6277371
-0.0102653, 0.25874239, -0.0134924
-0.6544084, 0.59721673, 0.46372876
0.81029201, 0.65950346
-0.0102653, 0.25065225, -0.0134924
-0.6544084, -0.59721673, 0.46372876
0.80635566, 0.6313104
-0.0102653, 0.25874239, -0.03531806
-0.6544084, 0.59721673, -0.46372876
0.8206448, 0.58203959
-0.0102653, 0.25065225, -0.03531806
-0.6544084, -0.59721673, -0.46372876
0.81191385, 0.59227523
-4.371e-05, 0.25874239, -0.03890826
0.0, 0.63954586, -0.76873076
0.81045455, 0.54003686
-4.371e-05, 0.25065225, -0.03890826
0.0, -0.63954586, -0.76873076
0.8067891, 0.57030052
0.01017779, 0.25065225, -0.03531806
0.6544084, -0.59721673, -0.46372876
0.79927725, 0.56925073
-4.371e-05, 0.25874239, -0.03890826
0.0, 0.63954586, -0.76873076
0.80856067, 0.80084832
-4.371e-05, 0.25065225, -0.03890826
0.0, -0.63954586, -0.76873076
0.80670816, 0.57088262
-0.0102653, 0.25065225, -0.03531806
-0.6544084, -0.59721673, -0.46372876
0.81168693, 0.59220397
-0.00811366, 0.13801983, -0.01462861
-0.73284096, -0.65266883, 0.19214454
0.51429665, 0.29849863
0.00802616, 0.13801983, -0.01462861
0.73284096, -0.65266883, 0.19214454
0.51441729, 0.35912448
-4.371e-05, 0.13801983, -0.00734043
0.0, -0.69872129, 0.71538436
0.52194297, 0.32861149
0.00802616, 0.13801983, -0.03143558
0.57753229, -0.57835627, -0.57609791
0.36006618, 0.87930316
0.00802616, 0.20651937, -0.03170467
0.7066561, -0.00137333, -0.70754111
0.35949716, 0.6216805
0.00802616, 0.1722696, -0.01543594
0.96816921, 0.00589007, 0.25009918
0.34325385, 0.75122672
-0.00811366, 0.25038558, -0.03170467
-0.70708334, 0.0, -0.70708334
0.30802223, 0.45191991
-0.00811366, 0.22845244, -0.01879991
-0.96783352, 0.02911466, 0.24982452
0.31891942, 0.53996444
-0.00811366, 0.25038558, -0.02135651
-0.97033602, 0.01358074, 0.24134037
0.31881553, 0.45514017
-0.00811366, 0.20651937, -0.03170468
-0.7066561, -0.00137333, -0.70754111
0.30304185, 0.61758155
-0.00811366, 0.13801983, -0.03143558
-0.57753229, -0.57835627, -0.57609791
0.29967323, 0.87493518
-0.00811366, 0.1722696, -0.01543594
-0.96816921, 0.00589007, 0.25009918
0.31786701, 0.7493847
0.00802616, 0.20651937, -0.01624328
0.96624655, 0.01843318, 0.25687429
0.34363085, 0.62427586
0.00399118, 0.20651937, -0.00895513
0.50090027, 0.05987731, 0.86339915
0.33529001, 0.62555337
0.00802616, 0.20651937, -0.03170467
0.7066561, -0.00137333, -0.70754111
0.42647472, 0.36144722
0.00802616, 0.13801983, -0.03143558
0.57753229, -0.57835627, -0.57609791
0.49709105, 0.35958195
-0.00811366, 0.13801983, -0.03143558
-0.57753229, -0.57835627, -0.57609791
0.49697047, 0.29895627
-0.00811366, 0.25038558, -0.03170467
-0.70708334, 0.0, -0.70708334
0.38113263, 0.30201608
-0.00811366, 0.27487516, -0.03170467
-0.57734919, 0.57734919, -0.57734919
0.35588637, 0.3026827
0.00802616, 0.27487516, -0.03170466
0.57734919, 0.57734919, -0.57734919
0.35600701, 0.36330867
-0.00811366, 0.20651937, -0.03170468
-0.7066561, -0.00137333, -0.70754111
0.42635411, 0.30082142
0.00802616, 0.25038558, -0.03170466
0.70708334, 0.0, -0.70708334
0.38125321, 0.36264181
0.00802616, 0.25038558, -0.03170466
0.70708334, 0.0, -0.70708334
0.35637254, 0.45558828
0.00802616, 0.22845244, -0.01879991
0.96783352, 0.02911466, 0.24982452
0.34450385, 0.54185244
0.00802616, 0.25038558, -0.02135652
0.97033602, 0.01358074, 0.24134037
0.34554866, 0.45716482
0.00399118, 0.25038558, -0.01406837
0.51579332, 0.05023347, 0.8552202
0.33654204, 0.45801455
0.00802616, 0.27487516, -0.02135652
0.73168129, 0.65489668, 0.18900113
0.34533924, 0.3635906
-0.00811366, 0.27487516, -0.02135651
-0.73168129, 0.65489668, 0.18900113
0.34521857, 0.30296451
-4.371e-05, 0.27487516, -0.01406837
0.0, 0.70708334, 0.70708334
0.33769292, 0.33347774
0.00802616, 0.26263028, -0.02135652
0.96819973, 0.0, 0.2501297
0.34536493, 0.40999109
0.00399118, 0.27487516, -0.01406837
0.40284431, 0.60869169, 0.68349254
0.33674833, 0.3635506
-0.00811366, 0.26263028, -0.02135651
-0.96819973, 0.0, 0.2501297
0.31941912, 0.40841782
-4.371e-05, 0.26263028, -0.01406837
0.0, 0.0, 1.0
0.33238223, 0.40986413
-4.371e-05, 0.27487516, -0.01406837
0.0, 0.70708334, 0.70708334
0.33257809, 0.36337316
-0.00407868, 0.27487516, -0.01406837
-0.40284431, 0.60869169, 0.68349254
0.32841042, 0.36311418
-4.371e-05, 0.22845244, -0.01151173
0.0, 0.11575671, 0.99325544
0.33167404, 0.54354018
-4.371e-05, 0.25038558, -0.01406837
0.0, 0.05798517, 0.99829096
0.33216879, 0.45768976
-0.00407868, 0.25038558, -0.01406837
-0.51579332, 0.05023347, 0.8552202
0.3278037, 0.45736295
-4.371e-05, 0.1722696, -0.0081478
0.0, 0.02356029, 0.99969482
0.33056849, 0.75109559
-4.371e-05, 0.20651937, -0.00895513
0.0, 0.0697348, 0.99755853
0.33124465, 0.6252729
-0.00407868, 0.20651937, -0.00895513
-0.50090027, 0.05987731, 0.86339915
0.32719883, 0.62501574
-0.00407868, 0.1722696, -0.0081478
-0.50770593, 0.02029481, 0.86126286
0.3264274, 0.75077578
-0.00811366, 0.13801983, -0.01462861
-0.73284096, -0.65266883, 0.19214454
0.31708896, 0.87795755
-0.00407868, 0.13801983, -0.00734043
-0.40314952, -0.60103154, 0.690054
0.3256951, 0.87924731
-4.371e-05, 0.13801983, -0.00734043
0.0, -0.69872129, 0.71538436
0.32985589, 0.87955281
-0.00407868, 0.22845244, -0.01151173
-0.50651568, 0.09982605, 0.85641038
0.32750225, 0.54329404
-0.00811366, 0.20651937, -0.01624329
-0.96624655, 0.01843318, 0.25687429
0.31887695, 0.62250894
-0.00407868, 0.26263028, -0.01406837
-0.50773644, 0.0, 0.86147648
0.32812643, 0.40954769
-0.00811366, 0.27487516, -0.02135651
-0.73168129, 0.65489668, 0.18900113
0.31988969, 0.36226821
0.00399118, 0.26263028, -0.01406837
0.50773644, 0.0, 0.86147648
0.33661368, 0.41004682
0.00399118, 0.22845244, -0.01151173
0.50651568, 0.09982605, 0.85641038
0.33589694, 0.54391068
0.00399118, 0.1722696, -0.00814779
0.50770593, 0.02029481, 0.86126286
0.33468533, 0.75138113
0.00399118, 0.13801983, -0.00734043
0.40314952, -0.60103154, 0.690054
0.33401653, 0.87985104
0.00802616, 0.13801983, -0.01462861
0.73284096, -0.65266883, 0.19214454
0.34263024, 0.87980729
0.00506761, 0.41204369, -0.02058696
0.77636033, 0.63023776, 0.0
0.90077829, 0.13057941
0.00357048, 0.41204369, -0.01697273
0.54896694, 0.63023776, 0.54896694
0.90079123, 0.11431575
0.00357048, 0.13736001, -0.01697276
0.54896694, -0.63023776, 0.54896694
0.64506418, 0.11431575
-4.371e-05, 0.41204369, -0.01547567
0.0, 0.63023776, 0.77636033
0.90080428, 0.09805191
-4.371e-05, 0.13736001, -0.01547569
0.0, -0.63023776, 0.77636033
0.64507717, 0.09805191
-0.00365798, 0.41204369, -0.01697273
-0.54896694, 0.63023776, 0.54896694
0.90081728, 0.08178812
-0.00365798, 0.13736001, -0.01697276
-0.54896694, -0.63023776, 0.54896694
0.64509022, 0.08178812
-0.00515503, 0.41204369, -0.02058696
-0.77636033, 0.63023776, 0.0
0.90083027, 0.06552434
-0.00515503, 0.13736001, -0.02058698
-0.77636033, -0.63023776, 0.0
0.64510322, 0.06552434
-0.00515503, 0.41204369, -0.02058696
-0.77636033, 0.63023776, 0.0
0.90072614, 0.1956346
-0.00365798, 0.41204369, -0.02420121
-0.54896694, 0.63023776, -0.54896694
0.90073919, 0.17937088
-0.00365798, 0.13736001, -0.02420122
-0.54896694, -0.63023776, -0.54896694
0.64501208, 0.17937088
-4.371e-05, 0.41204369, -0.02569823
0.0, 0.63023776, -0.77636033
0.90075213, 0.1631071
-4.371e-05, 0.13736001, -0.02569827
0.0, -0.63023776, -0.77636033
0.64502513, 0.1631071
0.00357048, 0.41204369, -0.01697273
0.54896694, 0.63023776, 0.54896694
0.91150194, 0.19574916
0.00357048, 0.41204369, -0.02420121
0.54896694, 0.63023776, -0.54896694
0.90836805, 0.16795158
-4.371e-05, 0.41204369, -0.02569823
0.0, 0.63023776, -0.77636033
0.9039045, 0.16790414
0.00357048, 0.41204369, -0.02420121
0.54896694, 0.63023776, -0.54896694
0.90076518, 0.14684331
0.00506752, 0.13736001, -0.02058698
0.77636033, -0.63023776, 0.0
0.64505118, 0.13057941
0.00357048, 0.13736001, -0.02420122
0.54896694, -0.63023776, -0.54896694
0.64503813, 0.14684331
0.00506752, 0.13736001, -0.02058698
0.77636033, -0.63023776, 0.0
0.63423628, 0.17925632
-4.371e-05, 0.13736001, -0.01547569
0.0, -0.63023776, 0.77636033
0.63737017, 0.20705378
-0.00365798, 0.13736001, -0.01697276
-0.54896694, -0.63023776, 0.54896694
0.6418336, 0.20710135
0.00608509, 0.13788886, -0.03093933
0.77636033, -0.63023776, 0.0
0.64657068, 0.33315706
0.00429005, 0.13788886, -0.03527309
0.54896694, -0.63023776, -0.54896694
0.64656156, 0.35186136
0.00429005, 0.44041401, -0.03527308
0.54896694, 0.63023776, -0.54896694
0.94065607, 0.3517819
-4.371e-05, 0.13788886, -0.03706819
0.0, -0.63023776, -0.77636033
0.6465525, 0.37056559
-4.371e-05, 0.44041401, -0.03706818
0.0, 0.63023776, -0.77636033
0.94064695, 0.37048608
-4.371e-05, 0.13788886, -0.03706819
0.0, -0.63023776, -0.77636033
0.6466251, 0.22093165
-0.00437755, 0.13788886, -0.03527309
-0.54896694, -0.63023776, -0.54896694
0.6466161, 0.23963594
-0.00437747, 0.44041401, -0.03527308
-0.54896694, 0.63023776, -0.54896694
0.94071054, 0.23955643
-0.00617259, 0.13788883, -0.03093934
-0.77636033, -0.63023776, 0.0
0.64660692, 0.25834018
-0.00617259, 0.44041401, -0.03093927
-0.77636033, 0.63023776, 0.0
0.94070137, 0.25826061
-0.00437755, 0.13788883, -0.02660557
-0.54896694, -0.63023776, 0.54896694
0.64659786, 0.27704436
-0.00437747, 0.44041401, -0.02660554
-0.54896694, 0.63023776, 0.54896694
0.94069225, 0.27696496
-4.371e-05, 0.13788883, -0.02481047
0.0, -0.63023776, 0.77636033
0.6465888, 0.29574865
-4.371e-05, 0.44041401, -0.02481044
0.0, 0.63023776, 0.77636033
0.94068325, 0.29566914
0.00429005, 0.13788886, -0.03527309
0.54896694, -0.63023776, -0.54896694
0.64300174, 0.20768237
0.00608509, 0.13788886, -0.03093933
0.77636033, -0.63023776, 0.0
0.63786846, 0.20764947
-0.00437755, 0.13788883, -0.02660557
-0.54896694, -0.63023776, 0.54896694
0.63784653, 0.25280535
0.00429005, 0.13788883, -0.02660557
0.54896694, -0.63023776, 0.54896694
0.64657974, 0.31445289
0.00608509, 0.44041401, -0.03093931
0.77636033, 0.63023776, 0.0
0.94066513, 0.33307761
0.00608509, 0.44041401, -0.03093931
0.77636033, 0.63023776, 0.0
0.94948894, 0.20768261
-4.371e-05, 0.44041401, -0.03706818
0.0, 0.63023776, -0.77636033
0.94071954, 0.22085214
-0.00845, 0.10791874, -0.00861961
-0.718009, 0.03323466, 0.69521165
0.24910925, 0.44105536
-0.00845, 0.08827215, -0.0067357
-0.72872096, 0.12869656, 0.67256689
0.22872962, 0.44163805
0.00836249, 0.08827215, -0.0067357
0.72872096, 0.12869656, 0.67256689
0.22886582, 0.50489348
0.00836249, 0.13819897, -0.03889981
0.57734919, 0.57734919, -0.57734919
0.16970256, 0.9073173
0.00836249, 0.13819897, -0.00861961
0.57734919, 0.57734919, 0.57734919
0.19873823, 0.86504528
0.00836249, 0.10791874, -0.00861961
0.718009, 0.03323466, 0.69521165
0.18713695, 0.75924712
-0.00845, 0.13819897, -0.03889981
-0.57734919, 0.57734919, -0.57734919
0.03732564, 0.44711083
-0.00845, 0.13819897, -0.00861961
-0.57734919, 0.57734919, 0.57734919
0.00605898, 0.44800502
0.00836249, 0.13819897, -0.00861961
0.57734919, 0.57734919, 0.57734919
0.00619523, 0.51126057
-0.00845, 0.10791874, -0.03889981
-0.70097965, -0.01950133, -0.71288186
0.1566962, 0.14909524
-0.00845, 0.10791874, -0.00861961
-0.718009, 0.03323466, 0.69521165
0.1859104, 0.18970197
-0.00845, 0.13819897, -0.00861961
-0.57734919, 0.57734919, 0.57734919
0.19705473, 0.08325338
0.00836249, 0.10791874, -0.00861961
0.718009, 0.03323466, 0.69521165
0.24924549, 0.50431085
0.00836249, 0.13819897, -0.00861961
0.57734919, 0.57734919, 0.57734919
0.28051209, 0.50341696
-0.00845, 0.13819897, -0.00861961
-0.57734919, 0.57734919, 0.57734919
0.28037593, 0.44016147
0.00836249, 0.13819897, -0.03889981
0.57734919, 0.57734919, -0.57734919
0.03746188, 0.51036656
0.00836249, 0.10791874, -0.03889981
0.70097965, -0.01950133, -0.71288186
0.06872847, 0.50947243
-0.00845, 0.10791874, -0.03889981
-0.70097965, -0.01950133, -0.71288186
0.06859227, 0.44621694
0.00836249, 0.08827215, -0.03782329
0.71330911, -0.01916562, -0.7005524
0.08904556, 0.50889152
0.00836249, 0.071586, -0.03782329
0.63332009, -0.28284556, -0.72029787
0.10627525, 0.50839883
-0.00845, 0.071586, -0.03782329
-0.63332009, -0.28284556, -0.72029787
0.10613905, 0.44514334
0.00836249, 0.08827215, -0.0067357
0.72872096, 0.12869656, 0.67256689
0.18141618, 0.68797237
0.00836249, 0.08827215, -0.03782329
0.71330911, -0.01916562, -0.7005524
0.15160625, 0.73137158
-0.00845, 0.08827215, -0.03782329
-0.71330911, -0.01916562, -0.7005524
0.08890932, 0.44563591
-0.00845, 0.08827215, -0.03782329
-0.71330911, -0.01916562, -0.7005524
0.15050411, 0.21960568
-0.00845, 0.071586, -0.00189135
-0.70662558, 0.19580676, 0.67992187
0.21078841, 0.44215095
-0.00845, 0.06405033, 0.00026172
-0.72569966, 0.24173711, 0.64409316
0.20269585, 0.4423824
0.00836249, 0.06405033, 0.00026172
0.72569966, 0.24173711, 0.64409316
0.20283206, 0.50563788
-0.00845, 0.08827215, -0.0067357
-0.72872096, 0.12869656, 0.67256689
0.18049729, 0.26129496
-0.00845, 0.071586, -0.03782329
-0.63332009, -0.28284556, -0.72029787
0.14436302, 0.27826482
0.00836249, 0.071586, -0.00189135
0.70662558, 0.19580676, 0.67992187
0.21092464, 0.5054065
0.00836249, 0.071586, -0.00189135
0.70662558, 0.19580676, 0.67992187
0.17966843, 0.62290856
0.00836249, 0.071586, -0.03782329
0.63332009, -0.28284556, -0.72029787
0.14521325, 0.67307064
-0.00845, 0.06405033, 0.00026172
-0.72569966, 0.24173711, 0.64409316
0.17833382, 0.3558293
-0.00845, 0.06405033, -0.03082588
-0.70296335, -0.49351481, -0.51213109
0.1483407, 0.31414002
-0.00845, 0.05489985, -0.02167542
-0.75887328, -0.35065767, -0.54875332
0.15380128, 0.35857898
0.00836249, 0.06405033, 0.00026172
0.72569966, 0.24173711, 0.64409316
0.17884584, 0.59357339
0.00836249, 0.06405033, -0.03082588
0.70296335, -0.49351481, -0.51213109
0.14903592, 0.63697261
0.00836249, 0.06405033, -0.03082588
0.70296335, -0.49351481, -0.51213109
0.1168938, 0.50809515
-0.00845, 0.06405033, -0.03082588
-0.70296335, -0.49351481, -0.51213109
0.11675756, 0.44483954
-0.00845, 0.071586, -0.00189135
-0.70662558, 0.19580676, 0.67992187
0.17903, 0.32645065
0.00836249, 0.05489985, 0.00456782
0.69545579, 0.27137059, 0.66530353
0.17946914, 0.55559045
0.00836249, 0.04251981, 0.00887391
0.57933289, -0.34116641, 0.74022645
0.178855, 0.50632358
0.00836249, 0.03363845, -0.01387059
0.57628101, -0.74507886, -0.33573413
0.15364255, 0.50704443
-0.00845, 0.05489985, 0.00456782
-0.69545579, 0.27137059, 0.66530353
0.19225338, 0.44268095
0.00836249, 0.05489985, 0.00456782
0.69545579, 0.27137059, 0.66530353
0.19238955, 0.5059365
0.00836249, 0.05489985, -0.02167542
0.75887328, -0.35065767, -0.54875332
0.15430447, 0.59222671
0.00836249, 0.05489985, -0.02167542
0.75887328, -0.35065767, -0.54875332
0.13025609, 0.50771308
-0.00845, 0.05489985, -0.02167542
-0.75887328, -0.35065767, -0.54875332
0.13011986, 0.44445759
-0.00845, 0.04251981, 0.00887391
-0.57933289, -0.34116641, 0.74022645
0.17871882, 0.44306797
-0.00845, 0.03363845, -0.01387059
-0.57628101, -0.74507886, -0.33573413
0.15350632, 0.44378883
-0.00845, 0.05489985, 0.00456782
-0.69545579, 0.27137059, 0.66530353
0.17912064, 0.39377207
0.00322593, 0.06107695, 0.00080575
0.57509077, 0.29129916, -0.7644276
0.66796118, 0.5959729
-0.00331344, 0.02611584, 0.03680817
-0.64192635, -0.25482956, 0.72313607
0.64967769, 0.9782488
0.00322593, 0.02330406, 0.03174855
0.77196568, 0.51042205, -0.37876523
0.64242595, 0.38628083
0.00322593, 0.02064958, 0.02288076
0.66866052, -0.64171273, -0.37553027
0.63422334, 0.41787207
0.00885132, 0.03956659, 0.00385061
0.73735774, 0.67464215, -0.03320414
0.6078912, 0.87712692
-3.969e-05, 0.04247274, 0.01127743
0.0, 0.90569782, 0.42387158
0.5986343, 0.90738253
0.00440586, 0.04247274, 0.01127743
0.40241706, 0.80596334, 0.43409526
0.60582775, 0.90349461
-0.00448515, 0.04247274, 0.01127743
-0.40241706, 0.80596334, 0.43409526
0.5940057, 0.90738255
-0.00448515, 0.03342059, -0.01498397
-0.39118627, 0.36787012, -0.84356213
0.5940057, 0.80196454
0.00440586, 0.03342059, -0.01498397
0.39118627, 0.36787012, -0.84356213
0.60326272, 0.80196449
0.00885132, -0.14699189, 0.04732281
0.73238319, -0.63884395, 0.23538926
0.37243557, 0.85776517
-3.969e-05, -0.14085665, 0.07541525
0.0, -0.4850612, 0.87444687
0.38331959, 0.96355525
-0.00448515, -0.14085665, 0.07541525
-0.5233314, -0.39658803, 0.7541734
0.38789141, 0.96257485
0.00440586, -0.14085665, 0.07541525
0.5233314, -0.39658803, 0.7541734
0.37874773, 0.96453566
0.00440586, -0.15765858, 0.01428018
0.39259011, -0.7646718, -0.51097143
0.37490588, 0.72667345
-0.00448515, -0.15765858, 0.01428018
-0.39255959, -0.7646718, -0.51097143
0.38404948, 0.72471267
-3.969e-05, 0.03342059, -0.01498397
0.0, 0.45304728, -0.89144564
0.57122773, 0.61811388
0.01017779, 0.25874239, -0.01349238
0.6544084, 0.59721673, 0.46372876
0.78295237, 0.6944932
-0.0102653, 0.25874239, -0.03531806
-0.6544084, 0.59721673, -0.46372876
0.82054412, 0.76585859
0.01017779, 0.25874239, -0.03531805
0.6544084, 0.59721673, -0.46372876
0.79320449, 0.80084832
0.01017779, 0.25065225, -0.03531806
0.6544084, -0.59721673, -0.46372876
0.79940796, 0.56981879
0.01017779, 0.25065225, -0.0134924
0.6544084, -0.59721673, 0.46372876
0.79452932, 0.60291952
-0.00407868, 0.13801983, -0.00734043
-0.40314952, -0.60103154, 0.690054
0.52184016, 0.31345665
0.00399118, 0.13801983, -0.00734043
0.40314952, -0.60103154, 0.690054
0.52190053, 0.34376973
0.00399118, 0.27487516, -0.01406837
0.40284431, 0.60869169, 0.68349254
0.33779573, 0.34863222
-0.00407868, 0.27487516, -0.01406837
-0.40284431, 0.60869169, 0.68349254
0.33773541, 0.31831962
-0.00811366, 0.27487516, -0.03170467
-0.57734919, 0.57734919, -0.57734919
0.30933338, 0.36050761
-0.00515503, 0.13736001, -0.02058698
-0.77636033, -0.63023776, 0.0
0.64499903, 0.1956346
-0.00365798, 0.41204369, -0.01697273
-0.54896694, 0.63023776, 0.54896694
0.90387309, 0.2071684
-4.371e-05, 0.41204369, -0.01547567
0.0, 0.63023776, 0.77636033
0.90833658, 0.20721579
0.00506761, 0.41204369, -0.02058696
0.77636033, 0.63023776, 0.0
0.91151506, 0.17948538
-4.371e-05, 0.13736001, -0.02569827
0.0, -0.63023776, -0.77636033
0.64186519, 0.16783702
0.00357048, 0.13736001, -0.02420122
0.54896694, -0.63023776, -0.54896694
0.63740158, 0.16778958
0.00357048, 0.13736001, -0.01697276
0.54896694, -0.63023776, 0.54896694
0.63422322, 0.1955201
-0.00617259, 0.13788883, -0.03093934
-0.77636033, -0.63023776, 0.0
0.64297986, 0.25283843
0.00429005, 0.13788883, -0.02660557
0.54896694, -0.63023776, 0.54896694
0.63423234, 0.22085196
-4.371e-05, 0.13788883, -0.02481047
0.0, -0.63023776, 0.77636033
0.63422322, 0.23955613
0.00429005, 0.44041401, -0.02660554
0.54896694, 0.63023776, 0.54896694
0.94067419, 0.31437331
-4.371e-05, 0.44041401, -0.02481044
0.0, 0.63023776, 0.77636033
0.95310324, 0.23963612
0.00429005, 0.44041401, -0.02660554
0.54896694, 0.63023776, 0.54896694
0.95311236, 0.22093195
-0.00437747, 0.44041401, -0.02660554
-0.54896694, 0.63023776, 0.54896694
0.94946712, 0.25283861
-0.00617259, 0.44041401, -0.03093927
-0.77636033, 0.63023776, 0.0
0.94433379, 0.25280571
0.00429005, 0.44041401, -0.03527308
0.54896694, 0.63023776, -0.54896694
0.94435567, 0.20764971
0.00836249, 0.10791874, -0.03889981
0.70097965, -0.01950133, -0.71288186
0.15810123, 0.80151916
-0.00845, 0.13819897, -0.03889981
-0.57734919, 0.57734919, -0.57734919
0.16784051, 0.04264683
# Number of Faces:
514
# Face Data:
0, 1, 2
3, 4, 5
6, 7, 8
6, 9, 10
1, 11, 12
3, 0, 9
13, 14, 15
16, 10, 17
4, 13, 18
7, 19, 20
21, 22, 23
11, 24, 25
26, 17, 22
19, 27, 28
29, 30, 31
27, 32, 33
14, 34, 35
24, 29, 36
37, 38, 39
40, 23, 41
32, 42, 43
34, 37, 44
45, 46, 47
44, 37, 48
30, 49, 50
41, 45, 51
52, 53, 47
54, 48, 55
56, 48, 54
49, 52, 46
57, 55, 58
47, 59, 60
61, 62, 63
53, 64, 65
66, 67, 68
59, 69, 70
64, 71, 72
62, 66, 73
38, 74, 75
42, 76, 77
78, 79, 80
81, 51, 82
83, 84, 85
79, 86, 87
76, 88, 89
90, 82, 84
91, 92, 93
74, 94, 95
86, 91, 96
88, 97, 98
99, 100, 101
97, 102, 103
85, 104, 101
95, 94, 105
67, 106, 107
108, 58, 109
69, 110, 111
71, 112, 113
107, 106, 93
109, 114, 115
110, 100, 99
113, 112, 116
105, 115, 114
102, 117, 116
118, 119, 120
121, 122, 123
124, 125, 126
127, 128, 129
130, 131, 123
121, 132, 133
134, 135, 136
132, 137, 138
139, 138, 140
118, 141, 119
142, 143, 144
145, 146, 147
147, 148, 149
135, 150, 151
152, 153, 154
151, 155, 156
157, 156, 158
143, 159, 144
160, 161, 162
163, 164, 165
166, 167, 168
169, 170, 171
127, 172, 171
126, 173, 172
174, 169, 172
175, 168, 176
165, 175, 146
164, 166, 175
177, 165, 145
171, 177, 141
170, 163, 177
178, 162, 152
168, 178, 159
167, 160, 178
157, 179, 180
181, 157, 182
181, 136, 156
139, 183, 184
133, 139, 185
133, 132, 138
134, 181, 186
183, 134, 187
183, 140, 135
188, 133, 189
190, 188, 191
122, 121, 188
192, 193, 194
195, 196, 197
198, 199, 200
201, 202, 203
137, 204, 203
205, 206, 204
207, 201, 204
208, 200, 209
210, 208, 129
211, 198, 208
212, 197, 213
151, 194, 212
193, 195, 212
150, 214, 194
215, 203, 214
202, 192, 214
216, 149, 217
120, 216, 218
119, 147, 216
142, 219, 220
149, 142, 221
148, 143, 142
130, 222, 223
206, 130, 224
206, 205, 131
225, 120, 226
210, 225, 227
228, 118, 225
229, 230, 231
230, 232, 233
232, 234, 235
234, 236, 237
236, 238, 239
238, 229, 240
232, 241, 234
242, 233, 243
244, 245, 246
247, 248, 249
250, 251, 252
253, 254, 255
249, 256, 257
258, 259, 260
261, 262, 263
264, 261, 265
248, 266, 267
267, 268, 269
270, 271, 272
266, 263, 273
273, 270, 274
250, 252, 275
276, 277, 278
279, 280, 281
282, 283, 284
255, 285, 284
286, 287, 285
288, 282, 285
251, 289, 281
290, 284, 289
283, 279, 289
291, 278, 292
281, 291, 275
280, 276, 291
293, 274, 277
269, 293, 276
268, 273, 293
294, 269, 280
257, 294, 279
256, 267, 294
295, 257, 283
288, 296, 295
297, 249, 295
298, 299, 300
299, 301, 302
301, 303, 304
303, 305, 306
307, 308, 309
308, 310, 311
312, 313, 314
315, 298, 316
310, 315, 317
318, 319, 320
321, 322, 323
322, 324, 325
326, 327, 328
327, 329, 330
329, 331, 332
331, 333, 334
335, 336, 337
338, 321, 339
334, 333, 338
340, 341, 328
342, 343, 344
345, 346, 347
348, 349, 350
351, 352, 353
354, 355, 356
357, 358, 359
360, 361, 362
347, 363, 364
358, 360, 365
352, 351, 366
367, 368, 369
370, 366, 371
343, 367, 372
363, 373, 374
375, 376, 377
373, 378, 379
361, 380, 381
382, 371, 376
383, 384, 385
368, 386, 387
378, 383, 388
380, 389, 390
385, 384, 391
389, 385, 392
393, 377, 392
386, 391, 384
9, 0, 2
0, 3, 5
3, 6, 8
16, 6, 10
2, 1, 12
6, 3, 9
18, 13, 15
26, 16, 17
5, 4, 18
8, 7, 20
40, 21, 23
12, 11, 25
21, 26, 22
20, 19, 28
36, 29, 31
28, 27, 33
15, 14, 35
25, 24, 36
48, 37, 39
81, 40, 41
33, 32, 43
35, 34, 44
51, 45, 47
56, 44, 48
31, 30, 50
81, 41, 51
46, 52, 47
57, 54, 55
394, 56, 54
50, 49, 46
108, 57, 58
51, 47, 60
78, 61, 63
47, 53, 65
73, 66, 68
60, 59, 70
65, 64, 72
63, 62, 73
39, 38, 75
43, 42, 77
61, 78, 80
90, 81, 82
395, 83, 85
80, 79, 87
77, 76, 89
83, 90, 84
96, 91, 93
75, 74, 95
87, 86, 96
89, 88, 98
104, 99, 101
98, 97, 103
395, 85, 101
396, 95, 105
68, 67, 107
397, 108, 109
70, 69, 111
72, 71, 113
92, 107, 93
397, 109, 115
111, 110, 99
117, 113, 116
396, 105, 114
103, 102, 116
225, 118, 120
131, 205, 132
121, 123, 131
131, 132, 121
209, 398, 124
398, 399, 400
399, 209, 401
125, 402, 126
124, 403, 125
209, 399, 398
124, 126, 209
127, 209, 126
128, 228, 129
129, 209, 127
222, 130, 123
188, 121, 133
181, 134, 136
215, 140, 138
137, 132, 205
138, 137, 215
183, 139, 140
128, 118, 228
141, 145, 119
118, 128, 141
219, 142, 144
146, 148, 147
147, 119, 145
148, 146, 176
216, 147, 149
150, 135, 140
135, 151, 136
140, 215, 150
404, 144, 152
144, 405, 406
405, 404, 407
153, 408, 154
152, 409, 153
404, 405, 144
152, 154, 404
213, 158, 156
156, 136, 151
156, 155, 213
179, 157, 158
159, 143, 148
159, 152, 144
148, 176, 159
178, 160, 162
177, 163, 165
175, 166, 168
172, 169, 171
128, 127, 171
127, 126, 172
173, 174, 172
146, 175, 176
145, 165, 146
165, 164, 175
141, 177, 145
128, 171, 141
171, 170, 177
159, 178, 152
176, 168, 159
168, 167, 178
182, 157, 180
186, 181, 182
157, 181, 156
185, 139, 184
189, 133, 185
139, 133, 138
187, 134, 186
184, 183, 187
134, 183, 135
191, 188, 189
410, 190, 191
190, 122, 188
214, 192, 194
212, 195, 197
208, 198, 200
204, 201, 203
215, 137, 203
137, 205, 204
206, 207, 204
129, 208, 209
228, 210, 129
210, 211, 208
155, 212, 213
155, 151, 212
194, 193, 212
151, 150, 194
150, 215, 214
203, 202, 214
218, 216, 217
226, 120, 218
120, 119, 216
221, 142, 220
217, 149, 221
149, 148, 142
224, 130, 223
207, 206, 224
130, 206, 131
227, 225, 226
211, 210, 227
210, 228, 225
240, 229, 231
231, 230, 233
233, 232, 235
235, 234, 237
237, 236, 239
239, 238, 240
241, 232, 411
241, 412, 234
411, 413, 241
233, 242, 414
233, 235, 243
414, 415, 233
259, 244, 260
244, 246, 416
246, 245, 417
245, 244, 259
249, 297, 247
248, 256, 249
251, 250, 253
253, 290, 251
255, 290, 253
254, 286, 255
295, 249, 257
264, 258, 260
265, 261, 263
258, 264, 265
266, 268, 267
267, 256, 248
294, 267, 269
262, 270, 263
270, 272, 418
272, 271, 419
271, 270, 262
263, 270, 273
273, 268, 266
293, 273, 274
275, 420, 250
420, 275, 292
291, 276, 278
289, 279, 281
285, 282, 284
290, 255, 284
255, 286, 285
287, 288, 285
252, 251, 281
251, 290, 289
284, 283, 289
275, 291, 292
252, 281, 275
281, 280, 291
276, 293, 277
280, 269, 276
269, 268, 293
279, 294, 280
283, 257, 279
257, 256, 294
282, 295, 283
282, 288, 295
296, 297, 295
316, 298, 300
300, 299, 302
302, 301, 304
304, 303, 306
421, 307, 309
309, 308, 311
422, 423, 312
312, 307, 422
312, 314, 308
312, 424, 313
308, 307, 312
317, 315, 316
311, 310, 317
425, 426, 318
421, 309, 425
318, 320, 421
318, 427, 319
421, 425, 318
339, 321, 323
323, 322, 325
341, 326, 328
328, 327, 330
330, 329, 332
332, 331, 334
327, 326, 335
335, 428, 327
429, 430, 337
337, 336, 429
337, 428, 335
431, 338, 339
431, 334, 338
432, 433, 340
340, 434, 432
340, 328, 435
340, 436, 341
435, 434, 340
354, 342, 344
437, 345, 347
357, 348, 350
438, 351, 353
342, 354, 356
348, 357, 359
365, 360, 362
437, 347, 364
359, 358, 365
370, 352, 366
372, 367, 369
382, 370, 371
344, 343, 372
364, 363, 374
393, 375, 377
374, 373, 379
362, 361, 381
375, 382, 376
388, 383, 385
369, 368, 387
379, 378, 388
381, 380, 390
392, 385, 391
390, 389, 392
391, 393, 392
387, 386, 384
