# Project Zomboid Skinned Mesh
# File Version:
1.0
# Model Name:
weapons_handgun1
# Vertex Stride Element Count:
3
# Vertex Stride Size (in bytes):
76
# Vertex Stride Data:
# (Int)    Offset
# (String) Type
0
VertexArray
12
NormalArray
24
TextureCoordArray
# Vertex Count:
256
# Vertex Buffer:
0.009697, 0.148233, -0.01558598
0.70708334, 0.70708334, 0.0
0.137839, 0.992724
0.009697, -0.003145, -0.015586
0.70708334, -0.70708334, 0.0
0.90146601, 0.992719
0.009697, 0.148233, -0.03605498
0.57734919, 0.57734919, -0.57734919
0.137822, 0.876417
0.009697, -0.00314499, -0.036055
0.57734919, -0.57734919, -0.57734919
0.90146202, 0.876434
-0.009036, 0.148233, -0.03605498
-0.57734919, 0.57734919, -0.57734919
0.137813, 0.75090601
-0.009036, -0.00314499, -0.036055
-0.57734919, -0.57734919, -0.57734919
0.90146399, 0.750901
-0.009036, 0.148233, -0.01558598
-0.70708334, 0.70708334, 0.0
0.13782901, 0.673118
-0.009036, -0.003145, -0.015586
-0.70708334, -0.70708334, 0.0
0.90146798, 0.673087
-0.009036, -0.003145, -0.015586
-0.70708334, -0.70708334, 0.0
0.98662502, 0.75090501
0.009697, -0.003145, -0.015586
0.70708334, -0.70708334, 0.0
0.98738199, 0.876412
-0.009036, 0.148233, -0.01558598
-0.70708334, 0.70708334, 0.0
0.004911, 0.7509
0.009697, 0.148233, -0.01558598
0.70708334, 0.70708334, 0.0
0.004915, 0.876432
0.011423, -0.00899801, 0.062522
0.6596576, -0.41743216, 0.62492752
0.95767802, 0.47725803
0.011423, -0.00859501, 0.050375
0.91463971, -0.3891415, -0.10943937
0.95525903, 0.40439397
0.011423, 0.02875399, 0.06606501
0.68816185, 0.20603046, 0.6956389
0.73121798, 0.49851
0.011423, 0.05394, -0.00082099
0.95687735, 0.20416883, 0.20654927
0.58013898, 0.097287
0.011423, 0.00089799, 0.032684
0.91970581, -0.34473708, -0.18771935
0.89831603, 0.29827201
0.011423, 0.011748, 0.012941
0.94393748, -0.31690419, -0.09234901
0.83322799, 0.179842
0.011423, 0.013559, -0.002898
0.96276742, -0.25870541, 0.07824945
0.822366, 0.08483201
0.011423, 0.001383, -0.016427
0.7058931, 0.00372326, -0.70827359
0.89540601, 0.003676
0.011423, 0.001383, -0.014397
0.94750816, -0.10986663, 0.30014953
0.89540601, 0.01584899
0.011423, -0.005579, -0.016427
0.57734919, -0.57734919, -0.57734919
0.93717003, 0.003676
0.011423, -0.005579, -0.014397
0.70891446, -0.62785727, 0.32123783
0.93716902, 0.01584899
0.006636, 0.03294099, 0.06622101
0.25019073, 0.57289344, 0.78048038
0.70610303, 0.49944299
0.006636, 0.057933, 0.00146601
0.38651693, 0.59251684, 0.70674765
0.55618501, 0.11101002
0.006639, -0.01435401, 0.057395
0.31681263, -0.91128272, 0.26300851
0.989802, 0.44650102
0.006639, -0.01303001, 0.047146
0.3872799, -0.86785483, -0.3111057
0.98186398, 0.38502097
0.006639, -0.004345, 0.032684
0.38062686, -0.805475, -0.45417646
0.92976397, 0.29827201
0.006639, 0.008316, -0.002898
0.42512283, -0.83330792, 0.35328227
0.85381401, 0.08483201
0.006639, 0.006506, 0.012941
0.40858179, -0.86577958, -0.28882718
0.864676, 0.179842
0.006639, 0.000625, -0.010092
0.33088169, -0.45463425, 0.82689899
0.89995199, 0.04167497
0.011423, 0.05394, -0.01587299
0.70827359, 0.00372326, -0.7058931
0.58013898, 0.00700098
0.011423, 0.073102, -0.00584999
0.88018435, 0.0697348, 0.4694052
0.46519199, 0.06712401
0.011423, 0.073102, -0.01587199
0.70708334, 0.0, -0.70708334
0.46519199, 0.007002
0.006636, 0.073766, -0.00332099
0.25165564, 0.13913389, 0.95773184
0.46121201, 0.08229202
0.011423, 0.110328, -0.00584998
0.86236155, 0.08578753, 0.4989166
0.241889, 0.06712401
0.011423, 0.110328, -0.01587198
0.7249977, 0.07504501, -0.68462175
0.241889, 0.007002
0.006636, 0.110992, -0.00332098
0.25778985, 0.02508621, 0.96584976
0.237909, 0.08229202
0.010376, 0.115331, -0.00584998
0.85125279, 0.0863979, 0.51753289
0.21188, 0.06712401
0.010376, 0.115331, -0.01587198
0.67909789, 0.06918546, -0.73073518
0.21188, 0.007002
0.00595, 0.115995, -0.00332098
0.24793237, 0.01513718, 0.96862698
0.2079, 0.08229202
0.010376, 0.14847501, -0.00584998
0.67986083, 0.6081118, 0.40980256
0.013067, 0.06712401
0.010376, 0.14847501, -0.01597298
0.57716608, 0.57652515, -0.57829523
0.013067, 0.00639701
0.005544, 0.14847501, -0.00332098
0.17838068, 0.65819269, 0.73137605
0.013067, 0.08229202
0.008944, -0.005475, -0.012166
0.32959992, -0.6659444, 0.6692099
0.93654501, 0.02923399
0.006639, -0.01303001, 0.047146
0.3872799, -0.86785483, -0.3111057
0.22416399, 0.14870203
0.006639, -0.01435401, 0.057395
0.31681263, -0.91128272, 0.26300851
0.182854, 0.14870298
-0.005831, -0.01303001, 0.047146
-0.3872799, -0.86785483, -0.3111057
0.22409301, 0.199229
-0.005831, -0.01435401, 0.057395
-0.31681263, -0.91128272, 0.26300851
0.182741, 0.19922698
0.006639, -0.004345, 0.032684
0.38062686, -0.805475, -0.45417646
0.29082501, 0.14870203
-0.005831, -0.004345, 0.032684
-0.38062686, -0.805475, -0.45417646
0.290782, 0.199229
0.006639, 0.008316, -0.002898
0.42512283, -0.83330792, 0.35328227
0.451022, 0.14870101
0.006639, 0.006506, 0.012941
0.40858179, -0.86577958, -0.28882718
0.38826901, 0.14870203
-0.005831, 0.008316, -0.002898
-0.42512283, -0.83330792, 0.35328227
0.45113, 0.19922799
-0.005831, 0.006506, 0.012941
-0.40858179, -0.86577958, -0.28882718
0.38832101, 0.199229
0.006639, 0.000625, -0.010092
0.33088169, -0.45463425, 0.82689899
0.49273399, 0.14869899
-0.005831, 0.000625, -0.010092
-0.3309122, -0.45463425, 0.82689899
0.49294001, 0.19922799
0.011423, -0.00899801, 0.062522
0.6596576, -0.41743216, 0.62492752
0.93691802, 0.54239699
0.006639, -0.00866301, 0.062673
-0.00070193, -0.39909056, 0.91689807
0.93691897, 0.565045
0.006639, -0.01435401, 0.057395
0.31681263, -0.91128272, 0.26300851
0.97386998, 0.56459099
-0.005831, -0.01435401, 0.057395
-0.31681263, -0.91128272, 0.26300851
0.97368699, 0.62132499
-0.00583, -0.00866301, 0.062673
0.00070193, -0.39909056, 0.91689807
0.93691897, 0.620637
0.006636, 0.03294099, 0.06622101
0.25019073, 0.57289344, 0.78048038
0.753968, 0.56412601
0.011423, 0.02875399, 0.06606501
0.68816185, 0.20603046, 0.6956389
0.77166599, 0.54158601
-0.005828, 0.03294099, 0.06622101
-0.24820703, 0.57209998, 0.78170109
0.75375003, 0.620031
-0.010615, 0.053475, -0.00044099
-1.0, 0.0, 0.0
0.58292902, 0.09957099
-0.010615, 0.053767, -0.00036199
-0.91879022, 0.369335, 0.13913389
0.58117598, 0.10004002
-0.010615, 0.05394, -0.00082099
-0.95721304, 0.20407727, 0.20505387
0.58013898, 0.097287
-0.010615, 0.053378, -0.00046599
-1.0, 0.0, 0.0
0.58350903, 0.09941602
-0.010615, 0.051606, -0.00094099
-1.0, 0.0, 0.0
0.59413898, 0.09656698
-0.010615, 0.053089, -0.00054399
-1.0, 0.0, 0.0
0.58524102, 0.09895098
-0.010615, 0.05394, -0.01587299
-0.70827359, 0.00372326, -0.7058931
0.58013898, 0.00700098
-0.010615, 0.001383, -0.016427
-0.7058931, 0.00372326, -0.70827359
0.89540601, 0.003676
-0.010615, 0.001383, -0.014397
-0.94750816, -0.10989715, 0.30018005
0.89540601, 0.01584899
-0.010615, -0.005579, -0.016427
-0.57734919, -0.57734919, -0.57734919
0.93717003, 0.003676
-0.010615, -0.005579, -0.014397
-0.70888394, -0.62782675, 0.32132939
0.93716902, 0.01584899
-0.005828, 0.03294099, 0.06622101
-0.24820703, 0.57209998, 0.78170109
0.70610303, 0.49944299
-0.005828, 0.057933, 0.00146601
-0.38581499, 0.5940733, 0.70580155
0.55618501, 0.11101002
-0.010615, 0.02875399, 0.06606501
-0.68803978, 0.2042909, 0.69627976
0.73121798, 0.49851
-0.005831, -0.01303001, 0.047146
-0.3872799, -0.86785483, -0.3111057
0.98186398, 0.38502097
-0.005831, -0.01435401, 0.057395
-0.31681263, -0.91128272, 0.26300851
0.989802, 0.44650102
-0.010615, -0.00859501, 0.050375
-0.91463971, -0.3891415, -0.10943937
0.95525903, 0.40439397
-0.010615, -0.00899801, 0.062522
-0.6596576, -0.41743216, 0.62495804
0.95767802, 0.47725803
-0.010615, 0.00089799, 0.032684
-0.91970581, -0.34473708, -0.18771935
0.89831603, 0.29827201
-0.005831, -0.004345, 0.032684
-0.38062686, -0.805475, -0.45417646
0.92976397, 0.29827201
-0.010615, 0.013559, -0.002898
-0.96276742, -0.25870541, 0.07824945
0.822366, 0.08483201
-0.005831, 0.008316, -0.002898
-0.42512283, -0.83330792, 0.35328227
0.85381401, 0.08483201
-0.010615, 0.011748, 0.012941
-0.94393748, -0.31690419, -0.09234901
0.83322799, 0.179842
-0.005831, 0.006506, 0.012941
-0.40858179, -0.86577958, -0.28882718
0.864676, 0.179842
-0.005831, 0.000625, -0.010092
-0.3309122, -0.45463425, 0.82689899
0.89995199, 0.04167497
-0.010615, 0.073102, -0.00584999
-0.88018435, 0.0697348, 0.4694052
0.46519199, 0.06712401
-0.010615, 0.073102, -0.01587199
-0.70708334, 0.0, -0.70708334
0.46519199, 0.007002
-0.005828, 0.073766, -0.00332099
-0.25165564, 0.13913389, 0.95773184
0.46121201, 0.08229202
-0.010615, 0.110328, -0.00584998
-0.86236155, 0.08584857, 0.49888608
0.241889, 0.06712401
-0.010615, 0.110328, -0.01587198
-0.7249977, 0.07510605, -0.68462175
0.241889, 0.007002
-0.005828, 0.110992, -0.00332098
-0.25782037, 0.02511673, 0.96584976
0.237909, 0.08229202
-0.009567, 0.115331, -0.00584998
-0.85125279, 0.08645894, 0.51753289
0.21188, 0.06712401
-0.009567, 0.115331, -0.01587198
-0.67906737, 0.0692465, -0.7307657
0.21188, 0.007002
-0.005142, 0.115995, -0.00332098
-0.24799341, 0.01513718, 0.96862698
0.2079, 0.08229202
-0.009567, 0.14847501, -0.00584998
-0.67986083, 0.6081118, 0.40980256
0.013067, 0.06712401
-0.009567, 0.14847501, -0.01597298
-0.57716608, 0.57652515, -0.57829523
0.013067, 0.00639701
-0.004735, 0.14847501, -0.00332098
-0.17838068, 0.65819269, 0.73137605
0.013067, 0.08229202
-0.008135, -0.005475, -0.012166
-0.32950833, -0.66597492, 0.6692099
0.93654501, 0.02923399
0.008944, -0.005475, -0.012166
0.32959992, -0.6659444, 0.6692099
0.52081901, 0.13951898
-0.008135, -0.005475, -0.012166
-0.32950833, -0.66597492, 0.6692099
0.52081698, 0.20832801
0.011423, -0.005579, -0.014397
0.70891446, -0.62785727, 0.32123783
0.53108102, 0.13108301
-0.010615, -0.005579, -0.014397
-0.70888394, -0.62782675, 0.32132939
0.53106898, 0.21697497
0.006636, 0.057933, 0.00146601
0.38651693, 0.59251684, 0.70674765
0.37069201, 0.30167902
-0.005828, 0.057933, 0.00146601
-0.38581499, 0.5940733, 0.70580155
0.37069201, 0.26058501
0.006636, 0.03294099, 0.06622101
0.25019073, 0.57289344, 0.78048038
0.60924602, 0.30167902
-0.005828, 0.03294099, 0.06622101
-0.24820703, 0.57209998, 0.78170109
0.60924602, 0.26058501
0.006636, 0.073766, -0.00332099
0.25165564, 0.13913389, 0.95773184
0.31620601, 0.30167902
-0.005828, 0.073766, -0.00332099
-0.25165564, 0.13913389, 0.95773184
0.31620601, 0.26058501
0.006636, 0.110992, -0.00332098
0.25778985, 0.02508621, 0.96584976
0.188096, 0.30167902
-0.005828, 0.110992, -0.00332098
-0.25782037, 0.02511673, 0.96584976
0.188096, 0.26058501
0.00595, 0.115995, -0.00332098
0.24793237, 0.01513718, 0.96862698
0.17088, 0.30167902
-0.005142, 0.115995, -0.00332098
-0.24799341, 0.01513718, 0.96862698
0.17088, 0.26058602
0.005544, 0.14847501, -0.00332098
0.17838068, 0.65819269, 0.73137605
0.081309, 0.30167902
-0.004735, 0.14847501, -0.00332098
-0.17838068, 0.65819269, 0.73137605
0.081309, 0.26059502
-0.010615, -0.00899801, 0.062522
-0.6596576, -0.41743216, 0.62495804
0.93691802, 0.64325899
-0.010615, 0.02875399, 0.06606501
-0.68803978, 0.2042909, 0.69627976
0.77125502, 0.642712
0.011423, -0.005579, -0.016427
0.57734919, -0.57734919, -0.57734919
0.53951198, 0.13084501
-0.010615, -0.005579, -0.016427
-0.57734919, -0.57734919, -0.57734919
0.53900999, 0.21734601
0.010376, 0.14847501, -0.01597298
0.57716608, 0.57652515, -0.57829523
0.94824499, 0.00377899
0.010376, 0.115331, -0.01587198
0.67909789, 0.06918546, -0.73073518
0.94824499, 0.070265
-0.009567, 0.14847501, -0.01597298
-0.57716608, 0.57652515, -0.57829523
0.98825002, 0.00377899
-0.009567, 0.115331, -0.01587198
-0.67906737, 0.0692465, -0.7307657
0.98825002, 0.070265
0.011423, 0.110328, -0.01587198
0.7249977, 0.07504501, -0.68462175
0.94614297, 0.08030099
-0.010615, 0.110328, -0.01587198
-0.7249977, 0.07510605, -0.68462175
0.99035197, 0.08030099
0.011423, 0.073102, -0.01587199
0.70708334, 0.0, -0.70708334
0.94614297, 0.15497601
-0.010615, 0.073102, -0.01587199
-0.70708334, 0.0, -0.70708334
0.99035197, 0.15497601
0.011423, 0.05394, -0.01587299
0.70827359, 0.00372326, -0.7058931
0.94614297, 0.193416
-0.010615, 0.05394, -0.01587299
-0.70827359, 0.00372326, -0.7058931
0.99035197, 0.193416
0.011423, 0.001383, -0.016427
0.7058931, 0.00372326, -0.70827359
0.94614297, 0.29884499
-0.010615, 0.001383, -0.016427
-0.7058931, 0.00372326, -0.70827359
0.99035197, 0.29884601
0.011423, -0.005579, -0.016427
0.57734919, -0.57734919, -0.57734919
0.94614297, 0.31281197
-0.010615, -0.005579, -0.016427
-0.57734919, -0.57734919, -0.57734919
0.99035197, 0.31281197
0.005544, 0.14847501, -0.00332098
0.17838068, 0.65819269, 0.73137605
0.12902801, 0.20758301
0.010376, 0.14847501, -0.00584998
0.67986083, 0.6081118, 0.40980256
0.165473, 0.18851101
-0.004735, 0.14847501, -0.00332098
-0.17838068, 0.65819269, 0.73137605
0.051495, 0.20758301
-0.009567, 0.14847501, -0.00584998
-0.67986083, 0.6081118, 0.40980256
0.015049, 0.18851101
0.010376, 0.14847501, -0.01597298
0.57716608, 0.57652515, -0.57829523
0.165473, 0.11215001
-0.009567, 0.14847501, -0.01597298
-0.57716608, 0.57652515, -0.57829523
0.015049, 0.11215001
0.002435, 0.098317, 0.00246302
0.72280037, 0.54918057, 0.41938534
0.479877, 0.49364299
0.002435, 0.0934, 0.00246302
0.72792751, -0.54841763, 0.41148105
0.497069, 0.49364299
0.005286, 0.104709, -0.00367898
0.43574327, 0.51493883, 0.73818171
0.45752901, 0.47216898
0.005286, 0.087009, -0.00367899
0.43577379, -0.51496935, 0.73815119
0.51941699, 0.47216898
-0.004212, 0.104709, -0.00367898
-0.43574327, 0.51496935, 0.73815119
0.45752901, 0.47216898
-0.004212, 0.087009, -0.00367899
-0.43580431, -0.51499987, 0.73812068
0.51941699, 0.47216898
-0.001362, 0.098317, 0.00246302
-0.72283089, 0.54921108, 0.41932431
0.47987801, 0.49364299
-0.001362, 0.0934, 0.00246302
-0.72795802, -0.54841763, 0.4113895
0.497069, 0.49364299
-0.001362, 0.0934, 0.00246302
-0.72795802, -0.54841763, 0.4113895
0.438171, 0.581384
-0.004212, 0.087009, -0.00367899
-0.43580431, -0.51499987, 0.73812068
0.409307, 0.568809
0.002435, 0.0934, 0.00246302
0.72792751, -0.54841763, 0.41148105
0.438171, 0.59814
0.005286, 0.087009, -0.00367899
0.43577379, -0.51496935, 0.73815119
0.409307, 0.61072099
-0.004212, 0.104709, -0.00367898
-0.43574327, 0.51496935, 0.73815119
0.67822498, 0.65240401
-0.001362, 0.098317, 0.00246302
-0.72283089, 0.54921108, 0.41932431
0.64441198, 0.63637999
0.005286, 0.104709, -0.00367898
0.43574327, 0.51493883, 0.73818171
0.67822498, 0.61161301
0.002435, 0.098317, 0.00246302
0.72280037, 0.54918057, 0.41938534
0.64441198, 0.622235
-0.001368, 0.091515, 0.01815302
-0.88894314, -0.30558184, -0.34113589
0.50366098, 0.548502
-0.001368, 0.100203, 0.02266202
-0.57304603, 0.60802025, 0.54942471
0.47328499, 0.56426901
-0.001368, 0.091515, 0.01815302
-0.88894314, -0.30558184, -0.34113589
0.50399798, 0.581357
0.00244, 0.091515, 0.01815302
0.88894314, -0.30558184, -0.34113589
0.50399798, 0.598162
0.00244, 0.091515, 0.01815302
0.88894314, -0.30558184, -0.34113589
0.50366098, 0.548502
0.00244, 0.100203, 0.02266202
0.57304603, 0.60802025, 0.54945523
0.47328499, 0.56426901
0.00244, 0.100203, 0.02266202
0.57304603, 0.60802025, 0.54945523
0.58733702, 0.62221599
-0.001368, 0.100203, 0.02266202
-0.57304603, 0.60802025, 0.54942471
0.58733702, 0.63640299
-0.001368, 0.06390399, 0.02295001
-0.66304511, -0.15027314, 0.73332924
0.60020202, 0.56527501
-0.001368, 0.063904, 0.01844001
-0.76525164, 0.14780115, -0.62651449
0.60020202, 0.54950801
-0.001368, 0.063904, 0.01844001
-0.76525164, 0.14780115, -0.62651449
0.62495399, 0.581357
0.00244, 0.063904, 0.01844001
0.76525164, 0.14780115, -0.62651449
0.62495399, 0.598162
0.00244, 0.06390399, 0.02295001
0.66304511, -0.15027314, 0.73332924
0.60020202, 0.56527501
0.00244, 0.063904, 0.01844001
0.76525164, 0.14780115, -0.62651449
0.60020202, 0.54950801
0.00244, 0.06390399, 0.02295001
0.66304511, -0.15027314, 0.73332924
0.481392, 0.62221599
-0.001368, 0.06390399, 0.02295001
-0.66304511, -0.15027314, 0.73332924
0.481392, 0.63640299
-0.001368, 0.056686, 0.01979401
-0.71163058, 0.16681418, 0.68245488
0.62543899, 0.55424201
-0.001368, 0.058455, 0.01564601
-0.69719535, 0.64568013, -0.31131932
0.61925399, 0.53973901
-0.001368, 0.058455, 0.01564601
-0.69719535, 0.64568013, -0.31131932
0.64987499, 0.581357
0.00244, 0.058455, 0.01564601
0.69719535, 0.64568013, -0.31131932
0.64987499, 0.598162
0.00244, 0.056686, 0.01979401
0.71163058, 0.16681418, 0.68245488
0.62543899, 0.55424201
0.00244, 0.058455, 0.01564601
0.69719535, 0.64568013, -0.31131932
0.61925399, 0.53973901
0.00244, 0.056686, 0.01979401
0.71163058, 0.16681418, 0.68245488
0.454505, 0.62221599
-0.001368, 0.056686, 0.01979401
-0.71163058, 0.16681418, 0.68245488
0.454505, 0.63640299
-0.004227, 0.055382, 0.00680301
-0.44407484, 0.88058108, -0.16531877
0.62999898, 0.50881901
-0.004227, 0.047452, 0.02338801
-0.43168432, 0.44010743, 0.78734702
0.65772802, 0.566807
-0.004227, 0.055382, 0.00680301
-0.44407484, 0.88058108, -0.16531877
0.69065303, 0.56874201
0.005299, 0.055382, 0.00680301
0.44407484, 0.88058108, -0.16531877
0.69065303, 0.61077699
0.005299, 0.055382, 0.00680301
0.44407484, 0.88058108, -0.16531877
0.62999898, 0.50881901
0.005299, 0.047452, 0.02338801
0.43168432, 0.44010743, 0.78734702
0.65772802, 0.566807
0.005299, 0.047452, 0.02338801
0.43168432, 0.44010743, 0.78734702
0.42010501, 0.61156601
-0.004227, 0.047452, 0.02338801
-0.43168432, 0.44010743, 0.78734702
0.42010501, 0.65246099
-0.005078, 0.147199, -0.02970398
-0.8659932, 0.0, -0.50004578
0.01797, 0.54414201
-0.005078, 0.147199, -0.02352598
-0.86602372, 0.0, 0.49998474
0.078876, 0.54414201
-0.005078, 0.15038601, -0.02970398
-0.68620867, 0.60997343, -0.39622182
0.017969, 0.49701297
-0.005078, 0.15038601, -0.02352598
-0.68623918, 0.60997343, 0.3961913
0.078877, 0.49701297
0.000272, 0.147199, -0.02043698
0.0, 0.0, 1.0
0.139782, 0.54414999
0.000272, 0.15038601, -0.02043698
0.0, 0.60997343, 0.7923826
0.13978501, 0.49702001
0.005622, 0.147199, -0.02352598
0.86602372, 0.0, 0.49998474
0.200689, 0.54415801
0.005622, 0.15038601, -0.02352598
0.68623918, 0.60997343, 0.3961913
0.200691, 0.49702799
0.005622, 0.147199, -0.02970398
0.8659932, 0.0, -0.50004578
0.26159799, 0.54415801
0.005622, 0.15038601, -0.02970398
0.68620867, 0.60997343, -0.39622182
0.26159599, 0.49702799
0.000272, 0.147199, -0.03279198
0.0, 0.0, -1.0
0.322505, 0.54414999
0.000272, 0.15038601, -0.03279197
0.0, 0.61000395, -0.7923826
0.32250199, 0.49702001
-0.005078, 0.147199, -0.02970398
-0.8659932, 0.0, -0.50004578
0.38341099, 0.54414201
-0.005078, 0.15038601, -0.02970398
-0.68620867, 0.60997343, -0.39622182
0.38341001, 0.49701297
-0.005078, 0.15038601, -0.02970398
-0.68620867, 0.60997343, -0.39622182
0.009351, 0.591979
-0.005078, 0.15038601, -0.02352598
-0.68623918, 0.60997343, 0.3961913
0.009351, 0.65428901
0.000272, 0.15038601, -0.02661498
0.0, 1.0, 0.0
0.063312, 0.62313399
0.000272, 0.15038601, -0.02043698
0.0, 0.60997343, 0.7923826
0.063312, 0.685444
0.005622, 0.15038601, -0.02352598
0.68623918, 0.60997343, 0.3961913
0.117274, 0.65428901
0.005622, 0.15038601, -0.02970398
0.68620867, 0.60997343, -0.39622182
0.117274, 0.591979
0.000272, 0.15038601, -0.03279197
0.0, 0.61000395, -0.7923826
0.063312, 0.56082401
0.001988, 0.14607, -0.03580198
0.46137881, 0.64677876, -0.60725731
0.030751, 0.33200401
0.001988, 0.13931499, -0.03580198
0.64564961, -0.74123359, -0.18347728
0.027147, 0.43630898
0.001988, 0.142998, -0.03907398
0.62767416, 0.30918303, -0.7144078
0.081245, 0.38002402
0.001988, 0.14012501, -0.03907398
0.59117407, -0.49705496, -0.63512069
0.081243, 0.42708302
-0.001511, 0.142998, -0.03907398
-0.62767416, 0.30918303, -0.7144078
0.13729, 0.38014603
-0.001511, 0.14012501, -0.03907398
-0.59117407, -0.49705496, -0.63512069
0.13728499, 0.42711902
-0.001511, 0.13931499, -0.03580198
-0.64564961, -0.74123359, -0.18347728
0.19139101, 0.43647301
-0.001511, 0.14607, -0.03580198
-0.46137881, 0.64677876, -0.60725731
0.187962, 0.33200502
-0.001511, 0.13931499, -0.03580198
-0.64564961, -0.74123359, -0.18347728
0.137299, 0.48052901
0.001988, 0.13931499, -0.03580198
0.64564961, -0.74123359, -0.18347728
0.081246, 0.48038799
-0.001511, 0.14607, -0.03580198
-0.46137881, 0.64677876, -0.60725731
0.137293, 0.318102
0.001988, 0.14607, -0.03580198
0.46137881, 0.64677876, -0.60725731
0.081247, 0.31796497
-0.00791, 0.00971801, -0.035997
-0.58122504, 0.54316843, -0.60591447
0.19890299, 0.355492
-0.005191, 0.00783801, -0.040256
-0.38227484, 0.44483781, -0.80990022
0.225049, 0.34510702
-0.00791, 0.00318701, -0.035997
-0.57786798, -0.54429764, -0.60808128
0.197368, 0.32137901
-0.005191, 0.00506001, -0.040256
-0.38004699, -0.44981232, -0.80819118
0.224889, 0.32978702
-0.001813, 0.00506001, -0.040256
0.44032106, -0.44322032, -0.78078556
0.24253599, 0.32951099
-0.001813, 0.00783801, -0.040256
0.44123662, 0.43333232, -0.78582108
0.24282201, 0.344791
-0.000434, 0.00370501, -0.03718
0.19400616, -0.70830411, -0.6787011
0.26090899, 0.32282001
-0.000434, 0.00928301, -0.03718
0.18832973, 0.72075564, -0.66710413
0.260488, 0.352211
-0.001813, 0.00783801, -0.040256
0.44123662, 0.43333232, -0.78582108
0.235155, 0.414038
-0.005191, 0.00783801, -0.040256
-0.38227484, 0.44483781, -0.80990022
0.214064, 0.414038
-0.000434, 0.00928301, -0.03718
0.18832973, 0.72075564, -0.66710413
0.243763, 0.43324202
-0.00791, 0.00971801, -0.035997
-0.58122504, 0.54316843, -0.60591447
0.197083, 0.44063002
-0.001813, 0.00506001, -0.040256
0.44032106, -0.44322032, -0.78078556
0.39103299, 0.360753
-0.000434, 0.00370501, -0.03718
0.19400616, -0.70830411, -0.6787011
0.41134501, 0.40607101
-0.005191, 0.00506001, -0.040256
-0.38004699, -0.44981232, -0.80819118
0.34125999, 0.360753
-0.00791, 0.00318701, -0.035997
-0.57786798, -0.54429764, -0.60808128
0.30118799, 0.42350698
0.008636, 0.00310301, -0.035803
0.58369702, -0.53630179, -0.60960722
0.331882, 0.32078701
0.005819, 0.00504701, -0.040208
0.37986389, -0.44911039, -0.80867946
0.304546, 0.33061898
0.008636, 0.00985801, -0.035802
0.58577228, 0.53715628, -0.60686058
0.33218801, 0.35616797
0.005819, 0.00792001, -0.040208
0.38050479, 0.4483169, -0.80880153
0.30399299, 0.34642798
0.002346, 0.00792001, -0.040208
-0.43821529, 0.44016847, -0.78368479
0.28573999, 0.34575403
0.002346, 0.00504701, -0.040208
-0.43800163, -0.44251838, -0.7824946
0.28638899, 0.32994097
0.000967, 0.00370501, -0.03718
-0.19324321, -0.70748007, -0.67976928
0.26846001, 0.32291597
0.000967, 0.00928301, -0.03718
-0.19251075, 0.71318704, -0.67397076
0.268067, 0.35230899
0.002346, 0.00504701, -0.040208
-0.43800163, -0.44251838, -0.7824946
0.45230201, 0.361467
0.005819, 0.00504701, -0.040208
0.37986389, -0.44911039, -0.80867946
0.50347698, 0.361467
0.000967, 0.00370501, -0.03718
-0.19324321, -0.70748007, -0.67976928
0.43199, 0.406084
0.008636, 0.00310301, -0.035803
0.58369702, -0.53630179, -0.60960722
0.54497898, 0.42637402
0.002346, 0.00792001, -0.040208
-0.43821529, 0.44016847, -0.78368479
0.26111799, 0.41434097
0.000967, 0.00928301, -0.03718
-0.19251075, 0.71318704, -0.67397076
0.25251099, 0.43324703
0.005819, 0.00792001, -0.040208
0.38050479, 0.4483169, -0.80880153
0.28280401, 0.41434097
0.008636, 0.00985801, -0.035802
0.58577228, 0.53715628, -0.60686058
0.30039001, 0.441845
# Number of Faces:
246
# Face Data:
0, 1, 2
2, 1, 3
2, 3, 4
4, 3, 5
4, 5, 6
6, 5, 7
8, 5, 9
9, 5, 3
4, 10, 2
10, 11, 2
12, 13, 14
14, 13, 15
15, 13, 16
15, 17, 18
15, 16, 17
19, 15, 20
20, 15, 18
19, 20, 21
21, 20, 22
14, 15, 23
23, 15, 24
12, 25, 13
13, 25, 26
16, 13, 27
27, 13, 26
18, 17, 28
28, 17, 29
17, 16, 29
29, 16, 27
18, 28, 20
20, 28, 30
15, 31, 32
32, 31, 33
15, 32, 24
24, 32, 34
32, 33, 35
35, 33, 36
32, 35, 34
34, 35, 37
35, 36, 38
38, 36, 39
35, 38, 37
37, 38, 40
38, 39, 41
41, 39, 42
38, 41, 40
40, 41, 43
22, 20, 44
44, 20, 30
45, 46, 47
47, 46, 48
49, 45, 50
50, 45, 47
51, 52, 53
53, 52, 54
52, 49, 54
54, 49, 50
55, 51, 56
56, 51, 53
57, 58, 59
59, 58, 60
60, 58, 61
62, 58, 63
63, 58, 57
58, 62, 61
61, 62, 64
65, 66, 67
67, 68, 65
67, 69, 70
67, 70, 68
67, 71, 69
72, 73, 71
73, 69, 71
72, 74, 73
73, 74, 75
76, 77, 78
67, 66, 77
78, 77, 66
79, 80, 81
81, 80, 82
83, 84, 81
81, 84, 79
85, 86, 87
87, 86, 88
87, 88, 83
83, 88, 84
89, 86, 73
73, 86, 85
67, 90, 71
71, 90, 91
67, 77, 90
90, 77, 92
90, 93, 91
91, 93, 94
95, 93, 92
92, 93, 90
93, 96, 94
94, 96, 97
98, 96, 95
95, 96, 93
96, 99, 97
97, 99, 100
101, 99, 98
98, 99, 96
75, 102, 73
73, 102, 89
103, 104, 105
105, 104, 106
107, 108, 109
109, 108, 110
111, 112, 107
107, 112, 108
113, 114, 111
111, 114, 112
115, 116, 113
113, 116, 114
117, 118, 115
115, 118, 116
119, 60, 61
119, 61, 120
120, 61, 64
121, 105, 122
122, 105, 106
55, 56, 103
103, 56, 104
123, 124, 125
125, 124, 126
124, 127, 126
126, 127, 128
127, 129, 128
128, 129, 130
129, 131, 130
130, 131, 132
131, 133, 132
132, 133, 134
133, 135, 134
134, 135, 136
137, 138, 139
139, 138, 140
138, 141, 140
140, 141, 142
143, 144, 145
145, 144, 146
147, 148, 149
149, 148, 150
151, 152, 153
153, 152, 154
155, 156, 157
157, 156, 158
150, 159, 149
149, 159, 160
151, 153, 161
161, 153, 162
144, 143, 163
163, 143, 164
158, 156, 165
165, 156, 166
160, 159, 167
167, 159, 168
161, 162, 169
169, 162, 170
164, 171, 163
163, 171, 172
165, 166, 173
173, 166, 174
167, 168, 175
175, 168, 176
169, 170, 177
177, 170, 178
171, 179, 172
172, 179, 180
173, 174, 181
181, 174, 182
176, 183, 175
175, 183, 184
177, 178, 185
185, 178, 186
180, 179, 187
187, 179, 188
181, 182, 189
189, 182, 190
191, 192, 193
193, 192, 194
192, 195, 194
194, 195, 196
195, 197, 196
196, 197, 198
197, 199, 198
198, 199, 200
199, 201, 200
200, 201, 202
201, 203, 202
202, 203, 204
205, 206, 207
206, 208, 207
208, 209, 207
209, 210, 207
210, 211, 207
211, 205, 207
212, 213, 214
214, 213, 215
214, 215, 216
216, 215, 217
217, 218, 216
216, 218, 219
220, 217, 221
221, 217, 215
216, 222, 214
214, 222, 223
224, 225, 226
226, 225, 227
227, 225, 228
228, 225, 229
228, 229, 230
230, 229, 231
232, 233, 234
234, 233, 235
236, 237, 238
238, 237, 239
240, 241, 242
242, 241, 243
243, 241, 244
244, 241, 245
245, 246, 244
244, 246, 247
248, 249, 250
250, 249, 251
252, 253, 254
254, 253, 255
230, 231, 246
246, 231, 247
251, 239, 250
250, 239, 237
235, 255, 234
234, 255, 253
15, 19, 31
73, 85, 69
70, 69, 87
69, 85, 87
68, 70, 83
70, 87, 83
65, 68, 81
68, 83, 81
66, 65, 78
82, 78, 81
78, 65, 81
