# Project Zomboid Skinned Mesh
# File Version:
1.0
# Model Name:
Cylinder
# Vertex Stride Element Count:
3
# Vertex Stride Size (in bytes):
76
# Vertex Stride Data:
# (Int)    Offset
# (String) Type
0
VertexArray
12
NormalArray
24
TextureCoordArray
# Vertex Count:
416
# Vertex Buffer:
-0.00659945, 0.18819648, 0.01059863
-0.58189642, -0.52024901, -0.62504959
0.18103862, 0.42541707
0.01040532, 0.18806829, 0.01058173
0.57274085, -0.52894682, -0.62620932
0.18103862, 0.32040805
0.01040824, 0.1872927, 0.01941284
0.57313758, -0.6299631, 0.52403331
0.15914166, 0.32040805
0.01040532, 0.18806829, 0.01058173
0.57274085, -0.52894682, -0.62620932
0.01091393, 0.42550761
0.01072985, 0.23062728, 0.01431935
0.5814997, 0.62126529, -0.52519304
0.11644366, 0.42541748
0.01073278, 0.22985168, 0.02315044
0.58189642, 0.52024901, 0.62504959
0.11643623, 0.37067467
-0.00627493, 0.23075548, 0.01433624
-0.57313758, 0.6299631, -0.52403331
0.15844736, 0.42538124
-0.006272, 0.22997992, 0.02316734
-0.57274085, 0.52894682, 0.62620932
0.15843979, 0.37063873
-0.00627493, 0.23075548, 0.01433624
-0.57313758, 0.6299631, -0.52403331
0.18103862, 0.6892415
-0.00659652, 0.18742087, 0.01942974
-0.5814997, -0.62126529, 0.52519304
0.15914166, 0.42541707
-0.00659652, 0.18742087, 0.01942974
-0.5814997, -0.62126529, 0.52519304
0.15840334, 0.10681355
0.01040824, 0.1872927, 0.01941284
0.57313758, -0.6299631, 0.52403331
0.11639988, 0.10685003
0.01040532, 0.18806829, 0.01058173
0.57274085, -0.52894682, -0.62620932
0.11647975, 0.68924174
-0.00659945, 0.18819648, 0.01059863
-0.58189642, -0.52024901, -0.62504959
0.15848356, 0.68920577
0.00417034, 0.16985303, 0.02505192
-0.0069277, -0.95849484, 0.28492081
0.63338768, 0.74263448
0.00896616, 0.16981687, 0.02504716
0.79573959, -0.58119452, 0.1701712
0.62967128, 0.74821216
0.00896904, 0.16905411, 0.03373235
0.73509932, -0.66423535, 0.13556322
0.63285333, 0.76034883
0.00903494, 0.17883526, 0.02583917
0.99996948, -0.00753807, -0.00097659
0.62594849, 0.76308566
0.00903736, 0.17819038, 0.03318178
0.95715201, 0.09707938, 0.27277443
0.63004863, 0.76905194
-0.00535379, 0.17928147, 0.0220075
-0.99996948, 0.00750755, 0.00097659
0.61989838, 0.62690228
-0.00526696, 0.19066763, 0.02300745
-0.99996948, 0.00753807, 0.00097659
0.58417648, 0.6269024
-0.0052687, 0.19112816, 0.01776295
-0.99996948, 0.00753807, 0.00097659
0.58902699, 0.66124418
-0.00542128, 0.16992533, 0.02506145
-0.80407119, -0.56913966, 0.17175817
0.64468718, 0.73456347
-0.0054184, 0.16916254, 0.03374664
-0.74474317, -0.65309608, 0.13705863
0.63992262, 0.75821006
-0.00535007, 0.17829885, 0.03319608
-0.95504624, 0.11148412, 0.27466658
0.64406967, 0.77261323
0.00424468, 0.17739882, 0.04261113
0.48203987, 0.25516525, 0.83812982
0.63492954, 0.77191874
-0.00545004, 0.1666583, 0.02089891
-0.63649404, -0.74117249, 0.21338542
0.64173627, 0.70134953
-0.00065423, 0.16662216, 0.02089415
-0.00695822, -0.96160769, 0.27426985
0.63417995, 0.72303602
-0.00535552, 0.17974207, 0.016763
-0.99996948, 0.00750755, 0.00097659
0.61360747, 0.66235131
-0.0054509, 0.1672352, 0.01566462
-0.68730736, -0.70766318, -0.16357921
0.62872624, 0.70245978
-0.00535251, 0.17894371, 0.02585347
-0.99996948, 0.00750755, 0.00097659
0.65384769, 0.76645651
-0.00535379, 0.17928147, 0.0220075
-0.99996948, 0.00750755, 0.00097659
0.66223896, 0.76038891
0.0089374, 0.16654985, 0.02088461
0.62565994, -0.75066376, 0.21213415
0.62807047, 0.73993105
0.00903366, 0.17917302, 0.0219932
0.99996948, -0.00750755, -0.00097659
0.6235463, 0.75950992
-0.00056493, 0.1810877, 0.00102473
-0.22986542, 0.08685568, -0.96932888
0.61058801, 0.72161737
-0.00535995, 0.18091427, 0.0034159
-0.85067296, 0.05240028, -0.52302623
0.60971254, 0.71006328
-0.00527313, 0.19230042, 0.00441586
-0.85067296, 0.05240028, -0.52302623
0.59843051, 0.7193622
0.00903192, 0.1796336, 0.0167487
0.99996948, -0.00750755, -0.00097659
0.62029499, 0.75401521
0.00893655, 0.16712673, 0.01565032
0.67622912, -0.71794796, -0.16495255
0.62518609, 0.73539186
0.00895872, 0.17178738, 0.0026096
0.70470291, -0.47358623, -0.52827537
0.6179536, 0.73168647
-0.00065508, 0.16719905, 0.01565986
-0.01333659, -0.97683644, -0.21347697
0.62828082, 0.71637535
0.00423088, 0.18105154, 0.00101997
0.22922452, 0.08340709, -0.9697867
0.61175066, 0.73009342
0.00902749, 0.18080582, 0.0034016
0.85033721, 0.03958251, -0.52470475
0.61355996, 0.73829311
-0.00542872, 0.17189583, 0.00262389
-0.71279031, -0.46290475, -0.52684104
0.61658198, 0.71143934
0.00911874, 0.19101979, 0.01774866
0.99996948, -0.00753807, -0.00097659
0.61473787, 0.7718899
0.00912048, 0.19055916, 0.02299315
0.99996948, -0.00753807, -0.00097659
0.61835766, 0.77921289
0.00921962, 0.20424782, 0.01891036
0.99996948, -0.00753807, -0.00097659
0.60678321, 0.79336181
0.00922136, 0.20378721, 0.02415487
0.99996948, -0.00753807, -0.00097659
0.6101501, 0.80252349
-0.0004781, 0.19247386, 0.00202469
-0.22986542, 0.08685568, -0.96932888
0.60116541, 0.73174113
-0.00517225, 0.20552841, 0.00557756
-0.85067296, 0.05240028, -0.52302623
0.58609378, 0.74379751
0.00912176, 0.19022135, 0.02683912
0.97488326, 0.0290231, 0.22070986
0.62123674, 0.78448176
0.00432861, 0.18955141, 0.03488437
0.53886533, 0.20712912, 0.8164922
0.63051683, 0.79794526
0.00911431, 0.19219197, 0.00440157
0.85033721, 0.03958251, -0.52470475
0.60649395, 0.75083533
0.00941369, 0.22969939, 0.02114556
0.99996948, -0.00750755, -0.00097659
0.58962899, 0.82624358
0.00941544, 0.22923879, 0.02639007
0.99996948, -0.00750755, -0.00097659
0.59174407, 0.83494776
0.00941671, 0.22890101, 0.03023604
0.98367262, -0.10425123, 0.14654988
0.59347945, 0.84185863
0.00945356, 0.23423868, 0.02682916
0.71245462, 0.69902647, 0.06112858
0.58801115, 0.84010857
-0.00037723, 0.20570189, 0.00318639
-0.22986542, 0.08685568, -0.96932888
0.5906924, 0.75346628
-0.00497817, 0.23097996, 0.00781276
-0.85067296, 0.05240028, -0.52302623
0.57571667, 0.79900074
-0.00516608, 0.20389572, 0.02416917
-0.99996948, 0.00753807, 0.00097659
0.55456913, 0.68947589
-0.00516782, 0.20435627, 0.01892466
-0.99996948, 0.00753807, 0.00097659
0.56635207, 0.70684278
0.00922263, 0.20344944, 0.02800083
0.96432388, -0.03042695, 0.26288643
0.61266273, 0.80943206
-0.00526568, 0.19032986, 0.02685342
-0.9739067, 0.04370251, 0.22263253
0.6510005, 0.82193741
-0.00516481, 0.20355795, 0.02801513
-0.96414077, -0.01590014, 0.2648091
0.63373971, 0.87341434
-0.00516608, 0.20389572, 0.02416917
-0.99996948, 0.00753807, 0.00097659
0.638623, 0.89126269
0.00921519, 0.20542002, 0.00556327
0.85033721, 0.03958251, -0.52470475
0.59775788, 0.77016303
0.00945182, 0.23469929, 0.02158466
0.71245462, 0.69902647, 0.06112858
0.58615196, 0.83046031
-0.00497073, 0.22900948, 0.03025033
-0.98483229, -0.08941923, 0.14850307
0.59164971, 0.90073279
-0.004972, 0.22934724, 0.02640436
-0.99996948, 0.00750755, 0.00097659
0.58510792, 0.92682896
-0.00018315, 0.23115341, 0.00542159
-0.22986542, 0.08685568, -0.96932888
0.58025503, 0.80044511
-0.00494004, 0.2359799, 0.00825187
-0.67226171, 0.64506972, -0.36317027
0.57691586, 0.80903569
-0.004972, 0.22934724, 0.02640436
-0.99996948, 0.00750755, 0.00097659
0.54857343, 0.86066419
-0.00497374, 0.22980785, 0.02115985
-0.99996948, 0.00750755, 0.00097659
0.56156725, 0.82769433
0.00442948, 0.20277949, 0.03604608
0.49482712, -0.07974487, 0.8652913
0.62007016, 0.82948282
0.00940927, 0.23087151, 0.00779847
0.85033721, 0.03958251, -0.52470475
0.58596838, 0.80786711
0.00945484, 0.23390093, 0.03067513
0.71245462, 0.69902647, 0.06112858
0.58951545, 0.84669113
0.0094575, 0.23319477, 0.03871562
0.80007327, 0.56306648, 0.20685446
0.59124845, 0.85607877
-0.00013679, 0.23397319, 0.03068466
0.00756859, 0.99612415, 0.08746605
0.58415198, 0.86095074
-0.0049326, 0.23400939, 0.03068943
-0.70168155, 0.70970792, 0.06253242
0.5835911, 0.87803287
-0.00492994, 0.23330322, 0.03872991
-0.79107028, 0.57506025, 0.20844142
0.59065223, 0.86518037
0.00465775, 0.23427485, 0.02683393
0.00756859, 0.99612415, 0.08746605
0.58440197, 0.84562409
0.00465601, 0.23473544, 0.02158943
0.00756859, 0.99612415, 0.08746605
0.58210921, 0.8344765
0.00944739, 0.23587143, 0.00823757
0.68120366, 0.63484603, -0.36451307
0.58418471, 0.81201252
-0.00493388, 0.23434713, 0.02684346
-0.70171207, 0.7096774, 0.06253242
0.56936491, 0.88419823
-0.00493561, 0.23480773, 0.02159896
-0.70171207, 0.7096774, 0.06253242
0.56983638, 0.83990946
-0.00271197, 0.2294932, 0.04400357
-0.7554552, -0.58638263, 0.2921842
0.5920037, 0.8625437
0.00719284, 0.22941853, 0.04399373
0.74712366, -0.59773552, 0.29068881
0.59210068, 0.85890517
0.00721803, 0.23272289, 0.04428393
0.65642262, 0.65941346, 0.36640522
0.59158015, 0.85901874
0.00466508, 0.23233403, 0.04893307
0.40937528, 0.54322946, 0.73299354
0.59173173, 0.86024302
-0.00013412, 0.23326708, 0.03872515
0.00756859, 0.99612415, 0.08746605
0.58999521, 0.86168718
-0.00268677, 0.23279755, 0.04429376
-0.64568013, 0.6692099, 0.36768699
0.59142137, 0.86210647
0.00462356, 0.22823103, 0.03828128
0.37452316, -0.78447831, 0.49421674
0.59517568, 0.85703409
-0.00017225, 0.22826718, 0.03828605
-0.38532671, -0.77877134, 0.49497971
0.59561861, 0.86663213
-0.00015593, 0.22906585, 0.04864763
-0.41798151, -0.61220127, 0.67116308
0.59190774, 0.86090907
0.00463988, 0.22902972, 0.04864287
0.4100467, -0.6184271, 0.67033905
0.59189504, 0.86027676
0.00466169, 0.23323093, 0.03872038
0.00756859, 0.99612415, 0.08746605
0.59032112, 0.85850042
-0.00013074, 0.23237021, 0.04893783
-0.39967039, 0.54933316, 0.73378706
0.59173173, 0.86080715
-0.0001398, 0.23477162, 0.02159419
0.00756859, 0.99612415, 0.08746605
0.57736266, 0.83820647
-0.00014502, 0.23615332, 0.0058607
-0.16788232, 0.72170174, -0.67149878
0.57971716, 0.80821353
0.00465079, 0.23611717, 0.00585593
0.17743461, 0.71910763, -0.67183447
0.58210152, 0.80940479
-0.00013806, 0.234311, 0.0268387
0.00756859, 0.99612415, 0.08746605
0.57995111, 0.85450402
0.00465902, 0.23393708, 0.03067989
0.00756859, 0.99612415, 0.08746605
0.58661979, 0.8519668
-0.00036633, 0.20281565, 0.03605084
-0.49424726, -0.07229835, 0.86629844
0.62364429, 0.84081075
0.00461266, 0.23111726, 0.00541683
0.22922452, 0.08340709, -0.9697867
0.58328235, 0.80324495
-0.0004672, 0.18958756, 0.03488913
-0.53404337, 0.21521653, 0.81756037
0.63569093, 0.80515131
0.00441858, 0.20566575, 0.00318162
0.22922452, 0.08340709, -0.9697867
0.59423149, 0.76157412
-0.00055114, 0.17743498, 0.04261589
-0.47648549, 0.26239815, 0.83907592
0.63711095, 0.77256045
0.00431771, 0.19243775, 0.00201992
0.22922452, 0.08340709, -0.9697867
0.60369235, 0.74134377
0.00414073, 0.16716288, 0.01565509
-0.00180059, -0.976928, -0.21347697
0.62668777, 0.72699538
0.00416211, 0.1720331, 0.00022797
0.17825861, -0.51292461, -0.83968627
0.61686873, 0.72573268
-0.0006337, 0.17206927, 0.00023274
-0.18765831, -0.51014739, -0.83932006
0.61637157, 0.71943602
0.00414158, 0.166586, 0.02088938
-0.00695822, -0.96160769, 0.27426985
0.63053691, 0.73296604
-0.00062547, 0.16988917, 0.02505669
-0.0069277, -0.95849484, 0.28492081
0.63745296, 0.73749804
-0.00061946, 0.16829868, 0.04316644
-0.42115542, -0.6151616, 0.6664632
0.63677841, 0.7648294
0.00417635, 0.16826254, 0.04316168
0.41315958, -0.6214484, 0.6656087
0.63553292, 0.76521173
-0.00526696, 0.19066763, 0.02300745
-0.99996948, 0.00753807, 0.00097659
0.65928173, 0.83047864
0.00896188, 0.15604688, -0.00154294
0.88192391, -0.38758507, 0.26822719
0.30553401, 0.47455472
0.00896724, 0.1546272, 0.01462203
0.57313758, -0.6299631, 0.52403331
0.31580946, 0.5277476
-0.00567207, 0.15473755, 0.01463658
-0.5814997, -0.62126529, 0.52519304
0.32710668, 0.52429217
0.00896188, 0.15604688, -0.00154294
0.88192391, -0.38758507, 0.26822719
0.3050181, 0.47477978
0.00908104, 0.17167312, -0.00017062
0.71245462, 0.69902647, 0.06112858
0.28888416, 0.53393558
0.0090864, 0.17025344, 0.01599436
0.58189642, 0.52024901, 0.62504959
0.31076688, 0.5709452
-0.00555828, 0.17178346, -0.00015607
-0.70171207, 0.7096774, 0.06253242
0.33464643, 0.63361049
-0.00555292, 0.17036378, 0.0160089
-0.57274085, 0.52894682, 0.62620932
0.33394867, 0.56937158
-0.00567744, 0.15615724, -0.00152839
-0.88714254, -0.37424847, 0.26999724
0.33734271, 0.4774648
-0.00567207, 0.15473755, 0.01463658
-0.5814997, -0.62126529, 0.52519304
0.32729942, 0.52482194
0.00896724, 0.1546272, 0.01462203
0.57313758, -0.6299631, 0.52403331
0.31558275, 0.5285432
0.00908104, 0.17167312, -0.00017062
0.71245462, 0.69902647, 0.06112858
0.31146449, 0.63518414
0.00907447, 0.17341241, -0.01997534
0.5814997, 0.62126529, -0.52519304
0.31231925, 0.71388721
-0.00556485, 0.17352282, -0.01996079
-0.57313758, 0.6299631, -0.52403331
0.33550122, 0.71231353
0.00895531, 0.15778624, -0.02134766
0.707358, 0.05804621, -0.70445877
0.31299374, 0.77598673
-0.005684, 0.15789658, -0.02133311
-0.70778525, 0.06869716, -0.70302439
0.33617553, 0.77441326
0.00866794, 0.12012268, -0.02482447
0.70561844, 0.05597094, -0.70635092
0.31461978, 0.9257243
-0.00555828, 0.17178346, -0.00015607
-0.70171207, 0.7096774, 0.06253242
0.35061774, 0.53332365
-0.00556485, 0.17352282, -0.01996079
-0.57313758, 0.6299631, -0.52403331
0.37618652, 0.50247806
-0.005684, 0.15789658, -0.02133311
-0.70778525, 0.06869716, -0.70302439
0.3664512, 0.45204121
0.00895531, 0.15778624, -0.02134766
0.707358, 0.05804621, -0.70445877
0.27390292, 0.45383668
0.00907447, 0.17341241, -0.01997534
0.5814997, 0.62126529, -0.52519304
0.26507369, 0.50358278
0.0086609, 0.1174363, -0.01152989
0.88143557, 0.19141209, 0.43174535
0.30309924, 0.29591554
0.00853693, 0.10141244, -0.01471838
0.70372629, -0.61888486, -0.34888759
0.28029904, 0.23810631
0.00857268, 0.10762073, -0.02584322
0.59968871, -0.38004699, -0.70421463
0.27035463, 0.27651072
-0.00567744, 0.15615724, -0.00152839
-0.88714254, -0.37424847, 0.26999724
0.3368718, 0.47729295
-0.00597842, 0.11754666, -0.01151534
-0.87759024, 0.20468764, 0.43348491
0.33486584, 0.2997306
0.0086609, 0.1174363, -0.01152989
0.88143557, 0.19141209, 0.43174535
0.30342102, 0.29597569
-0.00597138, 0.12023303, -0.02480993
-0.70610678, 0.06662191, -0.70494705
0.36101517, 0.32058513
-0.00597842, 0.11754666, -0.01151534
-0.87759024, 0.20468764, 0.43348491
0.33521187, 0.29961443
0.00853693, 0.10141244, -0.01471838
0.70372629, -0.61888486, -0.34888759
0.30686447, 0.07555437
-0.00610238, 0.10152279, -0.01470382
-0.7136448, -0.60820335, -0.34748375
0.32893276, 0.07555437
-0.00606664, 0.10773108, -0.02582867
-0.60673851, -0.37095249, -0.70302439
0.32893276, 0.02754313
-0.00597138, 0.12023303, -0.02480993
-0.70610678, 0.06662191, -0.70494705
0.33780167, 0.92415097
0.00857268, 0.10762073, -0.02584322
0.59968871, -0.38004699, -0.70421463
0.31515908, 0.97538152
-0.00610238, 0.10152279, -0.01470382
-0.7136448, -0.60820335, -0.34748375
0.3571994, 0.23456842
-0.00612863, 0.09701037, -0.00688357
-0.66670734, -0.71105075, -0.22336496
0.35098091, 0.20268643
-0.00599506, 0.11453604, -0.00542365
-0.74666584, 0.6410718, 0.17734306
0.33046138, 0.25751305
-0.00606664, 0.10773108, -0.02582867
-0.60673851, -0.37095249, -0.70302439
0.36853573, 0.27426511
0.00851068, 0.09690001, -0.00689812
0.65544605, -0.72099978, -0.22467726
0.30686447, 0.1095798
0.00851646, 0.09558418, 0.00889342
0.57313758, -0.62761313, 0.52684104
0.30686432, 0.16929746
-0.00612286, 0.09569453, 0.00890797
-0.5814997, -0.61891538, 0.52797019
0.32893276, 0.16929781
-0.00599506, 0.11453604, -0.00542365
-0.74666584, 0.6410718, 0.17734306
0.33014581, 0.25780451
0.00864425, 0.1144257, -0.0054382
0.75661486, 0.62974942, 0.17584765
0.30680466, 0.25641638
0.00864425, 0.1144257, -0.0054382
0.75661486, 0.62974942, 0.17584765
0.30651721, 0.2561639
0.00865002, 0.11310986, 0.01035335
0.58192694, 0.52302623, 0.62269968
0.31285736, 0.21955276
-0.00598929, 0.11322023, 0.0103679
-0.57271034, 0.53175449, 0.62385935
0.32331383, 0.21458566
0.00851068, 0.09690001, -0.00689812
0.65544605, -0.72099978, -0.22467726
0.28535068, 0.20669603
0.00639884, 0.02646904, -0.01166917
0.57274085, -0.52894682, -0.62620932
0.05903166, 0.8752742
0.00640173, 0.02570412, -0.00295984
0.57313758, -0.6299631, 0.52403331
0.05903166, 0.8679561
-0.00508541, 0.02579072, -0.00294843
-0.5814997, -0.62126529, 0.52519304
0.05518547, 0.8679561
0.00738201, 0.15539904, -0.00034633
0.5814997, 0.62126529, -0.52519304
0.10236598, 0.87527414
0.0073849, 0.15463413, 0.00836302
0.58189642, 0.52024901, 0.62504959
0.10236598, 0.86795616
-0.00410514, 0.15548562, -0.00033491
-0.57313758, 0.6299631, -0.52403331
0.05518549, 0.98361203
-0.00410225, 0.15472072, 0.00837444
-0.57274085, 0.52894682, 0.62620932
0.05518549, 0.99093017
0.0073849, 0.15463413, 0.00836302
0.58189642, 0.52024901, 0.62504959
0.05903169, 0.99093017
-0.0050883, 0.02655561, -0.01165776
-0.58189642, -0.52024901, -0.62504959
0.05518547, 0.8752742
-0.00410225, 0.15472072, 0.00837444
-0.57274085, 0.52894682, 0.62620932
0.01185039, 0.86795616
0.0073849, 0.15463413, 0.00836302
0.58189642, 0.52024901, 0.62504959
0.05903167, 0.75961828
-0.00410225, 0.15472072, 0.00837444
-0.57274085, 0.52894682, 0.62620932
0.05518549, 0.75961828
0.00738201, 0.15539904, -0.00034633
0.5814997, 0.62126529, -0.52519304
0.05903169, 0.98361203
0.0056588, 0.09385253, 0.00876053
0.77156895, -0.63365579, -0.05587939
0.68669361, 0.82515135
0.00434695, 0.09413927, 0.00560934
0.54399246, -0.58391064, -0.60255742
0.6860106, 0.82399517
0.00555348, 0.25236189, 0.01950473
0.55357522, 0.6717124, -0.49226356
0.66372806, 0.90998537
0.00118198, 0.09427779, 0.00430667
-0.00503555, -0.55989259, -0.82851648
0.68569899, 0.82061496
0.00238851, 0.25250039, 0.01820204
0.00451674, 0.69573045, -0.71825314
0.66302419, 0.91110135
-0.00198213, 0.09418697, 0.00561562
-0.55391097, -0.57564014, -0.60145879
0.68583083, 0.81503195
-0.0007756, 0.25240958, 0.01951101
-0.54432815, 0.6799829, -0.49119541
0.66255546, 0.91472844
-0.00329188, 0.09391998, 0.00876942
-0.78112125, -0.6219672, -0.05435346
0.68674445, 0.80720136
-0.00198004, 0.09363324, 0.01192062
-0.55357522, -0.6717124, 0.49226356
0.68766081, 0.81499323
-0.00077351, 0.25185585, 0.02581601
-0.54399246, 0.58391064, 0.60255742
0.66372824, 0.92682896
0.00118494, 0.09349471, 0.01322329
-0.00451674, -0.69573045, 0.71825314
0.68787014, 0.82050043
0.00434904, 0.09358553, 0.01191433
0.54435867, -0.6799829, 0.49119541
0.68744868, 0.82395872
0.00555558, 0.25180817, 0.02580972
0.55391097, 0.57564014, 0.60145879
0.66490078, 0.91473771
0.00686533, 0.25207511, 0.02265592
0.78112125, 0.6219672, 0.05435346
0.66443169, 0.91110737
-0.00208534, 0.25214261, 0.02266481
-0.77156895, 0.63365579, 0.05587939
0.66268981, 0.92026771
0.00679004, -0.02847335, -0.01279654
0.71977907, -0.61919004, -0.31382182
0.87178344, 0.09102052
0.00680431, -0.03225187, 0.03022665
0.71266824, -0.65929139, 0.23953979
0.87825549, 0.09232557
0.00243907, -0.03260211, 0.03459379
0.29309976, -0.69267863, 0.65895563
0.87438959, 0.07805008
0.00721178, 0.02625151, -0.00353098
0.90667439, 0.31989503, -0.27484968
0.8792277, 0.16990882
0.00722458, 0.0228617, 0.03506683
0.90246284, -0.01257363, 0.43052462
0.90094507, 0.20122832
0.00723987, 0.029936, -0.0032074
0.7068392, 0.05652028, -0.70506912
0.88007993, 0.19371861
-0.00630999, -0.0283746, -0.01278353
-0.72966707, -0.60826439, -0.31238747
0.8632195, 0.02422923
-0.00629573, -0.03215309, 0.03023968
-0.72206795, -0.64845729, 0.24097416
0.8645882, 0.06747526
-0.00588825, 0.02635029, -0.00351796
-0.90231025, 0.3335368, -0.27307963
0.87347937, 0.16778105
0.00285935, 0.02251144, 0.03943396
0.34885707, 0.23087253, 0.90826136
0.90641385, 0.19788665
0.00721031, 0.02664019, -0.00795637
0.7294839, 0.65343183, -0.20206305
0.87063217, 0.15269464
0.0024216, -0.02797239, -0.01812164
0.33069858, -0.56038088, -0.75933105
0.86924309, 0.0734483
-0.00152157, 0.02631736, -0.0035223
0.00512711, 0.7662282, -0.64250618
0.87196171, 0.17528218
-0.00152481, 0.02717409, -0.01327715
-0.33115634, 0.68413341, -0.64980012
0.87006336, 0.15124273
-0.00588972, 0.02673895, -0.00794335
-0.71996218, 0.66435742, -0.20062868
0.86876494, 0.1589036
0.00725306, 0.02644306, 0.0365641
0.68739891, -0.22684409, 0.68990141
0.89861739, 0.21581572
0.00746632, 0.05592925, 0.02749123
0.86190373, 0.50016785, -0.08313242
0.88486719, 0.26818156
0.00288639, 0.02647598, 0.03656843
0.16269417, 0.03079318, 0.98617512
0.90494186, 0.21427059
-0.00587545, 0.02296045, 0.03507986
-0.9016999, 0.00100711, 0.43232521
0.85057759, 0.16691512
-0.00584696, 0.0265418, 0.03657712
-0.6893521, -0.21646778, 0.69127476
0.85486144, 0.20020038
-0.00586015, 0.03003475, -0.00319438
-0.70729697, 0.06717124, -0.70366526
0.87309331, 0.19668901
-0.00588825, 0.02635029, -0.00351796
-0.90231025, 0.3335368, -0.27307963
0.87040955, 0.17295194
-0.00586015, 0.03003475, -0.00319438
-0.70729697, 0.06717124, -0.70366526
0.8710829, 0.19130629
-0.00149348, 0.03000182, -0.00319872
-0.00030519, 0.08746605, -0.99615467
0.87294936, 0.1873607
0.00747147, 0.05456652, 0.04300807
0.93877989, -0.09427167, 0.33127841
0.89671081, 0.2747764
0.00754681, 0.06444725, 0.04387581
0.95077366, -0.03427229, 0.30793175
0.89528513, 0.30038893
0.00318212, 0.06395678, 0.04983943
0.4532609, -0.08139286, 0.88763082
0.9023208, 0.29997164
-0.00564305, 0.05850451, -0.00069412
-0.70729697, 0.06717124, -0.70366526
0.87750286, 0.26496649
-0.00127638, 0.0584716, -0.00069845
-0.00030519, 0.08746605, -0.99615467
0.87619519, 0.26806742
-0.0056337, 0.05602801, 0.02750424
-0.85442668, 0.51310772, -0.08142339
0.87395436, 0.26759535
0.00750007, 0.06216218, 0.01416898
0.86355174, 0.24723044, 0.43946654
0.87963331, 0.27575165
0.00754456, 0.06504346, 0.03708704
0.85225987, 0.11645863, -0.50996429
0.88660347, 0.29974586
-0.00555547, 0.06514221, 0.03710002
-0.85140538, 0.12930693, -0.50825524
0.87065816, 0.3013581
-0.00543903, 0.08133606, 0.03141827
-0.76201665, -0.3370159, -0.55290383
0.87558699, 0.35254651
-0.00562856, 0.05466525, 0.04302108
-0.93945128, -0.08011109, 0.33314005
0.8595773, 0.26993954
-0.00555322, 0.06454599, 0.04388883
-0.95056003, -0.01995911, 0.3098239
0.86167812, 0.30195558
-0.00559996, 0.06226095, 0.01418198
-0.85882139, 0.26023132, 0.44117558
0.88061994, 0.28214514
-0.00543266, 0.0841995, 0.01610867
-0.85738701, -0.31736198, 0.40513322
0.87983352, 0.34764671
-0.00543744, 0.08546722, 0.00167379
-0.70729697, 0.06717124, -0.70366526
0.88460749, 0.34630686
0.00745697, 0.05840576, -0.00070715
0.7068392, 0.05652028, -0.70506912
0.87308794, 0.26060027
0.00749528, 0.06342991, -0.0002659
0.7068392, 0.05652028, -0.70506912
0.87414086, 0.28088731
-0.00564305, 0.05850451, -0.00069412
-0.70729697, 0.06717124, -0.70366526
0.88248563, 0.25883663
-0.00560474, 0.06352867, -0.00025289
-0.70729697, 0.06717124, -0.70366526
0.87755281, 0.28056496
0.00766737, 0.08410075, 0.01609566
0.85329753, -0.3302713, 0.40342417
0.88166845, 0.34517008
0.00769981, 0.08714179, 0.02566554
0.84243292, -0.52272105, -0.13043611
0.88414907, 0.35851973
-0.00540022, 0.08724054, 0.02567854
-0.85045928, -0.50996429, -0.1287576
0.8786329, 0.35981005
-0.00543744, 0.08546722, 0.00167379
-0.70729697, 0.06717124, -0.70366526
0.87956917, 0.34757698
-0.00107077, 0.0854343, 0.00166945
-0.00030519, 0.08746605, -0.99615467
0.87877697, 0.34811759
0.00766259, 0.08536848, 0.00166077
0.7068392, 0.05652028, -0.70506912
0.8771534, 0.34654802
0.007661, 0.08123732, 0.03140526
0.75572985, -0.34846035, -0.55442977
0.88718235, 0.35043263
0.00775671, 0.09255178, 0.04188991
0.92080444, 0.19016083, 0.34043398
0.89862263, 0.36192286
0.00766559, 0.08002197, 0.04524358
0.9391461, 0.0290231, 0.34223455
0.89724779, 0.33464026
0.00330088, 0.07953151, 0.05120724
0.43278298, 0.07071139, 0.89870906
0.90315986, 0.33030963
-0.00543444, 0.08012072, 0.0452566
-0.93792534, 0.04318369, 0.34409618
0.86395377, 0.34298581
0.003392, 0.09206133, 0.04785351
0.40919217, 0.38850063, 0.82558674
0.90389204, 0.35531199
-0.00534332, 0.09265053, 0.04190291
-0.91717279, 0.20401624, 0.34226507
0.86675674, 0.37434417
-0.00098989, 0.09604057, 0.00260091
0.00512711, 0.7662282, -0.64250618
0.87972671, 0.37093025
-0.00535657, 0.09607349, 0.00260525
-0.57310706, 0.6299631, -0.52403331
0.87949705, 0.37246919
-0.00535461, 0.09555303, 0.00853134
-0.90237129, 0.33332315, -0.27307963
0.88007891, 0.38185221
0.00774346, 0.09597474, 0.00259224
0.5814997, 0.62126529, -0.52519304
0.87954855, 0.36655736
0.00774543, 0.09545429, 0.00851834
0.90676594, 0.31968138, -0.27484968
0.88042521, 0.37270492
-0.00535461, 0.09555303, 0.00853134
-0.90237129, 0.33332315, -0.27307963
0.88206196, 0.37381405
0.00775116, 0.0939331, 0.025839
0.99996948, -0.00750755, -0.00097659
0.88810599, 0.371737
0.00782612, 0.10603757, 0.00944094
0.70690024, 0.05587939, -0.70506912
0.88297319, 0.41051781
0.00783185, 0.10451638, 0.02676161
0.99996948, -0.00750755, -0.00097659
0.89158463, 0.40000772
-0.00534887, 0.09403185, 0.02585201
-0.99996948, 0.00750755, 0.00097659
0.87625015, 0.37592643
-0.00527391, 0.10613631, 0.00945394
-0.707358, 0.06653035, -0.70366526
0.8787334, 0.40660197
-0.00090723, 0.10610339, 0.0094496
-0.00030519, 0.08658101, -0.9962157
0.88068563, 0.40978688
-0.00517548, 0.11904725, 0.01057278
-0.7071749, 0.0667745, -0.70384836
0.88074827, 0.46172899
0.00783416, 0.10399494, 0.03302157
0.98001039, 0.00024415, 0.19879757
0.89678401, 0.39230728
0.00793204, 0.11700947, 0.03279825
0.88158816, 0.38825649, -0.26828822
0.89398938, 0.43675297
-0.00526588, 0.10409371, 0.03303458
-0.97952211, 0.01501511, 0.20072024
0.8719418, 0.40244585
-0.00526817, 0.10461514, 0.02677463
-0.99996948, 0.00753807, 0.00097659
0.87633181, 0.40401286
0.00346945, 0.10350449, 0.0389852
0.44691306, 0.21854305, 0.86745811
0.90347594, 0.38753605
-0.00517204, 0.11813858, 0.02091913
-0.9009369, 0.28394422, 0.32813501
0.88307261, 0.46452612
-0.00516973, 0.11752606, 0.02789345
-0.70201725, 0.70946378, 0.06152532
0.88203597, 0.44501901
0.00793029, 0.1174273, 0.02788045
0.71275979, 0.69878232, 0.06012146
0.89057744, 0.44162637
-0.00516547, 0.11648119, 0.0401127
-0.93331707, -0.31394389, 0.17407757
0.8731972, 0.43869835
-0.00513177, 0.1209005, 0.04048811
-0.99996948, 0.00753807, 0.00097659
0.87500745, 0.45721394
-0.00512594, 0.1224718, 0.03444418
-0.64973909, 0.40943632, -0.64043093
0.88101363, 0.45268923
-0.00516799, 0.11710822, 0.03281128
-0.87618643, 0.40150151, -0.26654866
0.8809787, 0.44299525
0.00793457, 0.11638244, 0.04009968
0.92883086, -0.32798243, 0.17221595
0.90382653, 0.42693716
0.00792799, 0.11803983, 0.02090608
0.90575886, 0.27033296, 0.32633442
0.88870668, 0.45983034
-0.00527391, 0.10613631, 0.00945394
-0.707358, 0.06653035, -0.70366526
0.88279331, 0.40315491
-0.00517548, 0.11904725, 0.01057278
-0.7071749, 0.0667745, -0.70384836
0.88669443, 0.4595468
-0.00508162, 0.13001107, 0.02184433
-0.82033753, -0.28193, 0.49748221
0.88316894, 0.49137926
0.00801841, 0.12991232, 0.02183128
0.81698048, -0.29428998, 0.49586475
0.88878047, 0.50688964
-0.00080879, 0.11901433, 0.01056844
-0.00030519, 0.0868862, -0.9962157
0.88142586, 0.46327043
-0.00508501, 0.13090947, 0.01161455
-0.70775473, 0.06573687, -0.70336008
0.88215649, 0.50771934
0.00792456, 0.11894848, 0.01055979
0.70671713, 0.05612354, -0.70525223
0.88247156, 0.4637478
0.00801501, 0.13081072, 0.01160154
0.70726645, 0.05505539, -0.70476395
0.88509142, 0.51535082
0.00801117, 0.12667121, 0.03913381
0.83007294, 0.18140203, -0.52726829
0.89993435, 0.46556932
-0.00508886, 0.12676996, 0.03914685
-0.82830286, 0.19388409, -0.52562028
0.88070756, 0.46937871
-0.00504883, 0.13218543, 0.03835351
-0.80965608, -0.30185857, -0.50328076
0.88000637, 0.48661798
0.00797409, 0.12237305, 0.03443115
0.65456098, 0.39957884, -0.64171273
0.89592165, 0.44510937
0.00796825, 0.12080175, 0.04047509
0.99996948, -0.00753807, -0.00097659
0.90348321, 0.44436634
0.00795201, 0.11713789, 0.05192887
0.92635882, -0.03381451, 0.37507248
0.91895115, 0.44818014
0.00791035, 0.11167197, 0.05146155
0.64204842, -0.75734735, 0.11905271
0.91944396, 0.44075853
0.00358683, 0.11677428, 0.05644806
0.3906064, -0.06982635, 0.91787469
0.92268932, 0.44698149
-0.00516547, 0.11648119, 0.0401127
-0.93331707, -0.31394389, 0.17407757
0.92562509, 0.39765668
-0.00518968, 0.11177073, 0.05147455
-0.65315711, -0.74758142, 0.12033448
0.92528367, 0.43519801
-0.00514802, 0.11723664, 0.05194189
-0.92602313, -0.01983703, 0.37690359
0.92779791, 0.43838978
0.00356789, 0.11641536, 0.04010402
-0.02627644, -0.84099859, 0.54036075
0.91064942, 0.41456145
0.00804551, 0.12944691, 0.05263674
0.91058075, 0.08432264, 0.40458387
0.92111534, 0.4697113
0.0080512, 0.13208668, 0.03834048
0.80401015, -0.31400496, -0.50486767
0.90099585, 0.48922414
-0.00513177, 0.1209005, 0.04048811
-0.99996948, 0.00753807, 0.00097659
0.93644595, 0.39917874
-0.00505452, 0.12954564, 0.05264977
-0.90594196, 0.10052797, 0.41120639
0.93369842, 0.45702529
0.00812246, 0.14046815, 0.04646282
0.90682697, 0.30063784, 0.2953276
0.92370003, 0.49958271
0.00387312, 0.14194629, 0.05114374
0.37806329, 0.60185552, 0.70342112
0.93005729, 0.49109834
-0.00504883, 0.13218543, 0.03835351
-0.80965608, -0.30185857, -0.50328076
0.95742917, 0.44281995
-0.00497757, 0.1405669, 0.04647582
-0.8997162, 0.31550035, 0.30152288
0.94172263, 0.48519856
-0.00494824, 0.14545344, 0.03893294
-0.86257517, 0.48484755, 0.14435256
0.95070928, 0.51623917
0.00807003, 0.13515045, 0.03404379
0.77532274, -0.59990233, -0.19733268
0.90145814, 0.51282734
0.00806631, 0.13523661, 0.02966035
0.77785575, -0.60304576, 0.17664114
0.89900559, 0.52391171
0.00815037, 0.14621441, 0.03096225
0.96795559, 0.17996766, 0.1750847
0.91946363, 0.57523847
0.0081518, 0.14535469, 0.03891993
0.87005216, 0.47178563, 0.14264351
0.92439508, 0.53310424
0.00380321, 0.14716765, 0.04363027
0.33158362, 0.85955381, 0.38880581
0.93320709, 0.51746619
-0.00503, 0.13524921, 0.03405682
-0.78466141, -0.58815271, -0.19577624
0.87789834, 0.5041073
-0.00503, 0.13524921, 0.03405682
-0.78466141, -0.58815271, -0.19577624
0.96827847, 0.4678852
-0.00494966, 0.14631316, 0.03097527
-0.96478164, 0.19452497, 0.17700735
0.96644783, 0.54817253
-0.00503371, 0.13533534, 0.02967338
-0.78652304, -0.59126562, 0.17819758
0.87376893, 0.52194995
0.00380933, 0.14956781, 0.03158037
0.2075869, 0.48438978, 0.84984893
0.93457758, 0.5929572
-0.00503967, 0.1368608, 0.01211307
-0.70628989, 0.0675985, -0.7046724
0.88052922, 0.53281349
-0.00493017, 0.15121031, 0.01344593
-0.70796835, 0.06857509, -0.7028718
0.87878084, 0.61433581
-0.00056349, 0.15117739, 0.01344159
-0.00030519, 0.08951079, -0.99597156
0.8830328, 0.61649612
0.0082771, 0.1627939, 0.03272815
0.89996034, -0.3118076, 0.30463576
0.9231562, 0.71668768
0.00806036, 0.13676205, 0.01210004
0.70583206, 0.05697806, -0.70607626
0.88564485, 0.54268247
-0.00494966, 0.14631316, 0.03097527
-0.96478164, 0.19452497, 0.17700735
0.85210204, 0.59666944
-0.00493017, 0.15121031, 0.01344593
-0.70796835, 0.06857509, -0.7028718
0.88365084, 0.61173797
-0.00503967, 0.1368608, 0.01211307
-0.70628989, 0.0675985, -0.7046724
0.88648295, 0.52874368
-0.00067299, 0.13682789, 0.01210873
-0.00030519, 0.08795434, -0.99609363
0.882267, 0.53594828
0.00827095, 0.16437055, 0.01458503
0.7068392, 0.05587939, -0.70513016
0.89691722, 0.69021752
0.00829666, 0.16774289, 0.01487807
0.58159125, 0.62022769, -0.52629167
0.89556402, 0.70282108
0.0082988, 0.16723086, 0.02089906
0.7923826, 0.591052, -0.15079196
0.90064836, 0.7235232
0.00816985, 0.15111156, 0.01343291
0.70751059, 0.05789361, -0.70427567
0.89050877, 0.619183
-0.00482293, 0.16289265, 0.03274116
-0.90395826, -0.29819635, 0.30643636
0.84788597, 0.75440751
-0.00482908, 0.1644693, 0.01459805
-0.70729697, 0.06653035, -0.70372629
0.87910622, 0.69323143
-0.0004624, 0.16443639, 0.01459371
-0.0003357, 0.08655049, -0.9962157
0.88493758, 0.69000918
0.00393212, 0.16726378, 0.0209034
0.00704978, 0.96981722, -0.2436903
0.89311165, 0.73185951
-0.00482908, 0.1644693, 0.01459805
-0.70729697, 0.06653035, -0.70372629
0.88000387, 0.69517672
-0.00480124, 0.16732961, 0.02091208
-0.78368479, 0.60292369, -0.149205
0.87846857, 0.73093939
-0.00480337, 0.16784164, 0.01489108
-0.57322913, 0.62895596, -0.525132
0.88151753, 0.70795751
-0.00043669, 0.16780873, 0.01488674
0.00509659, 0.76503801, -0.64394057
0.88579416, 0.70570159
-0.00043456, 0.16729669, 0.02090774
0.00704978, 0.96981722, -0.2436903
0.88634437, 0.73371619
-0.00477716, 0.16998477, 0.02498975
-0.6353038, 0.74938202, -0.18646809
0.88073623, 0.75839995
0.00832583, 0.16917244, 0.03337416
0.72164065, 0.68303478, 0.11249123
0.91061592, 0.798829
0.00832286, 0.16988601, 0.02497673
0.64613789, 0.73973817, -0.18774986
0.90160787, 0.75254707
0.00395618, 0.16991894, 0.02498107
0.00704978, 0.9697867, -0.24372081
0.89532548, 0.76232441
-0.00477419, 0.16927119, 0.03338717
-0.71105075, 0.6938383, 0.11389507
0.87733757, 0.8076673
-0.00415239, 0.16229588, 0.03798767
-0.69777519, -0.67796868, 0.23105563
0.84309912, 0.8696049
-0.00410367, 0.16867435, 0.03863369
-0.6989044, 0.61540574, 0.36432996
0.8811295, 0.85769482
0.00391268, 0.16183776, 0.04250409
0.33039337, -0.69209874, 0.64171273
0.93780732, 0.83270298
0.00760807, 0.16220725, 0.03797598
0.68794823, -0.68843651, 0.2296823
0.92993313, 0.78854229
0.0076568, 0.1685857, 0.038622
0.70882291, 0.60481584, 0.36292613
0.91728926, 0.82200892
-0.00040752, 0.16923827, 0.03338284
0.00598163, 0.99548328, 0.09442427
0.89076185, 0.8250794
0.00391043, 0.16282682, 0.03273249
-0.007416, -0.77126378, 0.63643301
0.94415206, 0.72391874
-0.00045624, 0.16285974, 0.03273682
-0.00289926, -0.7712943, 0.63643301
0.96193194, 0.72806406
-0.000454, 0.16187067, 0.04250842
-0.33951843, -0.68706322, 0.64238411
0.95467412, 0.86776288
-0.00415239, 0.16229588, 0.03798767
-0.69777519, -0.67796868, 0.23105563
0.97915578, 0.80257054
0.00395915, 0.16920535, 0.0333785
0.00918607, 0.99548328, 0.09442427
0.90388912, 0.84745537
0.0039614, 0.16821621, 0.04315008
0.34223455, 0.54576248, 0.76482439
0.91722995, 0.85789777
-0.00040527, 0.16824916, 0.04315443
-0.33246863, 0.55085909, 0.76549578
0.90817499, 0.91310598
-0.000454, 0.16187067, 0.04250842
-0.33951843, -0.68706322, 0.64238411
0.86280721, 0.97953563
-0.00041049, 0.16995187, 0.02498541
0.00704978, 0.9697867, -0.24372081
0.88805199, 0.76168387
0.00390428, 0.16440347, 0.01458937
-0.0003357, 0.08655049, -0.9962157
0.8907097, 0.68856919
0.00392999, 0.16777581, 0.0148824
0.00512711, 0.76503801, -0.64394057
0.89109093, 0.70389259
0.00380318, 0.15114446, 0.01343725
-0.00030519, 0.08951079, -0.99597156
0.88689172, 0.61818612
0.00364834, 0.13084364, 0.01160588
-0.0003357, 0.08545183, -0.99633777
0.88385093, 0.5151844
0.00369368, 0.13679497, 0.01210438
-0.00030519, 0.08795434, -0.99609363
0.88405824, 0.53900295
-0.00071833, 0.13087656, 0.01161021
-0.0003357, 0.08545183, -0.99633777
0.88288951, 0.51262337
-0.00055735, 0.14960073, 0.03158471
-0.19855343, 0.48747215, 0.85024565
0.95001018, 0.58678943
-0.00482293, 0.16289265, 0.03274116
-0.90395826, -0.29819635, 0.30643636
0.9815461, 0.72601795
-0.00056346, 0.14720057, 0.0436346
-0.31809443, 0.86394846, 0.39030123
0.93902594, 0.51336914
-0.00059536, 0.1419792, 0.05114808
-0.36198005, 0.60783714, 0.70671713
0.93416142, 0.48788148
-0.00067869, 0.1301208, 0.0572485
-0.37153232, 0.19129002, 0.90847498
0.92896634, 0.46253645
0.00378979, 0.13008788, 0.05724416
0.38181707, 0.18390454, 0.90572834
0.92609578, 0.46546644
-0.00077984, 0.11680721, 0.0564524
-0.38984343, -0.0634785, 0.91866815
0.92507261, 0.44442719
-0.00079878, 0.11644828, 0.04010836
0.0146794, -0.84130377, 0.54033023
0.91554219, 0.40585124
-0.00082151, 0.11134129, 0.05598504
-0.29648733, -0.74965668, 0.59166235
0.9236421, 0.43826711
0.00354517, 0.11130837, 0.0559807
0.28632465, -0.75405133, 0.59108251
0.92198831, 0.44030756
0.00355788, 0.11898141, 0.01056412
-0.00030519, 0.0868862, -0.9962157
0.88206309, 0.4641062
-0.00089722, 0.1035374, 0.03898954
-0.44184697, 0.2252266, 0.86834317
0.86653227, 0.40600097
-0.00079878, 0.11644828, 0.04010836
0.0146794, -0.84130377, 0.54033023
0.86855996, 0.44040638
-0.00097467, 0.09209424, 0.04785786
-0.40162358, 0.39460433, 0.82638019
0.85966897, 0.37367803
-0.00089722, 0.1035374, 0.03898954
-0.44184697, 0.2252266, 0.86834317
0.90822023, 0.38220143
0.00345944, 0.10607048, 0.00944528
-0.00030519, 0.08658101, -0.9962157
0.88183117, 0.41079104
0.00337875, 0.0954872, 0.00852267
0.00512711, 0.76601458, -0.64278084
0.88011217, 0.37782913
-0.00098792, 0.09552011, 0.008527
0.00512711, 0.76601458, -0.64278084
0.87997234, 0.38043284
0.0032959, 0.08540139, 0.00166512
-0.00030519, 0.08746605, -0.99615467
0.87780654, 0.3478635
0.00337678, 0.09600765, 0.00259658
0.00512711, 0.7662282, -0.64250618
0.879583, 0.36880803
-0.00106579, 0.07956443, 0.05121157
-0.4298532, 0.07721183, 0.89956361
0.85616004, 0.34485149
-0.00097467, 0.09209424, 0.04785786
-0.40162358, 0.39460433, 0.82638019
0.90724534, 0.35415286
-0.00118456, 0.06398971, 0.04984378
-0.45268106, -0.07455672, 0.88851589
0.85391301, 0.30622584
-0.00118456, 0.06398971, 0.04984378
-0.45268106, -0.07455672, 0.88851589
0.90608203, 0.30006075
0.00312861, 0.06346285, -0.00026156
-0.00030519, 0.08746605, -0.99615467
0.87526166, 0.27780491
-0.00123807, 0.06349576, -0.00025724
-0.00030519, 0.08746605, -0.99615467
0.87667638, 0.27791405
0.0030903, 0.05843869, -0.0007028
-0.00030519, 0.08746605, -0.99615467
0.87465787, 0.26685607
-0.00148029, 0.02650893, 0.03657277
-0.16025269, 0.03323466, 0.98651081
0.84641767, 0.19651932
-0.00125991, 0.05410896, 0.04897603
-0.43305764, -0.22022156, 0.87401956
0.85171419, 0.27647549
-0.00148029, 0.02650893, 0.03657277
-0.16025269, 0.03323466, 0.98651081
0.91030151, 0.21508485
0.00310677, 0.05407604, 0.04897169
0.43140966, -0.22675252, 0.87316507
0.90339518, 0.27752733
0.0028732, 0.02996891, -0.00320306
-0.00030519, 0.08746605, -0.99615467
0.87504083, 0.18808287
-0.00125991, 0.05410896, 0.04897603
-0.43305764, -0.22022156, 0.87401956
0.90700674, 0.27878094
0.0028451, 0.02628445, -0.00352664
0.00512711, 0.7662282, -0.64250618
0.87345648, 0.17327696
-0.00150733, 0.02254434, 0.0394383
-0.34354687, 0.2360912, 0.90896326
0.84309912, 0.16956609
-0.00150733, 0.02254434, 0.0394383
-0.34354687, 0.2360912, 0.90896326
0.91148329, 0.19516295
0.00284187, 0.02714117, -0.01328149
0.3401593, 0.67906737, -0.65047151
0.86990398, 0.15189725
-0.00194508, -0.02793946, -0.01811731
-0.34061709, -0.55531478, -0.7586596
0.86674178, 0.05224615
-0.00192761, -0.03256916, 0.03459813
-0.30219427, -0.68819237, 0.65956604
0.86974955, 0.06494027
0.01040824, 0.1872927, 0.01941284
0.57313758, -0.6299631, 0.52403331
0.0109065, 0.37076485
-0.006272, 0.22997992, 0.02316734
-0.57274085, 0.52894682, 0.62620932
0.15914166, 0.68924174
0.00866794, 0.12012268, -0.02482447
0.70561844, 0.05597094, -0.70635092
0.27791667, 0.3191911
0.00857268, 0.10762073, -0.02584322
0.59968871, -0.38004699, -0.70421463
0.30686447, 0.02754313
-0.00606664, 0.10773108, -0.02582867
-0.60673851, -0.37095249, -0.70302439
0.33834103, 0.97380805
-0.00612863, 0.09701037, -0.00688357
-0.66670734, -0.71105075, -0.22336496
0.32893276, 0.10957998
-0.00410514, 0.15548562, -0.00033491
-0.57313758, 0.6299631, -0.52403331
0.01185039, 0.87527412
0.00239147, 0.25171733, 0.02711866
0.00503555, 0.55989259, 0.82851648
0.66476655, 0.92027543
-0.00588972, 0.02673895, -0.00794335
-0.71996218, 0.66435742, -0.20062868
0.87116349, 0.15217775
-0.00560474, 0.06352867, -0.00025289
-0.70729697, 0.06717124, -0.70366526
0.88253832, 0.28372592
-0.00535657, 0.09607349, 0.00260525
-0.57310706, 0.6299631, -0.52403331
0.88222218, 0.3728655
-0.00508501, 0.13090947, 0.01161455
-0.70775473, 0.06573687, -0.70336008
0.88657248, 0.50421977
-0.00508886, 0.12676996, 0.03914685
-0.82830286, 0.19388409, -0.52562028
0.94873554, 0.41705626
-0.00503371, 0.13533534, 0.02967338
-0.78652304, -0.59126562, 0.17819758
0.97982061, 0.47835988
-0.00106579, 0.07956443, 0.05121157
-0.4298532, 0.07721183, 0.89956361
0.90650463, 0.32961661
# Number of Faces:
668
# Face Data:
0, 1, 2
3, 4, 5
4, 6, 7
8, 0, 9
10, 11, 5
4, 12, 13
14, 15, 16
15, 17, 18
19, 20, 21
22, 23, 24
16, 18, 25
22, 26, 27
19, 28, 29
22, 30, 31
15, 32, 33
34, 35, 36
37, 38, 39
35, 28, 21
33, 32, 38
26, 29, 40
41, 42, 39
40, 29, 43
28, 35, 43
37, 44, 45
44, 46, 47
48, 36, 49
18, 50, 51
33, 45, 50
37, 42, 52
46, 53, 54
55, 54, 56
57, 49, 58
20, 59, 60
51, 50, 61
21, 60, 49
62, 63, 64
52, 65, 46
45, 47, 61
53, 66, 56
63, 67, 68
69, 58, 70
59, 71, 72
73, 61, 55
60, 72, 58
18, 17, 50
46, 65, 74
55, 75, 76
77, 78, 79
75, 56, 80
56, 66, 81
81, 66, 82
71, 83, 84
79, 67, 85
72, 84, 70
47, 54, 55
53, 74, 82
86, 87, 88
76, 87, 86
89, 79, 90
91, 55, 86
92, 93, 85
91, 94, 93
95, 88, 87
89, 96, 88
93, 96, 90
93, 94, 88
97, 98, 70
81, 99, 98
100, 97, 84
100, 80, 81
77, 100, 83
101, 80, 100
75, 101, 95
77, 89, 95
63, 102, 92
73, 91, 92
103, 99, 82
103, 69, 98
62, 104, 102
51, 73, 102
65, 105, 103
105, 57, 69
24, 106, 104
106, 25, 51
107, 105, 65
107, 48, 57
108, 109, 39
40, 110, 109
35, 34, 110
41, 109, 110
32, 111, 108
27, 40, 108
41, 107, 52
41, 34, 48
15, 14, 111
14, 112, 27
23, 113, 106
113, 114, 25
112, 113, 23
112, 14, 114
30, 24, 62
68, 67, 78
30, 62, 115
67, 79, 78
116, 117, 118
119, 120, 121
122, 123, 121
124, 125, 123
126, 121, 123
127, 128, 129
128, 130, 131
131, 130, 132
133, 134, 135
119, 136, 137
138, 139, 140
141, 142, 143
135, 144, 145
136, 119, 138
146, 147, 148
149, 132, 150
151, 152, 153
145, 144, 154
155, 156, 157
142, 158, 159
139, 138, 160
147, 146, 155
161, 162, 157
158, 162, 161
152, 157, 162
163, 160, 161
164, 165, 166
164, 167, 168
169, 170, 171
172, 166, 173
165, 174, 175
169, 176, 164
177, 178, 179
178, 180, 181
181, 180, 182
183, 182, 184
184, 185, 186
186, 185, 187
178, 188, 185
189, 188, 177
187, 188, 189
190, 179, 191
192, 193, 194
193, 195, 196
196, 195, 197
198, 199, 200
193, 196, 201
202, 192, 203
204, 205, 206
207, 197, 208
196, 207, 209
210, 211, 212
213, 214, 215
216, 217, 218
214, 219, 220
209, 207, 216
212, 211, 221
221, 208, 222
223, 224, 225
226, 227, 224
208, 221, 224
216, 208, 223
228, 229, 230
231, 232, 222
233, 221, 228
220, 219, 234
235, 236, 237
234, 238, 239
222, 235, 229
232, 240, 235
241, 236, 242
217, 243, 244
224, 227, 245
223, 241, 243
225, 237, 236
243, 242, 246
225, 245, 247
248, 249, 250
240, 251, 252
230, 229, 253
238, 249, 248
235, 252, 254
252, 255, 256
229, 237, 257
237, 247, 257
242, 236, 254
250, 258, 259
259, 258, 260
261, 256, 262
254, 256, 261
257, 247, 263
253, 257, 264
242, 261, 265
266, 267, 268
269, 270, 271
264, 263, 272
265, 261, 273
256, 255, 274
275, 264, 266
268, 267, 272
276, 266, 277
266, 274, 278
279, 260, 280
281, 282, 278
283, 284, 285
273, 262, 286
273, 287, 288
272, 271, 286
289, 288, 290
291, 292, 293
294, 273, 289
295, 283, 296
297, 293, 298
290, 288, 295
287, 283, 295
271, 270, 284
295, 299, 300
301, 302, 303
287, 286, 283
271, 284, 283
298, 302, 301
304, 305, 306
299, 307, 308
296, 285, 309
296, 304, 307
310, 303, 311
309, 312, 305
307, 306, 313
314, 315, 316
313, 306, 317
306, 305, 318
319, 320, 321
305, 312, 277
277, 312, 321
278, 282, 318
280, 314, 322
323, 324, 325
326, 323, 317
320, 319, 327
315, 328, 329
330, 325, 324
331, 327, 332
328, 333, 334
335, 332, 336
337, 338, 339
317, 325, 338
327, 340, 336
327, 341, 342
343, 344, 345
317, 337, 345
346, 340, 342
347, 317, 344
348, 349, 350
347, 343, 349
351, 352, 345
351, 346, 353
354, 353, 342
349, 343, 352
340, 346, 355
351, 339, 355
330, 339, 338
335, 355, 339
356, 357, 324
329, 334, 357
332, 335, 334
335, 330, 357
326, 358, 356
316, 329, 356
359, 360, 318
361, 322, 360
362, 348, 363
313, 347, 348
360, 358, 326
322, 316, 358
303, 364, 362
364, 308, 313
302, 365, 364
365, 300, 308
298, 366, 365
367, 300, 365
368, 366, 298
290, 367, 366
369, 370, 292
369, 294, 371
292, 370, 368
370, 371, 290
372, 359, 282
279, 361, 359
373, 374, 269
265, 294, 369
247, 375, 373
246, 265, 376
255, 377, 372
377, 259, 279
252, 378, 377
378, 379, 259
240, 380, 381
380, 239, 248
251, 381, 378
381, 248, 379
245, 382, 375
244, 246, 383
227, 384, 382
385, 218, 244
386, 380, 240
386, 387, 239
388, 386, 232
388, 220, 387
389, 390, 226
391, 209, 392
393, 388, 231
393, 215, 220
390, 384, 227
394, 392, 218
395, 393, 197
395, 204, 215
210, 396, 389
397, 201, 209
202, 398, 395
398, 205, 204
205, 399, 198
398, 203, 399
199, 400, 396
400, 194, 201
198, 399, 400
203, 194, 400
9, 0, 2
401, 3, 5
5, 4, 7
402, 8, 9
7, 10, 5
6, 4, 13
114, 14, 16
16, 15, 18
28, 19, 21
30, 22, 24
114, 16, 25
112, 22, 27
26, 19, 29
26, 22, 31
17, 15, 33
48, 34, 36
42, 37, 39
36, 35, 21
37, 33, 38
27, 26, 40
109, 41, 39
110, 40, 43
29, 28, 43
33, 37, 45
45, 44, 47
57, 48, 49
25, 18, 51
17, 33, 50
44, 37, 52
47, 46, 54
75, 55, 56
69, 57, 58
21, 20, 60
73, 51, 61
36, 21, 49
115, 62, 64
44, 52, 46
50, 45, 61
54, 53, 56
64, 63, 68
98, 69, 70
60, 59, 72
91, 73, 55
49, 60, 58
53, 46, 74
89, 77, 79
101, 75, 80
80, 56, 81
99, 81, 82
72, 71, 84
90, 79, 85
58, 72, 70
61, 47, 55
66, 53, 82
94, 86, 88
55, 76, 86
96, 89, 90
94, 91, 86
67, 92, 85
92, 91, 93
76, 95, 87
95, 89, 88
85, 93, 90
96, 93, 88
84, 97, 70
97, 81, 98
83, 100, 84
97, 100, 81
78, 77, 83
77, 101, 100
76, 75, 95
101, 77, 95
67, 63, 92
102, 73, 92
74, 103, 82
99, 103, 98
63, 62, 102
104, 51, 102
74, 65, 103
103, 105, 69
62, 24, 104
104, 106, 51
52, 107, 65
105, 107, 57
38, 108, 39
108, 40, 109
43, 35, 110
34, 41, 110
38, 32, 108
111, 27, 108
42, 41, 52
107, 41, 48
32, 15, 111
111, 14, 27
24, 23, 106
106, 113, 25
22, 112, 23
113, 112, 114
83, 68, 78
31, 30, 115
141, 116, 118
126, 119, 121
127, 122, 121
133, 124, 123
125, 126, 123
122, 127, 129
129, 128, 131
149, 131, 132
124, 133, 135
120, 119, 137
403, 138, 140
116, 141, 143
124, 135, 145
403, 136, 138
404, 146, 148
405, 149, 150
145, 151, 153
151, 145, 154
406, 155, 157
143, 142, 159
163, 139, 160
406, 147, 155
156, 161, 157
159, 158, 161
153, 152, 162
156, 163, 161
172, 164, 166
165, 164, 168
176, 169, 171
407, 172, 173
166, 165, 175
172, 169, 164
190, 177, 179
179, 178, 181
183, 181, 182
191, 183, 184
191, 184, 186
408, 186, 187
182, 180, 178
178, 184, 182
188, 187, 185
178, 177, 188
185, 184, 178
190, 189, 177
408, 187, 189
191, 189, 190
191, 186, 408
181, 183, 191
191, 179, 181
191, 408, 189
203, 192, 194
195, 193, 192
192, 202, 195
207, 196, 197
199, 210, 200
200, 409, 198
194, 193, 201
398, 202, 203
213, 204, 206
208, 216, 207
197, 231, 208
201, 196, 209
200, 210, 212
204, 213, 215
392, 216, 218
215, 214, 220
392, 209, 216
221, 233, 212
211, 226, 221
228, 221, 222
241, 223, 225
221, 226, 224
223, 208, 224
217, 216, 223
410, 228, 230
208, 231, 222
410, 233, 228
387, 220, 234
229, 235, 237
387, 234, 239
228, 222, 229
222, 232, 235
243, 241, 242
218, 217, 244
225, 224, 245
217, 223, 243
241, 225, 236
244, 243, 246
237, 225, 247
379, 248, 250
235, 240, 252
411, 230, 253
239, 238, 248
236, 235, 254
254, 252, 256
253, 229, 257
379, 250, 259
279, 259, 260
262, 273, 261
256, 268, 262
242, 254, 261
264, 257, 263
275, 253, 264
246, 242, 265
274, 266, 268
272, 269, 271
272, 267, 264
263, 269, 272
294, 265, 273
274, 268, 256
255, 281, 274
266, 276, 275
264, 267, 266
262, 268, 272
412, 276, 277
277, 266, 278
361, 279, 280
274, 281, 278
296, 283, 285
287, 273, 286
289, 273, 288
262, 272, 286
371, 289, 290
297, 291, 293
371, 294, 289
299, 295, 296
413, 297, 298
367, 290, 295
288, 287, 295
367, 295, 300
310, 301, 303
286, 271, 283
413, 298, 301
307, 304, 306
300, 299, 308
304, 296, 309
299, 296, 307
414, 310, 311
304, 309, 305
308, 307, 313
322, 314, 316
347, 313, 317
326, 306, 318
312, 319, 321
278, 305, 277
412, 277, 321
305, 278, 318
361, 280, 322
317, 323, 325
306, 326, 317
331, 320, 327
316, 315, 329
357, 330, 324
333, 331, 332
329, 328, 334
355, 335, 336
351, 337, 339
337, 317, 338
332, 327, 336
340, 327, 342
352, 343, 345
344, 317, 345
353, 346, 342
343, 347, 344
363, 348, 350
348, 347, 349
337, 351, 345
352, 351, 353
341, 354, 342
353, 349, 352
336, 340, 355
346, 351, 355
325, 330, 338
330, 335, 339
323, 356, 324
356, 329, 357
333, 332, 334
334, 335, 357
323, 326, 356
358, 316, 356
282, 359, 318
359, 361, 360
311, 362, 363
362, 313, 348
318, 360, 326
360, 322, 358
311, 303, 362
362, 364, 313
303, 302, 364
364, 365, 308
302, 298, 365
366, 367, 365
293, 368, 298
368, 290, 366
291, 369, 292
370, 369, 371
293, 292, 368
368, 370, 290
281, 372, 282
372, 279, 359
263, 373, 269
376, 265, 369
263, 247, 373
383, 246, 376
281, 255, 372
372, 377, 279
255, 252, 377
377, 378, 259
251, 240, 381
381, 380, 248
252, 251, 378
378, 381, 379
247, 245, 375
415, 244, 383
245, 227, 382
415, 385, 244
232, 386, 240
380, 386, 239
231, 388, 232
386, 388, 387
211, 389, 226
394, 391, 392
197, 393, 231
388, 393, 220
226, 390, 227
385, 394, 218
195, 395, 197
393, 395, 215
211, 210, 389
391, 397, 209
195, 202, 395
395, 398, 204
206, 205, 198
205, 398, 399
210, 199, 396
397, 400, 201
199, 198, 400
399, 203, 400
