# Project Zomboid Skinned Mesh
# File Version:
1.0
# Model Name:
Cube.001
# Vertex Stride Element Count:
3
# Vertex Stride Size (in bytes):
76
# Vertex Stride Data:
# (Int)    Offset
# (String) Type
0
VertexArray
12
NormalArray
24
TextureCoordArray
# Vertex Count:
389
# Vertex Buffer:
0.0052282, 0.51642609, -0.00355749
1.0, 0.0, 0.0
0.94245279, 0.24514139
0.00362239, 0.51648998, -0.00743379
0.85570848, 0.18298899, -0.48396254
0.94671011, 0.25850499
0.00362238, 0.52537203, -0.00728731
0.54899746, 0.63917965, -0.53852963
0.95034093, 0.22550595
-0.00025448, 0.51651621, -0.00903945
0.0, 0.81386763, -0.58101135
0.95436656, 0.25859344
-0.00025448, 0.52539873, -0.00889291
0.0, 0.64299446, -0.76586199
0.95433754, 0.21832031
-0.00025448, 0.33929083, -0.01196229
0.0, -0.61735892, -0.78664511
0.6635763, 0.21607041
-0.00413134, 0.33926436, -0.01035669
-0.54896694, -0.6211127, -0.55928218
0.66350538, 0.21633744
-0.00413134, 0.40182945, -0.00932486
-0.85906553, -0.17368084, -0.48146001
0.69134128, 0.20924652
-0.00573716, 0.33920047, -0.00648037
-0.77636033, -0.63014621, -0.01037629
0.66325253, 0.21655583
-0.00413135, 0.33913633, -0.00260404
-0.54896694, -0.63921016, 0.53849912
0.66284537, 0.21652973
-0.00413134, 0.40170166, -0.00157217
-0.70708334, -0.01165807, 0.70699179
0.69376576, 0.21327561
-0.00025447, 0.33910987, -0.00099842
0.0, -0.64296395, 0.76586199
0.66233069, 0.21606684
0.00362239, 0.33926436, -0.01035669
0.54896694, -0.6211127, -0.55928218
0.6635046, 0.21580458
0.00522819, 0.33920047, -0.00648036
0.77636033, -0.63014621, -0.01037629
0.663252, 0.21558684
0.00362238, 0.51636219, 0.00031887
0.70708334, -0.01165807, 0.70699179
0.94010609, 0.2317434
0.0052282, 0.52530813, -0.00341098
0.77636033, 0.63014621, 0.01037629
0.94748288, 0.22623467
-0.00025448, 0.51633549, 0.00192447
0.0, -0.01648, 0.99984741
0.93935573, 0.21824241
0.00362239, 0.52524424, 0.00046535
0.54896694, 0.6211127, 0.55928218
0.94570744, 0.22310704
-0.00573715, 0.52530813, -0.00341098
-0.77636033, 0.63014621, 0.01037629
0.9475013, 0.21015948
0.00453689, 0.41122532, -0.01709942
0.82964569, 0.47859126, -0.28736228
0.68854827, 0.26050413
0.0031335, 0.41562724, -0.01363836
0.59703362, 0.68886381, -0.41105381
0.69510138, 0.27485603
0.00313351, 0.40190431, -0.01386462
0.87530136, -0.22916348, 0.42576373
0.68750244, 0.22631574
0.00362239, 0.40182945, -0.00932486
0.85906553, -0.17368084, -0.48146001
0.6912095, 0.223023
-0.00025448, 0.40185615, -0.01093046
0.0, -0.79427475, -0.60753196
0.68975139, 0.21590215
-0.00025448, 0.33915731, -0.01349598
0.0, -0.64293343, 0.76589251
0.66765136, 0.21464604
-0.00025448, 0.40188143, -0.01246153
0.0, -0.81386763, 0.58101135
0.68807828, 0.21568733
-0.00364247, 0.40190431, -0.01386462
-0.87530136, -0.22916348, 0.42576373
0.68780696, 0.20494115
-0.00504585, 0.40196034, -0.01725225
-0.99996948, 0.0, 0.0
0.68585223, 0.197631
-0.00504586, 0.33923623, -0.0182867
-0.77636033, -0.63014621, -0.01037629
0.66744977, 0.21419513
-0.00364247, 0.40201613, -0.02063977
-0.70708334, 0.01165807, -0.70699179
0.68392873, 0.19200265
-0.00364246, 0.33929202, -0.02167421
-0.54896694, -0.6211127, -0.55928218
0.66721165, 0.21423304
-0.00025448, 0.40203926, -0.02204292
0.0, 0.01648, -0.99984741
0.6820783, 0.1882866
-0.00504585, 0.41122532, -0.01709943
-0.82964569, 0.47859126, -0.28736228
0.69075119, 0.17293078
0.0031335, 0.40924788, -0.02052049
0.53712577, 0.45780817, -0.70842618
0.68278831, 0.15447384
-0.00364246, 0.40924788, -0.0205205
-0.53712577, 0.45780817, -0.70842618
0.68668157, 0.17433971
0.0031335, 0.40924788, -0.02052049
0.53712577, 0.45780817, -0.70842618
0.68464422, 0.25490415
0.0045369, 0.40196034, -0.01725219
1.0, 0.0, 0.0
0.68545771, 0.23260057
-0.00025448, 0.40848899, -0.02193652
0.0, 0.42457351, -0.90536213
0.68186057, 0.25316286
0.00313351, 0.40201613, -0.02063976
0.70708334, 0.01165807, -0.70699179
0.68359202, 0.23689932
0.0045369, 0.33923623, -0.01828671
0.77636033, -0.63014621, -0.01037629
0.66744769, 0.21507365
0.00313351, 0.3391802, -0.01489917
0.54896694, -0.63924068, 0.53849912
0.66759539, 0.21495759
-0.00025448, 0.40848899, -0.02193652
0.0, 0.42457351, -0.90536213
0.68338764, 0.17055488
-0.00413134, 0.41641259, -0.00908433
-0.83700067, 0.18674275, -0.5142979
0.70255834, 0.16664714
-0.00573716, 0.40176579, -0.00544851
-1.0, 0.0, 0.0
0.69288152, 0.21060944
-0.00573716, 0.4163487, -0.005208
-1.0, 0.0, 0.0
0.70459718, 0.18443871
-0.00025448, 0.40167519, 3.345e-05
0.0, -0.01648, 0.99984741
0.69404376, 0.21652144
-0.00025447, 0.41625834, 0.00027396
0.0, -0.01648, 0.99984741
0.70609605, 0.2176823
-0.00025448, 0.40203926, -0.02204292
0.0, 0.01648, -0.99984741
0.68197125, 0.23918611
0.0031335, 0.33929202, -0.02167421
0.54896694, -0.6211127, -0.55928218
0.66721678, 0.21499693
0.00362239, 0.40170166, -0.00157217
0.70708334, -0.01165807, 0.70699179
0.69373119, 0.21968758
0.00362238, 0.33913633, -0.00260404
0.54896694, -0.63924068, 0.5384686
0.66284525, 0.21561044
-0.00364246, 0.41562724, -0.01363836
-0.59703362, 0.68886381, -0.41105381
0.69649875, 0.16171491
-0.00413134, 0.50599384, 0.00014784
-0.70708334, -0.01165807, 0.70699179
0.92455357, 0.19420928
-0.00413135, 0.41628504, -0.00133167
-0.70708334, -0.01165807, 0.70699179
0.70575011, 0.20127356
-0.00413135, 0.50612164, -0.00760482
-0.85570848, -0.16693625, -0.48973051
0.92773265, 0.14264309
-0.00025449, 0.50614786, -0.00921036
0.0, -0.79424423, -0.60756248
0.92561871, 0.11469936
-0.00025449, 0.41643929, -0.01068996
0.0, 0.66655475, -0.74544513
0.70145965, 0.14085436
-0.00573715, 0.50605774, -0.00372849
-1.0, 0.0, 0.0
0.92575496, 0.16933817
0.00522819, 0.40176556, -0.00544853
1.0, 0.0, 0.0
0.69280541, 0.22210562
0.00362239, 0.41641259, -0.00908433
0.83700067, 0.18674275, -0.5142979
0.70221913, 0.26928753
0.00453689, 0.41122532, -0.01709942
0.82964569, 0.47859126, -0.28736228
0.68630964, 0.14219648
-0.00025448, 0.41592145, -0.01222997
0.0, 0.97418135, -0.22568437
0.6979835, 0.14561021
0.0031335, 0.41562724, -0.01363836
0.59703362, 0.68886381, -0.41105381
0.69369411, 0.13715166
0.0052282, 0.4163487, -0.005208
1.0, 0.0, 0.0
0.70439565, 0.25116825
-0.00025448, 0.41592145, -0.01222997
0.0, 0.97418135, -0.22568437
0.69812673, 0.29408127
-0.00025449, 0.41643929, -0.01068996
0.0, 0.66655475, -0.74544513
0.7014671, 0.29642129
-0.00413134, 0.51648998, -0.00743379
-0.85570848, 0.18298899, -0.48396254
0.94670111, 0.17798805
-0.00573715, 0.51642609, -0.00355749
-0.99996948, 0.0, 0.0
0.94244993, 0.19133872
0.00362238, 0.41628504, -0.00133167
0.70708334, -0.01165807, 0.70699179
0.70565635, 0.23414987
0.00362239, 0.50599384, 0.00014784
0.70708334, -0.01165807, 0.70699179
0.9245581, 0.24228418
0.00362238, 0.50612164, -0.00760482
0.85570848, -0.16693625, -0.48973051
0.92774945, 0.29384577
-0.00025448, 0.50596762, 0.00175344
0.0, -0.01648, 0.99984741
0.92415285, 0.21824688
0.00522819, 0.50605774, -0.00372849
1.0, 0.0, 0.0
0.92576498, 0.26715422
-0.00025449, 0.50614786, -0.00921036
0.0, -0.79424423, -0.60756248
0.92564344, 0.3217864
-0.00413135, 0.52537203, -0.00728731
-0.54899746, 0.63917965, -0.53849912
0.95024395, 0.21105564
-0.00413135, 0.51636219, 0.00031887
-0.70708334, -0.01165807, 0.70699179
0.94010586, 0.20474017
-0.00025448, 0.51651621, -0.00903945
0.0, 0.81386763, -0.58101135
0.95437026, 0.17790598
-0.00025447, 0.52521801, 0.00207104
0.0, 0.61738944, 0.78664511
0.94513512, 0.21824491
-0.00025449, 0.51693201, -0.03423975
0.0, 0.55214089, -0.83370465
0.97802532, 0.03664625
-0.00025448, 0.50656366, -0.03441076
0.0, -0.524369, -0.85146642
0.96010929, 0.43621355
-0.00025449, 0.51693201, -0.03423975
0.0, 0.55214089, -0.83370465
0.97802532, 0.39975494
-0.00025448, 0.50656366, -0.03441076
0.0, -0.524369, -0.85146642
0.96009666, 0.00018096
0.00811759, 0.03005859, -0.01320055
0.72914821, -0.67394024, -0.118717
0.31948823, 0.29263246
0.00811758, 0.17343327, -0.01350452
0.98901331, -0.00030519, -0.14774011
0.52949959, 0.29329973
0.00809285, 0.17326084, -0.00304848
0.70625937, 0.00149541, 0.70793784
0.52661926, 0.24934489
0.00811759, 0.03005859, -0.01320055
0.72914821, -0.67394024, -0.118717
0.30191317, 0.25661618
-0.0089322, 0.03005859, -0.01320054
-0.72914821, -0.67394024, -0.118717
0.29766041, 0.18471658
-0.00643531, 0.03019223, -0.02130225
-0.60103154, -0.62834561, -0.49388105
0.28689325, 0.20130932
-0.00890741, 0.19515523, -0.00309489
-0.70616782, 0.00170904, 0.70799887
0.55316448, 0.1612398
-0.0089322, 0.19532767, -0.01355098
-0.9956969, -0.00982696, -0.09186071
0.5508309, 0.11697602
-0.0089322, 0.17343327, -0.01350454
-0.98901331, -0.00030519, -0.14774011
0.52004158, 0.13339818
-0.0064353, 0.19556603, -0.02800531
-0.65926087, -0.07248146, -0.74837488
0.54758477, 0.05487907
-0.00643531, 0.17356691, -0.02160622
-0.80022585, -0.06585895, -0.59602648
0.51813573, 0.09754175
0.00809286, 0.19515523, -0.00309489
0.70616782, 0.00170904, 0.70799887
0.55740792, 0.23296517
0.0056207, 0.03019223, -0.02130225
0.60103154, -0.62834561, -0.49388105
0.32181472, 0.32827032
0.00562069, 0.17356691, -0.02160622
0.80324715, -0.07345805, -0.59108251
0.53182238, 0.32893437
-0.00040731, 0.03024754, -0.02465802
0.0, -0.60621965, -0.79528183
0.28367904, 0.22924113
-0.00040731, 0.17362225, -0.02496199
-0.00625629, -0.14636678, -0.98919642
0.09758336, 0.14162046
0.00562069, 0.17356691, -0.02160622
0.80324715, -0.07345805, -0.59108251
0.09501655, 0.17022866
-0.0089074, 0.24504253, -0.00323328
-0.57759333, 0.57298499, 0.58140814
0.62331372, 0.12388337
-0.00893221, 0.24521491, -0.01368935
-0.72350228, 0.68843651, -0.05056917
0.6209898, 0.07964885
-0.00643531, 0.24545333, -0.02814366
-0.52278209, 0.5950194, -0.61040074
0.61772519, 0.01757336
-0.00643531, 0.17356691, -0.02160622
-0.80022585, -0.06585895, -0.59602648
0.10128137, 0.11413604
0.0081176, 0.19532767, -0.01355098
0.99609363, -0.0105594, -0.08755761
0.56029487, 0.27693737
0.00811758, 0.24521491, -0.01368935
0.72310555, 0.68889433, -0.04983672
0.63045132, 0.23951858
0.00809279, 0.24504253, -0.00323328
0.57759333, 0.57298499, 0.58140814
0.62755716, 0.19559032
-0.0089074, 0.17326084, -0.00304847
-0.70625937, 0.00149541, 0.70793784
0.52237833, 0.17764223
-0.0089322, 0.03005859, -0.01320054
-0.72914821, -0.67394024, -0.118717
0.31003183, 0.13275856
-0.0089074, 0.02988622, -0.0027445
-0.57560962, -0.58207953, 0.57426679
0.31236643, 0.17699564
-0.00643531, 0.03019223, -0.02130225
-0.60103154, -0.62834561, -0.49388105
0.3081291, 0.0968951
0.00562069, 0.1955809, -0.02890603
0.60609758, -0.07855465, -0.79146701
0.56462419, 0.34232569
0.00562069, 0.24545333, -0.02814366
0.52146977, 0.59666735, -0.6099124
0.63451076, 0.30116987
-0.0064353, 0.19556603, -0.02800531
-0.65926087, -0.07248146, -0.74837488
0.0702485, 0.08694786
0.00562069, 0.1955809, -0.02890603
0.60609758, -0.07855465, -0.79146701
0.06462216, 0.13379323
-0.00643531, 0.24545333, -0.02814366
-0.52278209, 0.5950194, -0.61040074
0.00577979, 0.01757336
0.00562069, 0.24545333, -0.02814366
0.52146977, 0.59666735, -0.6099124
0.0001809, 0.06430149
0.00811758, 0.24521491, -0.01368935
0.72310555, 0.68889433, -0.04983672
0.64226651, 0.18786395
-0.00893221, 0.24521491, -0.01368935
-0.72350228, 0.68843651, -0.05056917
0.6380108, 0.11594796
0.00743344, 0.13249654, 0.02171037
0.65846735, -0.70995206, 0.24967192
0.7839247, 0.6287668
0.00743345, 0.14223137, 0.049391
0.57548755, -0.34058657, 0.74346143
0.82678133, 0.6287668
-0.00812187, 0.14223137, 0.04939099
-0.57548755, -0.34058657, 0.74346143
0.82678133, 0.56060824
0.00743345, 0.17155775, 0.01613543
1.0, 0.0, 0.0
0.88435316, 0.70871088
0.00743345, 0.17863199, 0.03512679
0.71913815, 0.34482864, 0.60322887
0.88028049, 0.62456208
0.00743345, 0.18012077, 0.01294573
0.98687702, 0.14484085, 0.07129124
0.89806771, 0.7018066
-0.00812188, 0.17155775, 0.01613543
-0.99008149, 0.13235877, -0.04651021
0.88332444, 0.47993833
-0.00812187, 0.13249654, 0.02171037
-0.65846735, -0.70995206, 0.24967192
0.82951462, 0.43657535
-0.00812188, 0.17863199, 0.0351268
-0.73201698, 0.34635457, 0.58662677
0.88008022, 0.56309599
0.00371245, 0.18672398, 0.03216301
0.56270027, 0.4501175, 0.6933195
0.89278442, 0.61176464
0.00371245, 0.22224674, 0.01360214
0.57286292, 0.79201639, 0.21085238
0.95143968, 0.60660678
-0.00533106, 0.22224674, 0.01360214
-0.57286292, 0.79201639, 0.21085238
0.95108789, 0.56794941
-0.00533106, 0.18672398, 0.03216302
-0.64146852, 0.39970091, 0.65474409
0.89231378, 0.57165974
-0.00533107, 0.21276721, -0.00122305
-0.74037904, 0.56627095, -0.36210212
0.97616088, 0.56589583
-0.00533107, 0.21276721, -0.00122305
-0.74037904, 0.56627095, -0.36210212
0.9481712, 0.49183124
0.00371245, 0.21276721, -0.00122305
0.73165077, 0.59648424, -0.32993561
0.95026463, 0.68402797
-0.01039334, 0.01141188, 0.03104577
-0.9739067, 0.0426954, 0.22284615
0.28107762, 0.65838501
-0.00531872, 0.01128384, 0.03879676
-0.4539018, 0.33286539, 0.82650226
0.27984476, 0.69883263
-0.01039334, 0.031234, 0.03379548
-0.72368544, 0.09765923, 0.68315685
0.30948135, 0.67903489
0.00990501, 0.031903, -0.00676406
0.65825373, -0.22513504, -0.71828365
0.31089479, 0.979687
0.00990501, 0.0683113, -0.00826691
0.70372629, -0.01861629, -0.71019626
0.36391357, 0.9643863
0.00990502, 0.06767675, 0.03020944
0.70998263, 0.05993835, 0.70162052
0.35530511, 0.79762822
0.00990501, 0.13555005, -0.00901779
0.6146428, 0.36481827, -0.69936216
0.46142375, 0.92733452
0.00990501, 0.13824299, 0.0250927
0.67918944, 0.14700766, 0.71904659
0.45850602, 0.77754644
-0.01039335, 0.031903, -0.00676406
-0.65825373, -0.22513504, -0.71828365
0.3178097, 0.50643227
-0.01039335, 0.06767675, 0.03020944
-0.70998263, 0.05993835, 0.70162052
0.36193734, 0.6836279
0.00990501, 0.031234, 0.03379548
0.72368544, 0.09765923, 0.68315685
0.30825803, 0.76657622
0.00990502, 0.06767675, 0.03020944
0.70998263, 0.05993835, 0.70162052
0.36070633, 0.77190918
-0.01039335, 0.06767675, 0.03020944
-0.70998263, 0.05993835, 0.70162052
0.36169174, 0.68469036
0.00990501, 0.0683113, -0.00826691
0.70372629, -0.01861629, -0.71019626
0.36837927, 0.45433491
0.00990501, 0.031903, -0.00676406
0.65825373, -0.22513504, -0.71828365
0.31649452, 0.43657535
-0.01039335, 0.031903, -0.00676406
-0.65825373, -0.22513504, -0.71828365
0.31319696, 0.52328163
-0.01039334, 0.13824299, 0.0250927
-0.67918944, 0.14700766, 0.71904659
0.46302795, 0.69499406
0.00990501, 0.13824299, 0.0250927
0.67918944, 0.14700766, 0.71904659
0.4620426, 0.78221294
0.00990501, 0.14319673, 0.02339036
0.73476362, 0.14282662, 0.66307563
0.46954504, 0.78297582
-0.01039335, 0.0683113, -0.00826691
-0.70372629, -0.01861629, -0.71019626
0.36983788, 0.51989037
-0.01039334, 0.13824299, 0.0250927
-0.67918944, 0.14700766, 0.71904659
0.4631789, 0.70031354
-0.01039335, 0.0683113, -0.00826691
-0.70372629, -0.01861629, -0.71019626
0.36508164, 0.54104117
-0.01039335, 0.13555005, -0.00901779
-0.6146428, 0.36481827, -0.69936216
0.46082658, 0.57381353
0.00990501, 0.13555005, -0.00901779
0.6146428, 0.36481827, -0.69936216
0.46412417, 0.48710728
-0.01039335, 0.13899022, -0.0039678
-0.83062226, 0.25687429, -0.4939726
0.46952698, 0.57679158
-0.01039334, 0.18301183, -0.0045692
-0.83419293, -0.27420881, -0.47840816
0.53221369, 0.59824833
0.00990502, 0.18301183, -0.0045692
0.83419293, -0.27420881, -0.47840816
0.53551126, 0.51154205
-0.01039335, 0.14319673, 0.02339036
-0.73476362, 0.14282662, 0.66307563
0.47053036, 0.69575694
0.00990501, 0.13899022, -0.0039678
0.83062226, 0.25690481, -0.4939726
0.47282457, 0.4900853
0.00990501, 0.13899022, -0.0039678
0.83062226, 0.25690481, -0.4939726
0.46539578, 0.90333515
0.00990502, 0.18282935, 0.01967848
0.68477434, 0.28556168, 0.6704306
0.52414793, 0.77433363
0.00990502, 0.18692335, 0.01231492
0.96893215, 0.10867641, 0.22202216
0.53167385, 0.80329262
0.0048304, 0.18681684, 0.01877385
0.30570391, 0.26612139, 0.91415143
0.53266126, 0.76756379
0.00990501, 0.14319673, 0.02339036
0.73476362, 0.14282662, 0.66307563
0.46601912, 0.78197137
0.00990502, 0.18301183, -0.0045692
0.83419293, -0.27420881, -0.47840816
0.52925807, 0.87955409
0.00990502, 0.18282935, 0.01967848
0.68477434, 0.28556168, 0.6704306
0.52655852, 0.78877288
-0.01039335, 0.18282935, 0.01967848
-0.68477434, 0.28556168, 0.6704306
0.52754384, 0.701554
0.00990502, 0.31157526, 0.00579301
0.94302195, 0.02633747, 0.33161414
0.71161443, 0.81971571
0.00990502, 0.24510941, -0.01117645
0.9015168, -0.29984435, -0.31192967
0.6183477, 0.89862432
0.00990502, 0.34155247, -0.01020106
0.70195621, 0.71181369, 0.02261421
0.75453955, 0.88382155
-0.01039336, 0.18692335, 0.01231492
-0.96893215, 0.10867641, 0.22202216
0.53482866, 0.67294404
-0.01039335, 0.18723491, -0.01155804
-0.61095005, -0.38666952, -0.69078648
0.54384053, 0.60222808
0.00990502, 0.18723491, -0.01155804
0.61095005, -0.38666952, -0.69078648
0.54713809, 0.51552179
0.00990502, 0.18723491, -0.01155804
0.61095005, -0.38666952, -0.69078648
0.5362255, 0.90631283
0.00990502, 0.3408334, 0.00274508
0.72280037, 0.64278084, 0.25357831
0.75397283, 0.82888483
-0.01039335, 0.3408334, 0.00274508
-0.72280037, 0.64278084, 0.25357831
0.78264052, 0.82622311
-0.00024417, 0.34072682, 0.00920399
0.0, 0.73726612, 0.67555773
0.76802427, 0.80018416
0.00990502, 0.3408334, 0.00274508
0.72280037, 0.64278084, 0.25357831
0.75297076, 0.82880448
0.00483039, 0.34072682, 0.00920399
0.33845028, 0.64952546, 0.68083745
0.752702, 0.79390869
-0.01039335, 0.24510941, -0.01117645
-0.9015168, -0.29984435, -0.31192967
0.61951011, 0.57693812
-0.01039335, 0.31157526, 0.00579301
-0.94302195, 0.02633747, 0.33161414
0.71118408, 0.65154061
-0.01039335, 0.34155247, -0.01020107
-0.70195621, 0.71181369, 0.02264473
0.75301391, 0.58748803
-0.01039335, 0.29351065, -0.01882401
-0.94824058, 0.00320444, -0.31745353
0.68669379, 0.54843548
0.00990501, -0.00130156, 0.02008817
0.97805721, -0.03946043, -0.20441298
0.25581238, 0.88275854
0.00990502, -0.01180628, 0.02211704
0.98297065, -0.00412, -0.18366039
0.2398103, 0.8792172
0.00483039, -0.01161459, 0.01049054
0.575396, -0.02255318, -0.81752986
0.24168503, 0.93773351
0.00990501, 0.031234, 0.03379548
0.72368544, 0.09765923, 0.68315685
0.30182028, 0.80390026
0.00990501, 0.01141188, 0.03104577
0.9739067, 0.0426954, 0.22281563
0.27294329, 0.82580934
0.00990501, 0.00920305, 0.01805932
0.98370314, -0.07559435, -0.16309091
0.27195784, 0.88586506
-0.01039335, 0.00920305, 0.01805932
-0.98370314, -0.07559435, -0.16309091
0.27992368, 0.59939307
-0.00531873, 0.00939485, 0.00643287
-0.51612902, -0.37208167, -0.77141637
0.28166831, 0.54391426
-0.00531873, -0.02085449, 0.05720272
-0.47065645, 0.17676321, 0.86440629
0.23284745, 0.75828204
-0.01039335, -0.0207267, 0.04945176
-0.95669425, 0.05829035, 0.28513443
0.2328409, 0.71987256
-0.01039334, -0.02727987, 0.05079198
-0.95675528, 0.05868709, 0.28485978
0.2236001, 0.72451347
-0.01039334, -0.00130156, 0.02008817
-0.97805721, -0.03946043, -0.20441298
0.26408306, 0.60278583
-0.01039335, -0.00138083, 0.03957866
-0.94402903, 0.18298899, 0.27433088
0.26088259, 0.68742687
-0.00531873, -0.00150862, 0.04732964
-0.43433943, 0.49980164, 0.74932098
0.26033384, 0.72664326
-0.01039335, -0.01417328, 0.04811157
-0.938963, 0.14764854, 0.3106479
0.24200591, 0.71588275
0.00990502, -0.00138083, 0.03957865
0.94402903, 0.18298899, 0.27433088
0.25222248, 0.79715346
-0.01039336, -0.03160742, 0.01935674
-0.97772151, 0.02117985, -0.20874661
0.219815, 0.59056354
-0.01039335, -0.04297236, 0.01867399
-0.97885066, 0.01223792, -0.20407727
0.20363936, 0.58547041
-0.01039335, -0.04234244, 0.05392488
-0.95663321, 0.05929746, 0.28510392
0.20213887, 0.73583162
0.00990501, -0.02170685, 0.02073687
0.97860652, 0.02838221, -0.20365001
0.22548547, 0.8880403
0.00990502, -0.0207267, 0.04945176
0.95669425, 0.05829035, 0.28513443
0.22378811, 0.76597312
0.00990501, -0.02727987, 0.05079197
0.95675528, 0.05868709, 0.28485978
0.21454298, 0.76180732
0.0048304, -0.02151516, 0.00911038
0.546556, 0.11560412, -0.82937104
0.22657774, 0.94345788
0.00990502, -0.03160742, 0.01935674
0.97772151, 0.02117985, -0.20874661
0.21137038, 0.89606283
-0.01039334, -0.02170685, 0.02073687
-0.97860652, 0.02838221, -0.20365001
0.23397833, 0.59822017
0.00990503, -0.05740477, 0.05705776
0.95779288, 0.06588946, 0.27976316
0.17147177, 0.7414113
0.00990501, -0.09093, 0.06617752
0.95559555, 0.0773339, 0.28434095
0.12269486, 0.71324164
0.00990501, -0.08795717, 0.01814481
0.97888118, -0.00091556, -0.20432141
0.13175187, 0.91638737
-0.00531873, -0.04247023, 0.06167587
-0.47050387, 0.17966247, 0.86388743
0.20195308, 0.77554269
-0.01039334, -0.05740477, 0.05705776
-0.95779288, 0.06588946, 0.27976316
0.18044955, 0.74676648
0.00990502, -0.04234244, 0.05392488
0.95663321, 0.05929746, 0.28510392
0.19314744, 0.7514943
0.00990502, -0.04297236, 0.01867399
0.97885066, 0.01223792, -0.20407727
0.19527376, 0.90166125
0.00483039, -0.04278091, 0.00704751
0.54756308, 0.05017243, -0.83523059
0.19659826, 0.95548768
0.00990501, -0.05433753, 0.01799124
0.97805721, 0.00579852, -0.20822778
0.17924348, 0.90725749
-0.00531872, -0.1386738, 0.08498677
-0.47315896, 0.12005982, 0.87273782
0.06367758, 0.84991561
-0.01039335, -0.13854553, 0.07723567
-0.95751822, 0.03927732, 0.28565323
0.06404019, 0.81040588
-0.01039334, -0.15263654, 0.07917413
-0.74559772, -0.60426646, 0.28089237
0.04390129, 0.81606792
0.00990501, -0.12157683, 0.01829829
0.97759944, -0.01083407, -0.2100589
0.08435237, 0.9251733
0.0048304, -0.12138511, 0.00667181
0.54029971, -0.04147466, -0.8404187
0.08592815, 0.97832896
-0.01039334, -0.09093, 0.06617752
-0.95559555, 0.0773339, 0.28434095
0.13183285, 0.77665775
-0.01039335, -0.08795717, 0.01814481
-0.97888118, -0.00091556, -0.20432141
0.1399644, 0.57328609
-0.01039334, -0.12157683, 0.01829829
-0.97759944, -0.01083407, -0.2100589
0.09265964, 0.56645527
-0.00531872, -0.09105779, 0.0739285
-0.46732995, 0.23203222, 0.85305339
0.13130906, 0.81599978
-0.01039334, -0.12445523, 0.07529727
-0.95321512, 0.06271554, 0.29569384
0.08393013, 0.80469938
-0.01039335, -0.1604159, 0.02199938
-0.71645254, -0.69063389, -0.09845271
0.0001809, 0.91661392
-0.00024416, -0.16022398, 0.01037284
0.0, -0.73430586, -0.67879272
0.01345287, 0.96908387
0.00990502, -0.1604159, 0.02199939
0.71645254, -0.69063389, -0.09845271
0.02898788, 0.92253964
0.00990502, -0.14099647, 0.02014881
0.97866756, -0.01947081, -0.20447402
0.0567822, 0.92406999
0.00990503, -0.13854553, 0.07723567
0.95751822, 0.03927732, 0.28565323
0.05471446, 0.68192691
0.0048304, -0.16022398, 0.01037284
0.4367809, -0.62584305, -0.64613789
0.03051629, 0.97687435
-0.01039335, -0.14099647, 0.02014881
-0.97866756, -0.01947081, -0.20447402
0.06517484, 0.56854606
-0.01039335, -0.1604159, 0.02199938
-0.71645254, -0.69063389, -0.09845271
0.03751164, 0.57093745
-0.00024417, -0.14080431, 0.00852232
0.0, -0.09485152, -0.99548328
0.06642496, 0.49319261
-0.00024416, -0.16022398, 0.01037284
0.0, -0.73430586, -0.67879272
0.03869512, 0.49522299
-0.00531873, -0.16022398, 0.01037284
-0.4367809, -0.62584305, -0.64613789
0.03887123, 0.51686344
-0.00024416, -0.08776549, 0.00651831
0.0, -0.00454726, -0.99996948
0.14150843, 0.49757755
-0.00024417, -0.12138511, 0.00667181
0.0, -0.04974517, -0.99874872
0.09407278, 0.49197781
-0.00531873, -0.12138511, 0.00667181
-0.54029971, -0.04147466, -0.8404187
0.09400169, 0.5134176
-0.00024417, -0.04278091, 0.00704751
0.0, 0.05993835, -0.9981994
0.20544855, 0.50976101
-0.00024416, -0.05414584, 0.00636479
0.0, 0.02771081, -0.99960327
0.18924072, 0.50527889
-0.00531872, -0.05414584, 0.00636479
-0.54261911, 0.02322458, -0.83962524
0.18870838, 0.52679005
-0.00531873, -0.02151516, 0.00911038
-0.546556, 0.11560412, -0.82937104
0.23500152, 0.54285949
-0.00024416, -0.02151516, 0.00911038
0.0, 0.13806574, -0.99041718
0.23594661, 0.52067181
-0.00024417, -0.03141549, 0.00773022
0.0, 0.09906308, -0.99505597
0.22163655, 0.51498932
-0.00024417, -0.00110987, 0.00846169
0.0, -0.18961149, -0.9818415
0.26604107, 0.5252445
-0.00024417, -0.01161459, 0.01049054
0.0, -0.02612384, -0.99963379
0.25052205, 0.52558711
-0.00531873, -0.01161459, 0.01049054
-0.575396, -0.02255318, -0.81752986
0.25006175, 0.54851878
-0.00531873, -0.00110987, 0.00846169
-0.54435867, -0.15906247, -0.82360303
0.26633266, 0.54703504
-0.00024417, 0.00939485, 0.00643287
0.0, -0.35276344, -0.9356975
0.28118926, 0.5223721
-0.00531873, -0.03141549, 0.00773022
-0.54103214, 0.08288828, -0.83687854
0.22076941, 0.53658402
-0.00531873, -0.04278091, 0.00704751
-0.54756308, 0.05017243, -0.83523059
0.20472658, 0.53141111
-0.01039334, -0.05433753, 0.01799124
-0.97805721, 0.00579852, -0.20822778
0.18755955, 0.58045676
-0.00531872, -0.08776549, 0.00651831
-0.54768515, -0.00381481, -0.83666492
0.14117043, 0.5192261
-0.00531873, -0.14080431, 0.00852232
-0.54676962, -0.07940916, -0.83349103
0.06656944, 0.51477286
0.00483039, -0.14080431, 0.00852232
0.54676962, -0.07940916, -0.83349103
0.05840853, 0.97800599
-0.00024416, -0.16022398, 0.01037284
0.0, -0.73430586, -0.67879272
0.03041464, 0.99867834
-0.00024417, -0.12138511, 0.00667181
0.0, -0.04974517, -0.99874872
0.08612183, 0.9998191
-0.00024416, -0.08776549, 0.00651831
0.0, -0.00454726, -0.99996948
0.13367833, 0.99202906
0.00483046, -0.08776549, 0.00651831
0.54768515, -0.00381481, -0.83666492
0.13323192, 0.97041958
0.0048304, -0.05414584, 0.00636478
0.54261911, 0.02322458, -0.83962524
0.18062404, 0.96075081
-0.00024416, -0.05414584, 0.00636479
0.0, 0.02771081, -0.99960327
0.18127972, 0.98222292
0.00483039, -0.03141549, 0.00773022
0.54103214, 0.08288828, -0.83687854
0.21248773, 0.94978767
-0.00024417, -0.04278091, 0.00704751
0.0, 0.05993835, -0.9981994
0.19742335, 0.9770061
-0.00024416, -0.02151516, 0.00911038
0.0, 0.13806574, -0.99041718
0.2274892, 0.96505785
0.00483039, -0.00110987, 0.00846169
0.54435867, -0.15906247, -0.82360303
0.25811812, 0.93931694
-0.00024417, -0.01161459, 0.01049054
0.0, -0.02612384, -0.99963379
0.24193504, 0.96082611
-0.00024417, 0.00939485, 0.00643287
0.0, -0.35276344, -0.9356975
0.27346176, 0.96480373
0.00483039, 0.00939485, 0.00643287
0.51612902, -0.37208167, -0.77141637
0.27391037, 0.94248137
-0.00024416, -0.09105779, 0.07392851
0.0, 0.26245919, 0.96493423
0.12330407, 0.65240842
-0.00024416, -0.12458278, 0.08304825
0.0, 0.19977416, 0.97982728
0.07493047, 0.62719411
0.00483046, -0.12458278, 0.08304825
0.46317941, 0.17490157, 0.86880094
0.07398447, 0.64841118
-0.00024416, -0.1386738, 0.08498677
0.0, 0.13626514, 0.99066132
0.05487374, 0.621007
-0.00024417, -0.15276434, 0.08692512
0.0, -0.66335034, 0.74828333
0.03470475, 0.61560926
0.00483045, -0.15276434, 0.08692512
0.37806329, -0.57435834, 0.72603536
0.03406284, 0.63719717
0.00483039, -0.04247023, 0.06167587
0.47050387, 0.17966247, 0.86388743
0.1928125, 0.71197504
-0.00024417, -0.04247023, 0.06167587
0.0, 0.2036195, 0.97903377
0.19398454, 0.69060943
-0.00024416, -0.05753256, 0.06480881
0.0, 0.23316142, 0.97241127
0.17226589, 0.67994341
0.00483039, -0.00150862, 0.04732964
0.43433943, 0.49980164, 0.74932098
0.25137606, 0.75737622
-0.00024417, -0.00150862, 0.04732964
0.0, 0.55488753, 0.83190405
0.25426713, 0.73718116
-0.00024416, -0.01430131, 0.05586258
0.0, 0.38477737, 0.92300183
0.23417714, 0.71315739
-0.00024417, -0.02085449, 0.05720272
0.0, 0.20035401, 0.97970521
0.22495101, 0.70675161
-0.00024417, -0.0274079, 0.05854299
0.0, 0.20200202, 0.97936946
0.21559596, 0.7014387
0.00483039, -0.0274079, 0.05854299
0.47077852, 0.17825861, 0.8640095
0.21432711, 0.72263983
0.00483039, -0.02085449, 0.05720272
0.47065645, 0.17676321, 0.86440629
0.22351855, 0.72755256
0.0048304, -0.01430131, 0.05586257
0.4392224, 0.33524582, 0.83346051
0.23225608, 0.73310873
0.00990502, -0.01417328, 0.04811155
0.938963, 0.14764854, 0.3106479
0.23299491, 0.76949188
0.00483039, 0.01128384, 0.03879676
0.4539018, 0.33286539, 0.82650226
0.27153981, 0.78462206
-0.00024417, 0.01128384, 0.03879676
0.0, 0.55488753, 0.83190405
0.27455953, 0.76454395
0.0048304, -0.05753256, 0.06480882
0.47257912, 0.20676289, 0.85665458
0.17100562, 0.70148432
0.00483046, -0.1386738, 0.08498678
0.47315896, 0.12005982, 0.87273782
0.05419451, 0.64248082
0.00990501, -0.15263654, 0.07917412
0.74559772, -0.60426646, 0.28089237
0.03460278, 0.67687303
0.00483046, -0.09105779, 0.07392851
0.46732995, 0.23203222, 0.85305339
0.12200633, 0.67386925
0.00990502, -0.12445523, 0.07529727
0.95321512, 0.06271554, 0.29569384
0.07462748, 0.68697315
-0.00531872, -0.12458278, 0.08304825
-0.46317941, 0.17490157, 0.86880094
0.08344397, 0.84328748
-0.00024416, -0.12458278, 0.08304825
0.0, 0.19977416, 0.97982728
0.08451765, 0.86440268
-0.00024416, -0.05753256, 0.06480881
0.0, 0.23316142, 0.97241127
0.18144122, 0.80827643
-0.00531873, -0.05753256, 0.06480882
-0.47257912, 0.20676289, 0.85665458
0.18012659, 0.78676046
-0.00531872, -0.15276434, 0.08692511
-0.37806329, -0.57438886, 0.72603536
0.04346486, 0.85589164
-0.00024417, -0.15276434, 0.08692512
0.0, -0.66335034, 0.74828333
0.04417613, 0.87759868
-0.00024416, -0.1386738, 0.08498677
0.0, 0.13626514, 0.99066132
0.06445391, 0.87156904
-0.00531873, -0.0274079, 0.05854299
-0.47077852, 0.17825861, 0.8640095
0.22360109, 0.76388736
-0.00024417, -0.04247023, 0.06167587
0.0, 0.2036195, 0.97903377
0.20320922, 0.79707137
-0.00024417, -0.00150862, 0.04732964
0.0, 0.55488753, 0.83190405
0.26328442, 0.74587858
-0.00531872, -0.01430131, 0.05586258
-0.4392224, 0.33524582, 0.83346051
0.2415262, 0.75224756
-0.00024417, 0.01128384, 0.03879676
0.0, 0.55488753, 0.83190405
0.28288534, 0.71823794
-0.00024417, -0.0274079, 0.05854299
0.0, 0.20200202, 0.97936946
0.22499929, 0.78538062
-0.00024417, -0.02085449, 0.05720272
0.0, 0.20035401, 0.97970521
0.23450418, 0.77946013
-0.00024417, 0.00939485, 0.00643287
0.0, -0.35276344, -0.9356975
0.27756855, 0.46716887
-0.00531872, 0.01128384, 0.03879676
-0.4539018, 0.33286539, 0.82650226
0.27953863, 0.69816673
0.00483039, 0.01128384, 0.03879676
0.4539018, 0.33286539, 0.82650226
0.27904594, 0.74177611
-0.00024417, 0.31146869, 0.01225196
0.0, 0.07794427, 0.99694812
0.71145719, 0.70621011
-0.00024417, 0.34072682, 0.00920399
0.0, 0.73726612, 0.67555773
0.75205618, 0.69661406
-0.00531873, 0.34072682, 0.00920399
-0.33845028, 0.64952546, 0.68083745
0.75150442, 0.67560312
-0.00531873, 0.31146869, 0.01225196
-0.43342388, 0.06982635, 0.89846492
0.71102476, 0.68504217
-0.00531873, 0.18681684, 0.01877384
-0.30570391, 0.26612139, 0.91415143
0.5359121, 0.70794323
-0.00024417, 0.18681684, 0.01877384
0.0, 0.13724174, 0.99050874
0.53622818, 0.72944665
0.0048304, 0.31146869, 0.01225196
0.43342388, 0.06982635, 0.89846492
0.71133536, 0.78553188
-0.00024417, 0.34072682, 0.00920399
0.0, 0.73726612, 0.67555773
0.75319415, 0.77231811
-0.00024417, 0.31146869, 0.01225196
0.0, 0.07794427, 0.99694812
0.71169847, 0.7639368
-0.00024417, 0.18681684, 0.01877384
0.0, 0.13724174, 0.99050874
0.53290755, 0.74575844
-0.01039335, 0.24510941, -0.01117645
-0.9015168, -0.29984435, -0.31192967
0.62624782, 0.63043502
0.00990502, 0.24510941, -0.01117645
0.9015168, -0.29984435, -0.31192967
0.62954545, 0.54372877
-0.00531873, 0.29362151, -0.02555179
-0.44599751, 0.00903348, -0.89495528
0.68706036, 0.51344335
-0.01039336, 0.34159204, -0.01833859
-0.7294839, 0.64094973, -0.23868527
0.75325108, 0.55369166
-0.01039335, 0.34155247, -0.01020107
-0.70195621, 0.71181369, 0.02264473
0.7832073, 0.88115987
-0.00024417, 0.34170291, -0.02506637
0.0, 0.71459091, -0.69951475
0.76952308, 0.94547881
0.00990502, 0.29351065, -0.018824
0.94824058, 0.00320444, -0.31745353
0.68699729, 0.92567653
-0.01039335, 0.24542913, -0.01930938
-0.73110139, -0.62993258, -0.26197088
0.63783699, 0.63440183
-0.00024417, 0.24554011, -0.0260372
0.0, -0.69389933, -0.72005373
0.64906657, 0.59432814
-0.00024417, 0.29362151, -0.02555179
0.0, 0.01007111, -0.99993896
0.68774855, 0.98286839
-0.00024417, 0.34170291, -0.02506637
0.0, 0.71459091, -0.69951475
0.75564635, 0.97549245
0.00483045, 0.34170291, -0.02506638
0.35041353, 0.6284982, -0.69435716
0.75538695, 0.95399528
0.00483039, 0.29362151, -0.02555179
0.44599751, 0.00903348, -0.89495528
0.68748903, 0.96137137
0.00990502, 0.34159204, -0.01833859
0.7294839, 0.64094973, -0.23868527
0.75489527, 0.91830038
0.00483039, 0.24554011, -0.0260372
0.35004729, -0.60963774, -0.71117282
0.619591, 0.96874761
-0.00024417, 0.24554011, -0.0260372
0.0, -0.69389933, -0.72005373
0.61985046, 0.99024467
-0.00531873, 0.34170291, -0.02506637
-0.35041353, 0.62852871, -0.69435716
0.75361776, 0.51869965
-0.00024417, 0.34170291, -0.02506637
0.0, 0.71459091, -0.69951475
0.75380272, 0.49762684
-0.00531873, 0.24554011, -0.0260372
-0.35004729, -0.60963774, -0.71117282
0.62050211, 0.5081872
-0.00024417, 0.29362151, -0.02555179
0.0, 0.01007111, -0.99993896
0.68724531, 0.49237061
-0.01039335, 0.24542913, -0.01930938
-0.73110139, -0.62993258, -0.26197088
0.62013549, 0.54317942
-0.00413135, 0.52524424, 0.00046535
-0.54899746, 0.62108219, 0.55928218
0.94572252, 0.2133773
-0.00364246, 0.3391802, -0.01489913
-0.54893643, -0.6392712, 0.5384686
0.66760033, 0.21434861
-0.00025448, 0.33931515, -0.02307739
0.0, -0.61735892, -0.78664511
0.6669485, 0.2146154
0.00809279, 0.02988622, -0.00274451
0.57560962, -0.58207953, 0.57426679
0.31660682, 0.24868637
0.0056207, 0.03019223, -0.02130225
0.60103154, -0.62834561, -0.49388105
0.28990042, 0.25215
0.0056207, 0.03019223, -0.02130225
0.60103154, -0.62834561, -0.49388105
0.28063488, 0.25734466
0.00562069, 0.24545333, -0.02814366
0.52146977, 0.59666735, -0.6099124
0.66196889, 0.16650689
-0.00643531, 0.24545333, -0.02814366
-0.52278209, 0.5950194, -0.61040074
0.65895963, 0.11565465
-0.00812187, 0.13249654, 0.02171037
-0.65846735, -0.70995206, 0.24967192
0.7839247, 0.56060824
0.00743344, 0.13249654, 0.02171037
0.65846735, -0.70995206, 0.24967192
0.82998663, 0.75434783
-0.00533107, 0.18012077, 0.01294573
-0.98971528, 0.13516648, -0.04644917
0.89657074, 0.48486429
0.00371245, 0.21276721, -0.00122305
0.73165077, 0.59648424, -0.32993561
0.97651267, 0.60455316
-0.01039334, 0.031234, 0.03379548
-0.72368544, 0.09765923, 0.68315685
0.30924338, 0.67935738
-0.01039335, 0.13555005, -0.00901779
-0.6146428, 0.36481827, -0.69936216
0.46555531, 0.55337849
-0.01039335, 0.18723491, -0.01155804
-0.61095005, -0.38666952, -0.69078648
0.53895795, 0.57181153
0.00483039, 0.34072682, 0.00920399
0.33845028, 0.64952546, 0.68083745
0.76085734, 0.80084956
-0.00531873, 0.34072682, 0.00920399
-0.33845028, 0.64952546, 0.68083745
0.77519119, 0.79951867
-0.01039335, 0.3408334, 0.00274508
-0.72280037, 0.64278084, 0.25357831
0.75165486, 0.64142177
-0.01039335, -0.01180628, 0.02211704
-0.98297065, -0.00412, -0.18366039
0.24826375, 0.60664704
-0.01039334, -0.15263654, 0.07917413
-0.74559772, -0.60426646, 0.28089237
0.00579581, 0.67094734
-0.00024417, -0.15276434, 0.08692512
0.0, -0.66335034, 0.74828333
0.02095372, 0.64090556
-0.00531872, -0.15276434, 0.08692511
-0.37806329, -0.57438886, 0.72603536
0.01375196, 0.63942412
0.00483045, -0.15276434, 0.08692512
0.37806329, -0.57435834, 0.72603536
0.02815545, 0.64238703
0.0048304, -0.16022398, 0.01037284
0.4367809, -0.62584305, -0.64613789
0.02065467, 0.97056529
-0.00531873, -0.16022398, 0.01037284
-0.4367809, -0.62584305, -0.64613789
0.00625106, 0.96760247
-0.00024417, -0.14080431, 0.00852232
0.0, -0.09485152, -0.99548328
0.05835439, 0.99981812
-0.00024417, -0.03141549, 0.00773022
0.0, 0.09906308, -0.99505597
0.21345749, 0.97106178
-0.00024417, -0.00110987, 0.00846169
0.0, -0.18961149, -0.9818415
0.25777423, 0.96196638
-0.00024416, -0.09105779, 0.07392851
0.0, 0.26245919, 0.96493423
0.1326762, 0.83714329
-0.00024416, -0.01430131, 0.05586258
0.0, 0.38477737, 0.92300183
0.24379979, 0.77175911
-0.00531873, 0.00939485, 0.00643287
-0.51612902, -0.37208167, -0.77141637
0.27687028, 0.48888874
0.00483039, 0.00939485, 0.00643287
0.51612902, -0.37208167, -0.77141637
0.27851909, 0.44553566
-0.00531873, 0.18681684, 0.01877384
-0.30570391, 0.26612139, 0.91415143
0.53315389, 0.72395393
-0.01039336, 0.34159204, -0.01833859
-0.7294839, 0.64094973, -0.23868527
0.78356302, 0.91563872
0.00483045, 0.34170291, -0.02506638
0.35041353, 0.6284982, -0.69435716
0.76235622, 0.94614421
-0.00531873, 0.34170291, -0.02506637
-0.35041353, 0.62852871, -0.69435716
0.77669013, 0.94481341
0.00990502, 0.24542913, -0.01930938
0.73110139, -0.62993258, -0.26197088
0.61909932, 0.93305279
0.00990502, 0.24542913, -0.01930938
0.73110139, -0.62993258, -0.26197088
0.64113462, 0.54769558
0.00483039, 0.24554011, -0.0260372
0.35004729, -0.60963774, -0.71117282
0.64989096, 0.57265162
-0.00531873, 0.24554011, -0.0260372
-0.35004729, -0.60963774, -0.71117282
0.64824218, 0.61600465
-0.00024417, 0.24554011, -0.0260372
0.0, -0.69389933, -0.72005373
0.62068701, 0.48711431
# Number of Faces:
541
# Face Data:
0, 1, 2
1, 3, 4
5, 6, 7
7, 6, 8
8, 9, 10
10, 9, 11
12, 13, 9
14, 0, 15
16, 14, 17
15, 4, 18
19, 20, 21
21, 22, 23
24, 25, 26
26, 27, 28
28, 27, 29
30, 29, 31
32, 33, 34
35, 19, 36
37, 35, 38
39, 40, 28
22, 12, 5
27, 32, 34
29, 34, 41
42, 7, 43
44, 43, 10
38, 36, 39
10, 45, 46
47, 38, 48
49, 50, 13
11, 50, 49
39, 36, 21
21, 25, 24
23, 7, 26
13, 12, 22
26, 51, 32
52, 53, 46
54, 42, 44
55, 56, 42
46, 45, 49
57, 44, 53
58, 22, 59
34, 33, 41
60, 32, 51
60, 33, 32
61, 62, 51
62, 60, 51
49, 58, 63
51, 42, 61
20, 64, 59
51, 26, 7
20, 59, 22
42, 56, 61
64, 65, 59
66, 54, 57
67, 57, 52
46, 68, 69
63, 59, 70
52, 71, 16
68, 63, 72
59, 65, 73
69, 72, 0
74, 66, 67
71, 69, 14
72, 70, 1
18, 67, 75
4, 76, 66
75, 16, 77
54, 66, 78
70, 79, 80
70, 73, 79
55, 54, 81
3, 1, 80
66, 76, 78
82, 83, 84
85, 86, 87
88, 89, 90
89, 91, 92
84, 93, 88
94, 95, 83
96, 97, 98
99, 100, 89
100, 101, 91
102, 97, 96
103, 104, 105
106, 90, 107
84, 106, 108
90, 92, 109
110, 111, 104
83, 103, 93
95, 110, 103
102, 112, 97
98, 97, 113
97, 112, 113
114, 115, 113
105, 116, 117
118, 119, 120
121, 122, 119
122, 121, 123
124, 125, 120
119, 122, 126
127, 128, 129
126, 122, 127
124, 126, 130
131, 129, 128
130, 129, 132
127, 123, 133
134, 135, 136
137, 138, 139
138, 140, 141
142, 136, 143
144, 145, 146
147, 148, 149
150, 151, 152
145, 151, 150
153, 143, 154
155, 156, 157
158, 159, 160
154, 161, 158
156, 158, 162
141, 140, 163
164, 165, 166
167, 163, 168
152, 169, 170
161, 170, 159
171, 172, 173
159, 170, 174
159, 175, 176
168, 177, 165
178, 179, 180
171, 181, 182
183, 184, 185
183, 185, 186
187, 188, 189
190, 191, 192
193, 142, 194
136, 142, 193
195, 196, 197
134, 198, 199
200, 199, 201
191, 202, 187
203, 204, 205
206, 207, 208
209, 206, 210
201, 211, 196
212, 213, 214
215, 205, 216
210, 217, 218
219, 218, 220
221, 222, 223
214, 224, 225
226, 227, 228
229, 226, 230
231, 232, 233
234, 235, 233
234, 233, 236
222, 237, 238
239, 240, 241
242, 243, 244
245, 246, 247
248, 249, 250
251, 252, 253
198, 254, 253
193, 194, 254
194, 255, 251
248, 256, 203
253, 248, 211
252, 249, 248
257, 247, 258
256, 257, 204
250, 245, 257
227, 259, 244
258, 247, 259
246, 242, 259
237, 260, 241
228, 244, 260
243, 239, 260
261, 236, 262
263, 225, 261
224, 234, 261
264, 265, 225
266, 265, 264
220, 214, 265
219, 266, 267
268, 219, 269
268, 210, 218
270, 209, 268
189, 209, 270
189, 188, 206
271, 189, 272
273, 274, 271
192, 187, 271
275, 276, 277
278, 279, 280
281, 282, 283
284, 285, 286
287, 288, 289
290, 289, 208
291, 290, 207
286, 287, 290
284, 291, 292
293, 284, 202
294, 285, 284
281, 295, 212
289, 281, 217
288, 282, 281
296, 280, 297
277, 296, 235
276, 278, 296
298, 277, 299
295, 298, 213
295, 283, 275
229, 300, 301
302, 303, 229
303, 216, 226
221, 304, 305
300, 221, 306
300, 230, 222
215, 303, 302
307, 215, 308
307, 197, 205
309, 200, 310
311, 135, 200
135, 134, 199
195, 307, 312
310, 195, 313
310, 201, 196
137, 192, 274
149, 148, 314
315, 316, 144
190, 293, 191
317, 318, 319
184, 320, 319
174, 321, 320
322, 317, 320
323, 182, 324
166, 323, 325
165, 171, 323
174, 170, 321
170, 169, 326
175, 327, 328
329, 186, 330
331, 173, 332
173, 172, 333
327, 334, 335
336, 337, 338
339, 338, 340
341, 339, 333
342, 336, 339
329, 343, 344
345, 329, 346
345, 347, 186
15, 0, 2
2, 1, 4
23, 5, 7
43, 7, 8
43, 8, 10
45, 10, 11
6, 5, 12
12, 8, 6
50, 11, 9
9, 13, 50
9, 8, 12
17, 14, 15
77, 16, 17
18, 17, 15
18, 348, 77
4, 74, 18
15, 2, 4
18, 77, 17
36, 19, 21
25, 21, 23
349, 24, 26
349, 26, 28
30, 28, 29
350, 30, 31
38, 35, 36
47, 37, 38
350, 48, 39
39, 30, 350
24, 349, 28
28, 40, 24
28, 30, 39
23, 22, 5
29, 27, 34
31, 29, 41
44, 42, 43
53, 44, 10
48, 38, 39
53, 10, 46
350, 47, 48
58, 49, 13
45, 11, 49
40, 39, 21
40, 21, 24
25, 23, 26
58, 13, 22
27, 26, 32
71, 52, 46
57, 54, 44
54, 55, 42
68, 46, 49
52, 57, 53
63, 58, 59
68, 49, 63
42, 51, 7
21, 20, 22
67, 66, 57
75, 67, 52
71, 46, 69
72, 63, 70
75, 52, 16
69, 68, 72
70, 59, 73
14, 69, 0
18, 74, 67
16, 71, 14
0, 72, 1
348, 18, 75
74, 4, 66
348, 75, 77
81, 54, 78
1, 70, 80
351, 82, 84
87, 352, 85
352, 87, 96
351, 108, 86
86, 85, 351
106, 88, 90
90, 89, 92
88, 106, 84
105, 99, 88
88, 93, 105
82, 94, 83
353, 96, 98
88, 99, 89
89, 100, 91
87, 102, 96
93, 103, 105
108, 106, 107
351, 84, 108
107, 90, 109
103, 110, 104
84, 83, 93
83, 95, 103
112, 114, 113
117, 99, 105
354, 355, 117
117, 116, 354
356, 118, 120
357, 121, 119
127, 122, 123
126, 124, 120
120, 119, 126
130, 127, 129
130, 126, 127
358, 124, 130
359, 131, 128
358, 130, 132
128, 127, 133
190, 137, 139
139, 138, 141
153, 142, 143
360, 144, 146
155, 147, 149
161, 150, 152
146, 145, 150
361, 153, 154
147, 155, 157
162, 158, 160
361, 154, 158
157, 156, 162
167, 141, 163
164, 167, 168
161, 152, 170
158, 161, 159
172, 171, 165
171, 173, 181
165, 177, 172
362, 159, 174
160, 159, 176
164, 168, 165
331, 178, 173
178, 180, 363
180, 179, 364
179, 178, 331
323, 171, 182
174, 183, 362
184, 365, 185
183, 174, 184
186, 347, 183
185, 330, 186
271, 187, 189
137, 190, 192
134, 136, 193
307, 195, 197
366, 201, 199
198, 134, 193
198, 366, 199
310, 200, 201
202, 188, 187
187, 192, 191
202, 292, 188
258, 216, 205
205, 197, 203
204, 258, 205
292, 206, 188
206, 208, 210
206, 292, 207
268, 209, 210
211, 197, 196
211, 201, 366
197, 211, 203
213, 224, 214
214, 220, 212
224, 213, 299
303, 215, 216
217, 220, 218
217, 210, 208
217, 212, 220
266, 219, 220
304, 221, 223
265, 214, 225
227, 226, 216
226, 228, 230
216, 258, 227
300, 229, 230
297, 367, 231
367, 368, 369
368, 297, 370
232, 371, 233
231, 372, 232
297, 368, 367
231, 233, 297
299, 234, 224
235, 297, 233
234, 299, 235
261, 234, 236
237, 222, 230
222, 238, 223
230, 228, 237
260, 239, 241
259, 242, 244
257, 245, 247
256, 248, 250
254, 251, 253
366, 198, 253
198, 193, 254
254, 194, 251
211, 248, 203
366, 253, 211
253, 252, 248
204, 257, 258
203, 256, 204
256, 250, 257
228, 227, 244
227, 258, 259
247, 246, 259
238, 237, 241
237, 228, 260
244, 243, 260
373, 261, 262
373, 263, 261
225, 224, 261
263, 264, 225
267, 266, 264
266, 220, 265
269, 219, 267
374, 268, 269
219, 268, 218
374, 270, 268
272, 189, 270
209, 189, 206
375, 271, 272
375, 273, 271
274, 192, 271
298, 275, 277
296, 278, 280
295, 281, 283
291, 284, 286
290, 287, 289
207, 290, 208
292, 291, 207
291, 286, 290
202, 284, 292
191, 293, 202
293, 294, 284
217, 281, 212
208, 289, 217
289, 288, 281
235, 296, 297
299, 277, 235
277, 276, 296
213, 298, 299
212, 295, 213
298, 295, 275
376, 229, 301
376, 302, 229
229, 303, 226
306, 221, 305
301, 300, 306
221, 300, 222
308, 215, 302
312, 307, 308
215, 307, 205
377, 309, 310
309, 311, 200
200, 135, 199
313, 195, 312
377, 310, 313
195, 310, 196
314, 378, 149
148, 379, 314
360, 315, 144
320, 317, 319
365, 184, 319
184, 174, 320
321, 322, 320
325, 323, 324
326, 166, 325
166, 165, 323
326, 380, 170
169, 166, 326
176, 175, 328
343, 329, 330
332, 381, 331
340, 382, 332
332, 383, 381
332, 173, 340
333, 340, 173
172, 384, 333
335, 385, 328
385, 335, 386
335, 334, 387
335, 328, 327
339, 336, 338
333, 339, 340
384, 341, 333
341, 342, 339
346, 329, 344
388, 345, 346
329, 345, 186
