# Project Zomboid Skinned Mesh
# File Version:
1.0
# Model Name:
Cylinder.001
# Vertex Stride Element Count:
3
# Vertex Stride Size (in bytes):
76
# Vertex Stride Data:
# (Int)    Offset
# (String) Type
0
VertexArray
12
NormalArray
24
TextureCoordArray
# Vertex Count:
253
# Vertex Buffer:
-0.0072993, 0.21765, 0.03716186
-0.63570052, 0.64119387, -0.42976165
0.16048963, 0.97050355
-0.00630041, 0.21306017, 0.04430117
-0.77248454, 0.32792139, 0.54374826
0.15656851, 0.98090561
-0.00194922, 0.21694782, 0.04466499
0.0, 0.74810022, 0.66356397
0.17035155, 0.98395548
-0.0072993, 0.20384115, 0.03586959
-0.72582173, 0.06408887, -0.68486589
0.14953527, 0.9679494
-0.0072993, 0.1900326, 0.03457734
-0.63570052, -0.55030978, -0.54127628
0.14401311, 0.96471324
-0.00630041, 0.19321781, 0.04244426
-0.77248454, -0.42313913, 0.47346416
0.14238256, 0.96572158
0.00340081, 0.1900326, 0.03457734
0.63570052, -0.55030978, -0.54127628
0.14394733, 0.96331628
0.00240195, 0.19321781, 0.04244426
0.77248454, -0.42313913, 0.47346416
0.14240073, 0.9623724
-0.00194921, 0.18933043, 0.04208046
0.0, -0.8582415, 0.51322979
0.14278923, 0.96402548
0.00340081, 0.20384115, 0.03586959
0.72582173, 0.06408887, -0.68486589
0.14981548, 0.95981933
0.00340081, 0.21765, 0.03716186
0.63570052, 0.64119387, -0.42976165
0.16064601, 0.9579868
0.00240195, 0.21306017, 0.04430117
0.77248454, 0.32792139, 0.54374826
0.15679064, 0.94723433
0.00240195, 0.19757695, 0.04578574
0.8586688, -0.47315896, 0.19681387
0.14014392, 0.95893997
-0.00194921, 0.19550383, 0.04559173
0.0, -0.84878081, 0.52870268
0.13884377, 0.96403696
-0.00194922, 0.21765, 0.03716186
0.0, 0.76989043, -0.63814205
0.16833292, 0.96373639
0.00240195, 0.19731213, 0.05113914
0.80071414, -0.59379864, -0.07876828
0.13356411, 0.95766427
-0.00194921, 0.19533092, 0.05095373
0.0, -0.98968476, -0.14325388
0.13287471, 0.96399479
-0.00630041, 0.20815673, 0.04677583
-0.8586688, 0.42841884, 0.28119755
0.14758655, 0.98176046
-0.00194922, 0.21022984, 0.04696986
0.0, 0.73595387, 0.67699212
0.15252119, 0.99159639
0.00340081, 0.20313899, 0.04337271
0.99966431, -0.00234993, 0.02517777
0.14480294, 0.95460053
0.00240195, 0.20815673, 0.04677583
0.8586688, 0.42841884, 0.28119755
0.14776775, 0.94622362
-0.0072993, 0.20313899, 0.04337271
-0.99966431, -0.00234993, 0.02517777
0.14470239, 0.97330513
-0.00630041, 0.19757695, 0.04578574
-0.8586688, -0.47315896, 0.19684438
0.14009315, 0.96907094
0.00240195, 0.20742369, 0.05208544
0.80074465, 0.59807122, 0.03274636
0.13786113, 0.94159273
0.00240195, 0.20783707, 0.06190267
0.80990022, 0.58641315, 0.01159703
0.11947769, 0.93811131
0.00340081, 0.20146075, 0.06130595
0.99996948, 0.00057985, -0.00619526
0.12058159, 0.94873472
-0.0072993, 0.20286685, 0.04628078
-0.99996948, -0.00018311, 0.00207526
0.14210214, 0.97494041
-0.00630041, 0.19731213, 0.05113914
-0.80071414, -0.59379864, -0.07876828
0.13352498, 0.97028453
-0.00630041, 0.20742369, 0.05208544
-0.80074465, 0.59807122, 0.03274636
0.13773873, 0.98627277
-0.00194922, 0.20940515, 0.05227088
0.0, 0.99905396, 0.04281747
0.14073756, 0.99634988
0.00340081, 0.20286685, 0.04628078
0.99996948, -0.00018311, 0.00207526
0.14220151, 0.95297047
-0.0072993, 0.20146075, 0.06130595
-0.99996948, 0.00054933, -0.00619526
0.12053872, 0.97912613
-0.00630041, 0.19508469, 0.0607092
-0.80990022, -0.57838678, -0.09738456
0.12073994, 0.96998869
-0.00630041, 0.19399548, 0.07527508
-0.80767238, -0.58952606, -0.0085757
0.10535137, 0.9680739
0.00240195, 0.19508469, 0.0607092
0.80990022, -0.57838678, -0.09738456
0.1207593, 0.95789672
-0.00630041, 0.20783707, 0.06190267
-0.80990022, 0.58644366, 0.01159703
0.1194277, 0.98969692
0.00340081, 0.2001, 0.07584636
0.99996948, -0.00054933, 0.00613422
0.10245503, 0.9540516
0.00240195, 0.2062043, 0.07641762
0.80767238, 0.58085877, 0.10095523
0.09660964, 0.94705198
0.00240195, 0.2043477, 0.08528899
0.61943418, 0.39326152, 0.67940307
0.09256552, 0.9585523
-0.00630042, 0.20620453, 0.07641764
-0.80767238, 0.58088928, 0.10095523
0.09665159, 0.98080042
-0.00194922, 0.20859654, 0.0766415
0.0, 0.98382521, 0.17899106
0.08812853, 0.98868179
0.00240195, 0.19399548, 0.07527508
0.80767238, -0.58952606, -0.0085757
0.10534438, 0.95978466
-0.00194921, 0.19160351, 0.07505123
0.0, -0.99996948, -0.00665304
0.10599732, 0.96392875
-0.00194922, 0.19926089, 0.08481294
0.0, -0.09314249, 0.99563587
0.09600151, 0.9639327
-0.0072993, 0.19926089, 0.08481294
-0.74562824, -0.06207465, 0.6634419
0.09718543, 0.96776035
-0.00630041, 0.19417407, 0.08433703
-0.61943418, -0.51246679, 0.59465313
0.09967812, 0.96611151
0.00240195, 0.19417407, 0.08433703
0.61943418, -0.51246679, 0.59465313
0.09967355, 0.96175015
-0.00194921, 0.19218089, 0.08415049
0.0, -0.80001223, 0.59993285
0.10042948, 0.96393044
-0.0072993, 0.2001, 0.07584636
-0.99996948, -0.00054933, 0.00613422
0.10246733, 0.97380052
-0.00630042, 0.2043477, 0.08528899
-0.61943418, 0.39326152, 0.67940307
0.09257827, 0.96932288
-0.00194922, 0.20634091, 0.0854755
0.0, 0.67482531, 0.73796809
0.07898267, 0.96396943
0.00340081, 0.19926089, 0.08481294
0.74562824, -0.06207465, 0.6634419
0.09717833, 0.96010375
-0.0072993, 0.2023679, 0.05161228
-0.99996948, 0.0, 0.0
0.1350863, 0.97739633
0.00340081, 0.2023679, 0.05161228
1.0, 0.0, 0.0
0.13517186, 0.95049932
-0.00194921, 0.20384115, 0.03586959
0.0, 0.09317301, -0.99563587
0.15049018, 0.96372632
-0.00194921, 0.1900326, 0.03457734
0.0, -0.63814205, -0.76989043
0.14407249, 0.96400529
-0.00194922, 0.20859654, 0.0766415
0.0, 0.98382521, 0.17899106
0.08805055, 0.93917653
-0.00194921, 0.19258606, 0.06047537
0.0, -0.98532057, -0.17053743
0.12063564, 0.96394421
-0.00194922, 0.21033546, 0.06213647
0.0, 0.99987793, 0.01522874
0.11824208, 0.92780528
-0.00194922, 0.20940515, 0.05227088
0.0, 0.99905396, 0.04281747
0.14092574, 0.93144962
-0.00194922, 0.21022984, 0.04696986
0.0, 0.73595387, 0.67699212
0.15284982, 0.93636327
-0.00194922, 0.21694782, 0.04466499
0.0, 0.74810022, 0.66356397
0.17035155, 0.94437097
-0.01162259, 0.37085786, 0.04267663
-0.77636033, 0.62752157, 0.05871761
0.07151274, 0.01093948
-0.00885729, 0.3714799, 0.03602974
-0.54896694, 0.67867059, -0.48786891
0.07480907, 5.513e-05
-0.00885731, 0.23047735, 0.02283419
-0.54896694, -0.57634205, -0.60530412
0.06982674, 0.98949945
-0.00218134, 0.37173757, 0.03327641
0.0, 0.69985044, -0.71425521
0.07782317, 0.01105392
-0.00218135, 0.230735, 0.02008095
0.0, -0.55516219, -0.83172095
0.07308633, 0.99994487
0.00449465, 0.3714799, 0.03602974
0.54896694, 0.67867059, -0.48783839
0.07887241, 0.0190469
0.00449467, 0.23047735, 0.02283419
0.54896694, -0.57634205, -0.60530412
0.07663775, 0.98985541
0.00725989, 0.37085786, 0.04267663
0.77636033, 0.62752157, 0.05871761
0.0772184, 0.02438676
0.00725991, 0.2298553, 0.02948113
0.77636033, -0.62752157, -0.05871761
0.07721823, 0.98181419
0.00449465, 0.3702358, 0.04932357
0.54896694, 0.57634205, 0.60530412
0.07484055, 0.02598524
-0.00218134, 0.36997816, 0.05207681
0.0, 0.55516219, 0.83172095
0.07232349, 0.0240646
-0.00218135, 0.22897561, 0.03888128
0.0, -0.69985044, 0.71425521
0.07292616, 0.9745041
-0.0088573, 0.3702358, 0.04932357
-0.54896694, 0.57634205, 0.60530412
0.07084423, 0.01891148
-0.0116226, 0.2298553, 0.02948113
-0.77636033, -0.62749106, -0.05871761
0.06937308, 0.9812433
-0.00885731, 0.22923326, 0.03612805
-0.54896694, -0.67867059, 0.48786891
0.07027863, 0.97639964
-0.00625208, 0.23154809, 0.02940742
-0.77636033, 0.62752157, 0.05871761
0.08024704, 0.82697387
-0.00503143, 0.23182267, 0.02647327
-0.54896694, 0.67864007, -0.48786891
0.08047035, 0.8401048
-0.00503143, 0.22352365, 0.02569665
-0.54896694, -0.57634205, -0.60530412
0.08294172, 0.884348
-0.00208449, 0.23193641, 0.02525794
0.0, 0.69985044, -0.71425521
0.08188375, 0.84484769
-0.00208449, 0.22363737, 0.02448129
0.0, -0.55516219, -0.83172095
0.08283681, 0.90934007
0.00086245, 0.23182267, 0.02647327
0.54896694, 0.67867059, -0.48786891
0.0823169, 0.83947143
0.00086246, 0.22352365, 0.02569665
0.54896694, -0.57634205, -0.60530412
0.08274946, 0.88487732
0.0020831, 0.23154809, 0.02940742
0.77636033, 0.62752157, 0.05871761
0.08224315, 0.8280734
0.0020831, 0.22324905, 0.02863078
0.77636033, -0.62749106, -0.05871761
0.08224316, 0.86714301
0.00086245, 0.2312735, 0.03234154
0.54896694, 0.57634205, 0.60530412
0.08257268, 0.80945292
-0.00208449, 0.23115978, 0.03355688
0.0, 0.55516219, 0.83172095
0.08007319, 0.77963677
-0.00208449, 0.22286074, 0.03278023
0.0, -0.69985044, 0.71425521
0.08102062, 0.84790595
-0.00503143, 0.22297448, 0.0315649
-0.54899746, -0.67864007, 0.48786891
0.08091024, 0.85415934
-0.00503143, 0.2312735, 0.03234154
-0.54896694, 0.57634205, 0.60530412
0.07898267, 0.80990158
-0.00625207, 0.22324905, 0.02863078
-0.77636033, -0.62749106, -0.05871761
0.0830579, 0.86556733
-0.00896021, 0.15223812, 0.0695658
-0.57847834, 0.77611619, -0.25089267
0.37715936, 0.91371164
-0.00896021, 0.12239762, 0.1294989
-0.57621998, 0.25138095, 0.77764213
0.10862343, 0.92769502
0.00415412, 0.12239762, 0.1294989
0.57621998, 0.25138095, 0.77764213
0.07898267, 0.9181422
-0.0089602, 0.13551293, 0.06078447
-0.57621998, -0.25138095, -0.77764213
0.41304624, 0.90945033
-0.0089602, 0.10567272, 0.12071753
-0.57847834, -0.77611619, 0.25089267
0.1240361, 0.91605736
0.00415413, 0.13551293, 0.06078447
0.57621998, -0.25138095, -0.77764213
0.38394234, 0.92053157
0.00415413, 0.10567272, 0.12071753
0.57847834, -0.77611619, 0.25089267
0.1150426, 0.92053156
0.00415413, 0.15223812, 0.0695658
0.57847834, 0.77611619, -0.25089267
0.36794528, 0.90971116
-0.01096362, 0.06438847, -0.01426455
-0.63557845, 0.48368785, -0.60170293
0.06312463, 0.21183676
-0.01096362, 0.06275889, 0.00314849
-0.66716516, 0.45970032, 0.58610797
0.0658646, 0.25363868
0.00652555, 0.0627589, 0.00314849
0.66716516, 0.45970032, 0.58610797
0.06361735, 0.26591331
-0.00598037, 0.04686882, -0.01040321
-0.63002414, -0.30433059, -0.7144078
0.0606711, 0.27622133
-0.00598037, 0.04541543, 0.0029516
-0.65816218, -0.13168737, 0.74123359
0.0656609, 0.29354864
-0.00598037, 0.03866494, -0.00762369
-0.75609607, -0.07895138, -0.64964753
0.0574179, 0.31143206
0.00154224, 0.04686882, -0.01040321
0.63002414, -0.30433059, -0.7144078
0.06616885, 0.28488231
0.00652555, 0.06438847, -0.01426455
0.63557845, 0.48368785, -0.60170293
0.06221256, 0.25009888
0.00154224, 0.04541543, 0.0029516
0.65816218, -0.13168737, 0.74123359
0.06149299, 0.29379499
-0.00598037, 0.03755153, 0.00209564
-0.7093417, -0.06921598, 0.7014069
0.06526552, 0.3205213
-0.00598037, -0.00197274, -0.00140675
-0.77590257, 0.12253182, 0.61879331
0.06241855, 0.7277385
0.00154225, -0.00197274, -0.00140675
0.77590257, 0.12253182, 0.61879331
0.06234581, 0.72781849
0.00154224, 0.03755153, 0.00209564
0.7093417, -0.06921598, 0.7014069
0.061289, 0.32100874
0.00154224, 0.03866494, -0.00762369
0.75609607, -0.07895138, -0.64964753
0.06926272, 0.31326973
-0.00598037, -0.00794732, -0.01158564
-0.62300485, -0.27014986, -0.7340312
0.0552697, 0.7688562
-0.00598036, -0.01069448, -0.00881242
-0.67137671, -0.60615861, -0.42634359
0.05763771, 0.77338178
0.00154225, -0.00794732, -0.01158564
0.62300485, -0.27014986, -0.7340312
0.06926282, 0.76889151
0.00154225, -0.01069448, -0.00881242
0.67137671, -0.60615861, -0.42634359
0.06691268, 0.77342522
0.00154225, -0.01596886, 0.00224088
0.85204625, -0.27381206, -0.44605854
0.06146792, 0.80531301
-0.00598036, -0.01596886, 0.00224088
-0.85204625, -0.27381206, -0.44605854
0.06299756, 0.80521628
-0.00598037, -0.00458783, -4.727e-05
-0.79253519, 0.44898832, 0.41257972
0.06368128, 0.76115586
0.00154225, -0.00458783, -4.727e-05
0.79253519, 0.44898832, 0.41257972
0.06095659, 0.76120619
-0.00598037, -0.00611429, 0.00361478
-0.71230203, 0.65385908, 0.2550737
0.06326491, 0.78490569
-0.00598037, -0.01261286, 0.02147483
-0.69884336, 0.66258734, 0.26935637
0.06484075, 0.84388772
0.00154225, -0.01261286, 0.02147483
0.69881284, 0.66258734, 0.26935637
0.05984686, 0.84386039
0.00154225, -0.00611429, 0.00361478
0.71230203, 0.65385908, 0.2550737
0.0613214, 0.78494848
-0.00598037, -0.02246743, 0.02010099
-0.85876036, -0.50425732, 0.09054842
0.061676, 0.85224988
-0.00598037, -0.03018504, 0.03723287
-0.86538285, -0.04223762, -0.49928281
0.06128553, 0.89378524
-0.00598037, -0.02033043, 0.03860666
-0.70229197, 0.64259773, 0.30625325
0.06407522, 0.88554789
0.00154225, -0.02246743, 0.02010099
0.85876036, -0.50425732, 0.09054842
0.06292336, 0.85205781
0.00154225, -0.02891021, 0.01357024
0.73964661, -0.12237922, 0.66173285
0.06135095, 0.85328962
0.00154225, -0.03018504, 0.03723287
0.87487411, -0.08484146, -0.47682118
0.06424993, 0.89343128
0.00154225, -0.02033043, 0.03860666
0.70229197, 0.64259773, 0.30625325
0.06140849, 0.88549319
0.00154225, -0.02627344, 0.05041542
0.70125431, 0.6281625, 0.33704641
0.06221763, 0.90117544
-0.00598037, -0.02627344, 0.05041542
-0.70125431, 0.62819302, 0.33704641
0.06409447, 0.90121383
-0.00598037, -0.02913993, 0.05543729
-0.62294382, 0.45084995, 0.63921016
0.06358013, 0.90453677
0.00154222, -0.03612778, 0.0490415
0.83812982, -0.26929533, 0.47428817
0.0635998, 0.90943184
0.00652549, -0.04007245, 0.04763537
0.87728506, 0.35929441, 0.31818599
0.06579058, 0.92605776
0.00652549, -0.03917881, 0.03535416
0.85674614, 0.50221258, -0.11709952
0.06309229, 0.90255307
-0.00598037, -0.03612778, 0.0490415
-0.79723501, -0.25617236, 0.54658651
0.06328119, 0.90970089
0.00154222, -0.03722004, 0.05687803
0.56254768, -0.57338178, 0.59556872
0.06309932, 0.90714845
0.00154225, -0.02913993, 0.05543729
0.62294382, 0.45084995, 0.63921016
0.06295184, 0.90448662
-0.00598037, -0.03722004, 0.05687803
-0.56254768, -0.57338178, 0.59556872
0.06363505, 0.90720986
-0.00598036, -0.02891021, 0.01357024
-0.73964661, -0.12237922, 0.66173285
0.06282452, 0.85411355
-0.00598036, -0.02747857, 0.00195928
-0.6558733, 0.19098483, -0.73027742
0.06200412, 0.84171823
-0.00925802, -0.0349244, 0.00104119
-0.69115269, 0.25800347, -0.67503893
0.06212917, 0.8576237
0.00154225, -0.02747857, 0.00195928
0.6558733, 0.19098483, -0.73027742
0.06213588, 0.84262359
0.0065255, -0.03635598, 0.01265209
0.87096775, 0.45979187, 0.17316203
0.06162516, 0.86904454
-0.01096364, -0.03635598, 0.01265209
-0.87099826, 0.45979187, 0.17300943
0.06221455, 0.86853257
-0.01096364, -0.0391179, 0.03504898
-0.85927916, 0.48735008, -0.15512559
0.06134189, 0.90090983
0.00481988, -0.0349244, 0.00104119
0.69115269, 0.25800347, -0.67503893
0.06172861, 0.85732032
-0.01096364, -0.05014642, 0.03378933
-0.72463149, -0.68605608, -0.06466872
0.06172714, 0.90882941
-0.01096364, -0.04007245, 0.04763537
-0.87136447, 0.37717825, 0.31366923
0.06299166, 0.9240866
0.00481988, -0.0491601, -0.00066013
0.52574235, -0.56190681, -0.63859981
0.06147088, 0.86848384
0.0065255, -0.04877361, 0.01112091
0.73357344, -0.6761986, -0.06756798
0.06092858, 0.87684474
-0.01096364, -0.04877361, 0.01112091
-0.73357344, -0.6761986, -0.06756798
0.06227113, 0.87653608
-0.00925802, -0.0491601, -0.00066013
-0.52574235, -0.56190681, -0.63859981
0.06199154, 0.8681816
0.0065255, -0.05014642, 0.03378933
0.7262795, -0.68535417, -0.05264443
0.05967421, 0.91148673
0.00350395, -0.05471439, 0.05666656
0.53205967, -0.66954559, 0.51823479
0.06196316, 0.99994487
0.00350395, -0.04106242, 0.05797253
0.52360606, 0.51768547, 0.67659533
0.06225433, 0.95746204
-0.0079421, -0.04106242, 0.05797253
-0.48298594, 0.52967924, 0.69719535
0.06267315, 0.94601189
-0.0079421, -0.05471439, 0.05666656
-0.50572222, -0.68361461, 0.52620012
0.05812922, 0.961991
0.00651286, 0.2264795, 0.00397869
0.71980959, 0.65663624, -0.22513504
0.04243343, 0.55895588
-0.01101261, 0.2264795, 0.00397869
-0.71980959, 0.65663624, -0.22513504
5.513e-05, 0.53354469
-0.01101261, 0.22495514, 0.02026741
-0.70708334, 0.70403147, 0.06585895
0.00256258, 0.58705941
-0.01101261, 0.06337133, -0.01128549
-0.71980959, -0.60344249, -0.34305856
0.04304263, 0.94131985
-0.01101259, 0.11811677, 0.01026905
-0.94128239, -0.29267251, 0.1681875
0.01146555, 0.82628301
0.00651288, 0.06337133, -0.01128549
0.71980959, -0.60344249, -0.34305856
0.04243341, 0.93916016
0.00651288, 0.06220903, 0.00113445
0.6322825, -0.74297309, 0.21945859
0.04368767, 0.94236051
-0.01101261, 0.06220903, 0.00113445
-0.6322825, -0.74297309, 0.21945859
0.04131655, 0.94505109
0.00651287, 0.11811677, 0.01026905
0.94128239, -0.29267251, 0.1681875
0.05495178, 0.82441106
-0.0110126, 0.17620559, 0.03385254
-0.84926909, 0.2395703, 0.47041231
0.01537517, 0.72856727
0.00431988, 0.22669673, 0.00165752
0.30881679, 0.69157994, -0.65291297
0.02769679, 0.55211502
-0.01101259, 0.09359859, 0.00797462
-0.83828241, 0.22678304, 0.49580371
0.02342519, 0.88468286
-0.01101259, 0.09008895, 0.01289592
-0.71864986, 0.58583331, 0.37455368
0.02877476, 0.89847013
0.00651287, 0.09008895, 0.01289592
0.71864986, 0.58583331, 0.37455368
0.04935783, 0.89644323
-0.0110126, 0.15153128, 0.07544824
-0.60420543, 0.36158329, 0.71001315
0.03596006, 0.77896576
0.00651286, 0.15153128, 0.07544824
0.60420543, 0.36158329, 0.71001315
0.02526108, 0.77985464
0.00651287, 0.11004978, 0.02766144
0.70885342, -0.63753164, -0.3017365
0.04543081, 0.81692243
-0.01101259, 0.11004978, 0.02766144
-0.70885342, -0.63753164, -0.3017365
0.02007743, 0.81800455
-0.01101261, 0.22327161, 0.03825712
-0.57734919, 0.52104253, 0.62862027
0.01384039, 0.61358064
0.00651286, 0.22327161, 0.03825712
0.57734919, 0.52104253, 0.62862027
0.0273721, 0.61589614
0.00651286, 0.2249549, 0.02026739
0.70711386, 0.70400095, 0.06585895
0.0374087, 0.59467012
0.00651286, 0.17620559, 0.03385254
0.84926909, 0.2395703, 0.47041231
0.03933262, 0.7283645
-0.01101259, 0.0897278, 0.06966433
-0.66475415, -0.21680349, 0.71486557
0.03642444, 0.8475334
0.00651287, 0.0897278, 0.06966433
0.66475415, -0.21680349, 0.71486557
0.0329745, 0.84757589
-0.01101259, 0.09677836, 0.05514762
-0.79857785, -0.41007721, -0.44053468
0.03635572, 0.84425959
-0.01101265, 0.0794564, 0.06411129
-0.70604569, -0.33970153, 0.62135684
0.03324218, 0.87232505
0.00651284, 0.07945666, 0.06411132
0.70604569, -0.33970153, 0.62132633
0.0387992, 0.87067325
0.00651287, 0.09677836, 0.05514762
0.79857785, -0.41007721, -0.44050416
0.03348793, 0.84374362
-0.01101259, 0.0865284, 0.01914036
-0.71376687, 0.61833555, 0.32889798
0.03397964, 0.90916765
0.00651288, 0.09359859, 0.00797462
0.83828241, 0.22678304, 0.49580371
0.05238416, 0.88239846
0.00651288, 0.06667878, 0.00680246
0.79229105, -0.57905817, 0.19220558
0.04654294, 0.93312794
-0.01101262, 0.06667878, 0.00680246
-0.79229105, -0.57905817, 0.19220558
0.03754484, 0.93563263
0.00651288, 0.06650323, 0.01336371
0.77483445, -0.60264903, -0.19074069
0.04611892, 0.92926884
0.00651288, 0.0865284, 0.01914036
0.71376687, 0.61833555, 0.32889798
0.04611814, 0.90742092
0.00651287, 0.0805291, 0.03126515
0.70567948, 0.63301492, 0.31818599
0.04260279, 0.91552825
-0.01101259, 0.06650323, 0.01336371
-0.77483445, -0.60264903, -0.19074069
0.03815532, 0.93186892
-0.01101259, 0.0805291, 0.03126515
-0.70567948, 0.63301492, 0.31818599
0.03927583, 0.91718365
-0.01101259, 0.0744627, 0.04314661
-0.71645254, 0.63380837, 0.29145175
0.04125623, 0.91796178
0.00651287, 0.0744627, 0.04314661
0.71645254, 0.63380837, 0.29145175
0.04058611, 0.91535407
0.00651288, 0.05856978, 0.02530749
0.69533372, -0.61885434, -0.36530656
0.04340108, 0.93169253
-0.01101259, 0.05856978, 0.02530749
-0.69533372, -0.61885434, -0.36530656
0.0425233, 0.93570182
0.00651288, 0.05371937, 0.03461972
0.68987089, -0.66624957, -0.2830897
0.04381888, 0.93736441
0.00651288, 0.05020998, 0.04509069
0.72402114, -0.63612783, -0.26664022
0.04463792, 0.94448176
-0.01101259, 0.05020998, 0.04509069
-0.72402114, -0.63612783, -0.26664022
0.04813099, 0.96885047
-0.01101259, 0.05371937, 0.03461972
-0.68987089, -0.66624957, -0.2830897
0.0449954, 0.94714864
-0.01101259, 0.04873659, 0.04798802
-0.57734919, -0.77632982, 0.25290689
0.04602328, 0.99994487
-0.01101259, 0.06813533, 0.05785264
-0.71098971, -0.32950833, 0.62117374
0.03176662, 0.91150113
-0.01101259, 0.06960871, 0.0549553
-0.88866848, 0.43385112, -0.14828944
0.04275404, 0.90886457
0.00651287, 0.06960871, 0.0549553
0.88866848, 0.43385112, -0.14828944
0.03713266, 0.9056078
0.00651288, 0.04873661, 0.04798802
0.57734919, -0.77632982, 0.25290689
0.05515943, 0.95048044
0.00651287, 0.06813533, 0.05785264
0.71098971, -0.32950833, 0.62117374
0.04385884, 0.90402522
-0.01101265, 0.08090715, 0.06145578
-0.81929988, 0.04116947, -0.57185584
0.03879291, 0.86899939
0.00651281, 0.08090715, 0.06145578
0.81929988, 0.04116947, -0.57185584
0.03400446, 0.86845157
-0.00881967, 0.06358856, -0.01360673
-0.30884731, -0.55842769, -0.76989043
0.0471762, 0.93564492
-0.00881967, 0.08611248, -0.0114988
-0.65001374, -0.14462721, -0.74602497
0.05167961, 0.88481216
0.0043199, 0.08611248, -0.0114988
0.64998323, -0.14462721, -0.74602497
0.03027679, 0.8852004
0.0043199, 0.09957749, -0.01023871
0.64998323, 0.28052613, -0.70622885
0.02767563, 0.85257144
-0.00881966, 0.20491157, -0.00038121
-0.65504926, -0.15192114, -0.74010438
0.03781763, 0.56822473
-0.00881966, 0.22103068, 0.00112727
-0.65507978, 0.28659931, -0.6990875
0.01754287, 0.52806985
0.00431991, 0.06358856, -0.01360673
0.30881679, -0.55842769, -0.76989043
0.0378831, 0.93494905
0.00431988, 0.22103092, 0.00112729
0.65504926, 0.28659931, -0.6990875
0.02705772, 0.54939514
-0.00881966, 0.22669673, 0.00165752
-0.30881679, 0.69157994, -0.65291297
0.004708, 0.49624097
-0.00708871, 0.22155866, -0.00451439
-0.51261938, 0.70247507, -0.49366742
0.02224421, 0.53897819
-0.00708871, 0.20543954, -0.00602287
-0.67537463, -0.67061371, -0.30674154
0.03101351, 0.56384912
-0.00599473, 0.21354267, -0.00790688
-0.77410197, 0.43208104, -0.46263009
0.02736236, 0.5533683
0.00258896, 0.22155866, -0.00451439
0.51261938, 0.70247507, -0.49366742
0.0245293, 0.54870304
0.00258894, 0.20543954, -0.00602287
0.67537463, -0.67061371, -0.30674154
0.02186158, 0.56677482
0.00431989, 0.20491157, -0.00038121
0.65504926, -0.15192114, -0.74010438
0.0169296, 0.57495037
0.00149495, 0.20568466, -0.00864226
0.64421523, -0.73866999, -0.19827875
0.02424258, 0.56253776
-0.00599473, 0.20568466, -0.00864226
-0.64421523, -0.73866999, -0.19827875
0.02838216, 0.56094831
-0.00599472, 0.20672175, -0.01972417
-0.57734919, -0.52104253, -0.62862027
0.02650759, 0.55887291
0.00149495, 0.21354267, -0.00790688
0.77410197, 0.43208104, -0.46263009
0.02407927, 0.55630818
-0.00599473, 0.21457976, -0.01898879
-0.57734919, 0.62862027, -0.52104253
0.02630806, 0.55723745
0.00149495, 0.21457976, -0.01898879
0.57734919, 0.62862027, -0.52104253
0.02556715, 0.5577963
0.00149496, 0.20672175, -0.01972417
0.57734919, -0.52104253, -0.62862027
0.02566326, 0.55926868
-0.00881967, 0.09957749, -0.01023871
-0.65001374, 0.28052613, -0.70622885
0.05135081, 0.8516615
0.00245967, 0.10008153, -0.01562477
0.51872313, 0.72359383, -0.45527512
0.03437312, 0.85863438
-0.00695944, 0.10008153, -0.01562477
-0.51872313, 0.72359383, -0.45527512
0.04540756, 0.85854644
-0.00695944, 0.08661653, -0.01688487
-0.66878259, -0.68660545, -0.28504288
0.04516162, 0.87854584
-0.00605813, 0.09445854, -0.01903732
-0.78142643, 0.4788354, -0.40003663
0.04307734, 0.86853763
0.00245967, 0.08661653, -0.01688487
0.66878259, -0.68660545, -0.28501236
0.03603746, 0.87853598
-0.00605813, 0.0868843, -0.01974615
-0.66176337, -0.73012483, -0.17011017
0.04269958, 0.87510906
-0.00605813, 0.08786087, -0.03018149
-0.57734919, -0.52104253, -0.62862027
0.04094205, 0.87262234
0.00155839, 0.08786087, -0.03018149
0.57734919, -0.52104253, -0.62862027
0.03982567, 0.87263794
0.00155839, 0.09445827, -0.01903735
0.78145695, 0.47880489, -0.40000612
0.0374717, 0.86868447
0.00155839, 0.0868843, -0.01974615
0.66176337, -0.73012483, -0.17011017
0.03820439, 0.87515117
-0.00605813, 0.09543511, -0.02947267
-0.57731867, 0.62862027, -0.52101201
0.04097307, 0.87109655
0.00155839, 0.09543484, -0.02947269
0.57734919, 0.62862027, -0.52104253
0.03971225, 0.87112583
-0.00194922, 0.21033546, 0.06213647
0.0, 0.99987793, 0.01522874
0.11820058, 0.99994487
0.00449467, 0.22923326, 0.03612805
0.54896694, -0.67867059, 0.48786891
0.07556977, 0.97645704
0.00086245, 0.22297448, 0.0315649
0.54896694, -0.67864007, 0.48786891
0.08132264, 0.85432445
# Number of Faces:
480
# Face Data:
0, 1, 2
3, 4, 5
6, 7, 8
9, 10, 11
7, 12, 13
3, 0, 14
12, 15, 16
1, 17, 18
19, 11, 20
21, 5, 22
23, 24, 25
26, 22, 27
17, 28, 29
30, 20, 23
31, 32, 33
16, 15, 34
27, 32, 31
29, 28, 35
36, 37, 38
35, 39, 40
25, 24, 37
34, 41, 42
43, 44, 45
41, 46, 47
48, 33, 45
39, 49, 50
48, 44, 49
49, 44, 43
25, 36, 41
36, 51, 46
28, 52, 31
31, 48, 39
30, 53, 15
26, 52, 28
15, 53, 25
21, 26, 17
19, 30, 12
4, 3, 54
9, 19, 7
3, 21, 1
55, 54, 9
38, 50, 43
37, 56, 50
33, 42, 47
43, 47, 46
32, 57, 42
24, 58, 56
59, 58, 24
16, 57, 32
20, 60, 59
11, 61, 60
22, 13, 16
54, 14, 10
5, 8, 13
4, 55, 8
10, 14, 61
62, 63, 64
63, 65, 66
65, 67, 68
67, 69, 70
70, 69, 71
71, 72, 73
63, 74, 72
74, 62, 75
72, 74, 76
73, 66, 70
77, 78, 79
79, 78, 80
81, 80, 82
83, 82, 84
85, 84, 86
86, 87, 88
78, 77, 86
89, 90, 77
88, 87, 90
91, 81, 85
92, 93, 94
92, 95, 96
97, 98, 96
99, 94, 98
94, 93, 96
95, 92, 99
100, 101, 102
103, 104, 101
104, 103, 105
106, 107, 102
101, 104, 108
106, 103, 100
109, 110, 111
104, 109, 112
108, 112, 113
106, 113, 105
110, 114, 115
113, 112, 111
113, 116, 114
105, 114, 110
117, 118, 119
110, 120, 121
111, 121, 117
116, 117, 115
122, 123, 124
120, 115, 119
120, 122, 125
121, 125, 118
126, 127, 128
118, 125, 124
118, 129, 130
119, 126, 123
131, 132, 133
123, 128, 132
129, 124, 132
129, 131, 127
133, 134, 135
136, 137, 138
127, 139, 134
128, 134, 133
140, 141, 135
136, 133, 141
136, 140, 142
139, 142, 135
143, 144, 145
126, 143, 130
118, 146, 144
119, 144, 143
147, 148, 149
130, 147, 150
143, 148, 147
144, 146, 150
149, 151, 152
127, 131, 138
127, 149, 152
139, 152, 137
153, 154, 155
150, 153, 156
148, 145, 156
147, 154, 153
138, 137, 157
147, 138, 157
154, 157, 151
148, 155, 151
158, 157, 159
160, 161, 158
157, 158, 161
152, 160, 159
152, 151, 161
157, 137, 159
150, 147, 153
155, 148, 156
162, 163, 164
163, 165, 166
167, 168, 169
167, 162, 170
164, 166, 171
163, 162, 172
173, 174, 175
171, 176, 177
170, 178, 179
164, 180, 181
170, 182, 183
180, 171, 183
176, 184, 185
176, 186, 184
184, 187, 188
178, 177, 189
170, 166, 173
175, 174, 190
191, 175, 192
173, 169, 193
168, 192, 193
194, 195, 196
193, 197, 190
192, 175, 195
192, 194, 197
198, 199, 200
194, 201, 202
190, 198, 196
197, 202, 198
203, 204, 205
202, 206, 199
201, 196, 200
202, 201, 203
205, 207, 208
199, 209, 210
199, 206, 205
200, 210, 204
208, 207, 211
204, 210, 212
204, 211, 207
208, 187, 213
185, 188, 214
212, 188, 187
212, 210, 214
209, 213, 214
178, 189, 186
213, 187, 184
186, 189, 214
215, 216, 217
162, 167, 218
219, 163, 220
165, 215, 221
222, 220, 223
220, 224, 225
225, 224, 226
222, 227, 224
219, 225, 228
229, 228, 227
230, 231, 232
224, 227, 233
228, 230, 233
225, 231, 230
232, 234, 235
226, 234, 232
233, 235, 234
233, 230, 236
237, 219, 229
218, 238, 239
240, 239, 241
216, 240, 242
218, 217, 242
216, 237, 239
243, 244, 245
238, 246, 241
242, 247, 246
242, 240, 243
244, 248, 249
243, 241, 248
246, 249, 248
247, 245, 249
14, 0, 2
21, 3, 5
55, 6, 8
19, 9, 11
8, 7, 13
54, 3, 14
13, 12, 16
2, 1, 18
30, 19, 20
26, 21, 22
53, 23, 25
52, 26, 27
18, 17, 29
53, 30, 23
48, 31, 33
57, 16, 34
52, 27, 31
250, 29, 35
51, 36, 38
250, 35, 40
36, 25, 37
57, 34, 42
47, 43, 45
42, 41, 47
44, 48, 45
40, 39, 50
39, 48, 49
50, 49, 43
34, 25, 41
41, 36, 46
35, 28, 31
35, 31, 39
12, 30, 15
17, 26, 28
34, 15, 25
1, 21, 17
7, 19, 12
55, 4, 54
6, 9, 7
0, 3, 1
6, 55, 9
51, 38, 43
38, 37, 50
45, 33, 47
51, 43, 46
33, 32, 42
37, 24, 56
23, 59, 24
27, 16, 32
23, 20, 59
20, 11, 60
27, 22, 16
9, 54, 10
22, 5, 13
5, 4, 8
11, 10, 61
75, 62, 64
64, 63, 66
66, 65, 68
68, 67, 70
251, 70, 71
251, 71, 73
67, 65, 63
63, 69, 67
63, 72, 71
63, 62, 74
71, 69, 63
76, 74, 75
73, 72, 76
73, 76, 75
70, 251, 73
66, 68, 70
75, 64, 66
66, 73, 75
91, 77, 79
81, 79, 80
83, 81, 82
85, 83, 84
252, 85, 86
252, 86, 88
82, 80, 78
78, 84, 82
90, 87, 86
86, 77, 90
86, 84, 78
91, 89, 77
89, 88, 90
88, 89, 91
85, 252, 88
81, 83, 85
91, 79, 81
85, 88, 91
99, 92, 94
93, 92, 96
95, 97, 96
97, 99, 98
98, 94, 96
97, 95, 99
107, 100, 102
100, 103, 101
109, 104, 105
108, 106, 102
102, 101, 108
107, 106, 100
112, 109, 111
108, 104, 112
106, 108, 113
103, 106, 105
120, 110, 115
116, 113, 111
105, 113, 114
109, 105, 110
115, 117, 119
111, 110, 121
116, 111, 117
114, 116, 115
125, 122, 124
122, 120, 119
121, 120, 125
117, 121, 118
123, 126, 128
129, 118, 124
146, 118, 130
122, 119, 123
136, 131, 133
124, 123, 132
131, 129, 132
126, 129, 127
141, 133, 135
131, 136, 138
128, 127, 134
132, 128, 133
142, 140, 135
140, 136, 141
139, 136, 142
134, 139, 135
148, 143, 145
129, 126, 130
119, 118, 144
126, 119, 143
138, 147, 149
146, 130, 150
130, 143, 147
145, 144, 150
149, 127, 138
139, 127, 152
136, 139, 137
156, 153, 155
145, 150, 156
154, 147, 157
155, 154, 151
149, 148, 151
159, 160, 158
151, 157, 161
137, 152, 159
160, 152, 161
182, 162, 164
166, 164, 163
165, 173, 166
173, 165, 169
165, 167, 169
191, 168, 167
162, 182, 170
170, 191, 167
171, 180, 164
166, 179, 171
223, 163, 172
191, 173, 175
183, 171, 177
166, 170, 179
182, 164, 181
183, 178, 170
182, 181, 183
181, 180, 183
177, 176, 185
179, 176, 171
176, 179, 186
185, 184, 188
177, 185, 189
177, 178, 183
191, 170, 173
195, 175, 190
168, 191, 192
174, 173, 193
169, 168, 193
201, 194, 196
174, 193, 190
194, 192, 195
193, 192, 197
196, 198, 200
197, 194, 202
195, 190, 196
190, 197, 198
206, 203, 205
198, 202, 199
203, 201, 200
206, 202, 203
209, 205, 208
200, 199, 210
209, 199, 205
203, 200, 204
212, 208, 211
211, 204, 212
205, 204, 207
209, 208, 213
189, 185, 214
208, 212, 187
188, 212, 214
210, 209, 214
179, 178, 186
186, 213, 184
213, 186, 214
221, 215, 217
222, 172, 162
167, 221, 217
229, 222, 162
167, 217, 218
218, 229, 162
216, 215, 165
163, 219, 237
237, 216, 165
220, 163, 223
163, 237, 165
167, 165, 221
172, 222, 223
219, 220, 225
231, 225, 226
220, 222, 224
229, 219, 228
222, 229, 227
236, 230, 232
226, 224, 233
227, 228, 233
228, 225, 230
236, 232, 235
231, 226, 232
226, 233, 234
235, 233, 236
218, 237, 229
237, 218, 239
243, 240, 241
217, 216, 242
238, 218, 242
240, 216, 239
247, 243, 245
239, 238, 241
238, 242, 246
247, 242, 243
245, 244, 249
244, 243, 248
241, 246, 248
246, 247, 249
