# Project Zomboid Skinned Mesh
# File Version:
1.0
# Model Name:
Cylinder.002
# Vertex Stride Element Count:
3
# Vertex Stride Size (in bytes):
76
# Vertex Stride Data:
# (Int)    Offset
# (String) Type
0
VertexArray
12
NormalArray
24
TextureCoordArray
# Vertex Count:
872
# Vertex Buffer:
0.00592994, 0.3056719, -0.00821245
0.77636033, 0.6279794, 0.05343791
0.69505864, 0.29933578
0.00592994, 0.29371411, -0.00923037
1.0, 0.0, 0.0
0.69505864, 0.29933578
0.00417255, 0.294074, -0.01345773
0.70708334, 0.05996887, -0.70455033
0.69505864, 0.29933578
-7.005e-05, 0.29422304, -0.01520854
0.0, 0.08481093, -0.99636829
0.69505864, 0.29933578
-7.005e-05, 0.30618078, -0.01419061
0.0, 0.6938383, -0.72011477
0.69505864, 0.29933578
-0.00431264, 0.294074, -0.01345774
-0.70708334, 0.05996887, -0.70455033
0.69505864, 0.29933578
-0.00607003, 0.29371411, -0.00923037
-0.99996948, 0.0, 0.0
0.69505864, 0.29933578
-0.00607003, 0.3056719, -0.00821245
-0.77636033, 0.6279794, 0.05343791
0.69505864, 0.29933578
-0.00431264, 0.2933543, -0.00500301
-0.70708334, -0.05996887, 0.70455033
0.69505864, 0.29933578
-0.00431264, 0.30531195, -0.00398507
-0.54896694, 0.58140814, 0.60045165
0.69505864, 0.29933578
-7.005e-05, 0.29320517, -0.00325195
0.0, -0.08481093, 0.99636829
0.69505864, 0.29933578
-7.005e-05, 0.30516294, -0.00223402
0.0, 0.56212044, 0.82702106
0.68724614, 0.29933578
0.00417255, 0.30531195, -0.00398507
0.54896694, 0.58140814, 0.60045165
0.69505864, 0.29933578
0.00417255, 0.2933543, -0.00500301
0.70708334, -0.05996887, 0.70455033
0.69505864, 0.29933578
-7.005e-05, 0.30526939, -0.00348429
0.0, 0.75084686, 0.66045105
0.68724614, 0.28371078
0.00328528, 0.30538723, -0.00486903
0.42027038, 0.76561785, 0.48695335
0.69505864, 0.29933578
0.00328528, 0.33673936, -0.00220011
0.54896694, 0.58140814, 0.60045165
0.73412114, 0.25246078
0.00328528, 0.30595651, -0.0115556
0.42027038, 0.83690906, -0.35056612
0.69505864, 0.29933578
0.00467502, 0.3056719, -0.00821245
0.59437847, 0.80126345, 0.06820887
0.69505864, 0.29933578
-7.004e-05, 0.30607438, -0.01294035
0.0, 0.85168004, -0.52403331
0.69505864, 0.29933578
0.00417255, 0.30603173, -0.0124398
0.54896694, 0.67452008, -0.49354532
0.69505864, 0.29933578
-0.00431264, 0.30603173, -0.0124398
-0.54896694, 0.67452008, -0.49354532
0.69505864, 0.29933578
-0.00342537, 0.30595651, -0.0115556
-0.42027038, 0.83690906, -0.35056612
0.69505864, 0.29933578
-0.00481523, 0.3056719, -0.00821245
-0.59437847, 0.80126345, 0.06820887
0.69505864, 0.29933578
-0.00342537, 0.30538723, -0.00486903
-0.42027038, 0.76561785, 0.48698387
0.69505864, 0.29933578
0.00374865, 0.35230467, -0.00807503
0.80669576, 0.22873622, -0.54487747
0.76365405, 0.28356397
0.00374865, 0.35898867, -0.0075063
0.54896694, 0.67455059, -0.49354532
0.76217723, 0.28194517
0.00533043, 0.35866472, -0.00370131
0.77636033, 0.6279794, 0.05343791
0.76176625, 0.2825675
-7.004e-05, 0.33742648, -0.01027144
0.0, 0.6938383, -0.72011477
0.73412114, 0.28371078
-7.005e-05, 0.30526939, -0.00348429
0.0, 0.75084686, 0.66045105
0.69505864, 0.31496078
-7.005e-05, 0.33662152, -0.00081536
0.0, 0.56212044, 0.82702106
0.74193364, 0.33058578
-0.00342537, 0.33673936, -0.00220011
-0.54896694, 0.58140814, 0.60045165
0.74193364, 0.31496078
0.00328528, 0.33730865, -0.00888669
0.54896694, 0.67455059, -0.49354532
0.73412114, 0.28371078
0.00467502, 0.33702403, -0.00554352
0.77636033, 0.6279794, 0.05343791
0.73412114, 0.26808578
-0.00481523, 0.33702403, -0.00554352
-0.77636033, 0.6279794, 0.05343791
0.74193364, 0.31496078
-0.00342537, 0.33730865, -0.00888669
-0.54896694, 0.67455059, -0.49354532
0.73412114, 0.29933578
-0.00388874, 0.33670008, -0.00173853
-0.54896694, -0.67455059, 0.49351481
0.74974614, 0.28371078
-0.00547052, 0.33702403, -0.00554352
-0.77636033, -0.6279794, -0.05346843
0.74974614, 0.26808578
-7.005e-05, 0.33656594, -0.00016233
0.0, -0.69380778, 0.72011477
0.74974614, 0.28371078
0.00374864, 0.33670008, -0.00173853
0.54896694, -0.67455059, 0.49351481
0.74974614, 0.29933578
0.00533043, 0.33702403, -0.00554352
0.77636033, -0.6279794, -0.05346843
0.75755864, 0.31496078
0.00374865, 0.33734792, -0.00934827
0.54896694, -0.58140814, -0.60045165
0.75993621, 0.32371205
-7.004e-05, 0.33748209, -0.01092447
0.0, -0.56212044, -0.82702106
0.76290375, 0.34264106
-0.00388874, 0.33734792, -0.00934827
-0.54896694, -0.58140814, -0.60045165
0.74974614, 0.25246078
-7.004e-05, 0.33748209, -0.01092447
0.0, -0.56212044, -0.82702106
0.74974614, 0.25246078
-7.005e-05, 0.33662152, -0.00081536
0.0, 0.56212044, 0.82702106
0.72630864, 0.25246078
-0.00274814, 0.35889187, -0.00636956
-0.42027038, 0.83690906, -0.35056612
0.76172358, 0.28065503
-0.00385739, 0.35866472, -0.00370131
-0.59437847, 0.80126345, 0.06817835
0.76146722, 0.28078192
-0.00385739, 0.38777241, -0.00122346
-0.64012575, -0.76546526, -0.06515702
0.76157886, 0.28139412
0.00533043, 0.35198078, -0.00427029
1.0, 0.0, 0.0
0.76200885, 0.28524655
0.00374864, 0.35834083, 0.00010368
0.54896694, 0.58140814, 0.60045165
0.76134193, 0.28247094
-0.00388874, 0.35230467, -0.00807503
-0.80382705, 0.22901089, -0.54899746
0.76215339, 0.27663702
-0.00547052, 0.35198078, -0.00427029
-1.0, 0.0, 0.0
0.76055795, 0.27837205
-0.00547052, 0.35866472, -0.00370131
-0.77636033, 0.6279794, 0.05343791
0.76133537, 0.28038472
0.00374864, 0.35165682, -0.00046531
0.70711386, -0.05996887, 0.70451981
0.76069397, 0.28466541
-7.005e-05, 0.35820666, 0.00167989
0.0, 0.56212044, 0.82702106
0.76109028, 0.28177255
-0.00388874, 0.35898861, -0.00750606
-0.54896694, 0.67455059, -0.49351481
0.76179415, 0.28006065
-7.004e-05, 0.35912284, -0.00908227
0.0, 0.6938383, -0.72008425
0.76216877, 0.28079188
-0.00388874, 0.35165682, -0.00046531
-0.70711386, -0.05996887, 0.70451981
0.75991797, 0.28081262
-7.005e-05, 0.35152259, 0.00111089
0.0, -0.08481093, 0.99636829
0.76003265, 0.28332508
-7.005e-05, 0.35820666, 0.00167989
0.0, 0.56212044, 0.82702106
0.76116824, 0.28204256
-7.004e-05, 0.35168239, -0.00971562
-0.01886044, 0.6938383, -0.71987063
0.7642501, 0.27865607
-0.00388874, 0.35834083, 0.00010368
-0.54896694, 0.58140814, 0.60045165
0.76109856, 0.28116465
-0.00274814, 0.35843757, -0.00103281
-0.42027038, 0.76561785, 0.48695335
0.76131243, 0.28121883
-7.005e-05, 0.35834345, 7.256e-05
0.0, 0.75087738, 0.66042054
0.76132369, 0.28166384
-7.005e-05, 0.35834345, 7.256e-05
0.0, 0.75087738, 0.66042054
0.76132786, 0.28175128
0.00260805, 0.35843757, -0.00103281
0.42027038, 0.76561785, 0.48695335
0.76146239, 0.28207308
0.00260805, 0.35889187, -0.00636956
0.42027038, 0.83690906, -0.3505356
0.76191556, 0.28167969
0.00371729, 0.35866472, -0.00370131
0.59437847, 0.80126345, 0.06817835
0.76170611, 0.28207535
-7.005e-05, 0.35898593, -0.00747494
0.0, 0.85171056, -0.52397227
0.76191783, 0.28105187
0.00260805, 0.38754526, 0.00144504
0.45265055, -0.80385756, 0.38584551
0.76157659, 0.28141379
0.00371729, 0.38777241, -0.00122346
0.64015627, -0.76546526, -0.06515702
0.76158243, 0.28141564
0.0066409, 0.38803467, -0.00120112
0.79839474, -0.59993285, -0.05105747
0.76158226, 0.28141093
-7.005e-05, 0.38745114, 0.00255041
0.0, -0.8197577, 0.57267982
0.76157159, 0.28140259
-0.00274814, 0.38799956, -0.00389172
-0.45265055, -0.72707295, -0.51615953
0.76158369, 0.28139222
-7.005e-05, 0.38809362, -0.00499709
0.0, -0.71117282, -0.70299387
0.76158714, 0.28139865
-0.00274814, 0.38754526, 0.00144504
-0.45265055, -0.80385756, 0.38584551
0.76157576, 0.2814036
0.00260805, 0.38799956, -0.00389172
0.45265055, -0.72707295, -0.51615953
0.76158679, 0.28140897
-0.00481547, 0.40375504, -0.00462531
-0.80950344, 0.16138187, -0.56447035
0.76158166, 0.28140301
-0.00678099, 0.40335247, 0.00010283
-1.0, 0.0, 0.0
0.7615813, 0.28140336
-0.00678099, 0.43958309, 0.0031873
-0.77636033, 0.6279794, 0.05343791
0.76158148, 0.28140378
-0.00678099, 0.38803467, -0.00120112
-0.79839474, -0.59993285, -0.05105747
0.76157951, 0.28139842
-0.00481547, 0.38843712, -0.00592926
-0.56453139, -0.55204934, -0.61357462
0.76158249, 0.28139675
0.00467526, 0.38763216, 0.00352726
0.56453139, -0.64781642, 0.51142919
0.7615788, 0.28141087
-7.005e-05, 0.3886039, -0.0078877
0.0, -0.53221226, -0.84658343
0.7615847, 0.2814002
-7.005e-05, 0.38746545, 0.0054857
0.0, -0.66765344, 0.74443799
0.7615785, 0.28140879
-0.00481547, 0.38763216, 0.00352726
-0.56453139, -0.64781642, 0.51142919
0.76157761, 0.2814042
0.00467526, 0.38843712, -0.00592926
0.56453139, -0.55204934, -0.61357462
0.7615847, 0.28140646
0.00306307, 0.43984887, 6.529e-05
0.42027038, 0.83690906, -0.3505356
0.7615816, 0.28140378
-7.005e-05, 0.4399589, -0.00122777
0.0, 0.85171056, -0.52397227
0.7615816, 0.28140378
-7.005e-05, 0.44409057, -0.00087603
0.0, 0.6938383, -0.72011477
0.76158148, 0.28140378
0.00467526, 0.40294996, 0.00483122
0.70708334, -0.05996887, 0.70455033
0.76158112, 0.28140455
0.00467526, 0.43918064, 0.00791544
0.54896694, 0.58140814, 0.60045165
0.76158148, 0.28140378
-7.005e-05, 0.43901387, 0.00987388
0.0, 0.56212044, 0.82702106
0.76158148, 0.28140378
-7.005e-05, 0.40392175, -0.00658375
0.0, 0.81740773, -0.57603687
0.76158196, 0.2814033
-0.00481547, 0.4399856, -0.00154111
-0.54896694, 0.67452008, -0.49354532
0.76158148, 0.28140378
-0.00481547, 0.40294996, 0.00483122
-0.70708334, -0.05996887, 0.70455033
0.76158106, 0.28140396
-7.005e-05, 0.4027833, 0.00678966
0.0, -0.08481093, 0.99636829
0.76158106, 0.28140455
-7.005e-05, 0.44015244, -0.00349952
0.0, 0.6938383, -0.72008425
0.7615816, 0.28140378
0.00467526, 0.4399856, -0.00154111
0.54896694, 0.67452008, -0.49354532
0.7615816, 0.28140378
-0.00481547, 0.43918064, 0.00791544
-0.54896694, 0.58140814, 0.60045165
0.76158148, 0.28140378
0.00467526, 0.40375504, -0.00462531
0.80950344, 0.16138187, -0.56447035
0.7615819, 0.28140396
0.0066409, 0.43958309, 0.0031873
0.77636033, 0.6279794, 0.05343791
0.76158148, 0.28140378
0.0066409, 0.40335247, 0.00010283
1.0, 0.0, 0.0
0.76158148, 0.2814045
-0.00320328, 0.43931738, 0.00630904
-0.42027038, 0.76561785, 0.48695335
0.76158148, 0.28140378
-0.004501, 0.43958309, 0.00318727
-0.59437847, 0.80126345, 0.06820887
0.76158148, 0.28140378
-7.005e-05, 0.43920729, 0.0076021
0.0, 0.75084686, 0.66045105
0.76158148, 0.28140378
0.00306319, 0.43931738, 0.00630904
0.42027038, 0.76561785, 0.48695335
0.76158148, 0.28140378
0.0043609, 0.43958309, 0.0031873
0.59434795, 0.80126345, 0.06817835
0.76158148, 0.28140378
-0.00320328, 0.43984887, 6.526e-05
-0.42027038, 0.83693957, -0.3505356
0.76158148, 0.28140378
-7.005e-05, 0.44333896, 0.00795382
0.0, 0.56212044, 0.82702106
0.76158148, 0.28140378
0.0043609, 0.44371477, 0.00353898
0.77636033, 0.6279794, 0.05343791
0.76158148, 0.28140378
-0.00320328, 0.44344899, 0.00666075
-0.54896694, 0.58140814, 0.60045165
0.76158148, 0.28140378
0.00306307, 0.44398049, 0.00041698
0.54896694, 0.67452008, -0.49354532
0.76158148, 0.28140378
0.00306319, 0.44344899, 0.00666075
0.54896694, 0.58140814, 0.60045165
0.76158148, 0.28140378
-0.004501, 0.44371477, 0.00353898
-0.77636033, 0.6279794, 0.05343791
0.76158148, 0.28140378
-0.00320328, 0.44398049, 0.00041698
-0.54899746, 0.67452008, -0.49354532
0.76158148, 0.28140378
0.00374864, 0.33934936, -0.00151299
0.70711386, -0.05996887, 0.70451981
0.75755864, 0.29933578
-0.00013019, 0.30119935, -0.0176021
0.0, -0.08172857, 0.99664295
0.96292526, 0.34188843
-0.00013018, 0.34010854, -0.01445617
6.104e-05, -0.82683796, 0.5623951
0.78215545, 0.33958787
-0.00422002, 0.34014162, -0.01610486
-0.85177159, -0.23325297, 0.4691
0.78248888, 0.38042492
0.00565373, 0.34892246, -0.01934475
0.78035831, 0.62205875, -0.06372265
0.77593851, 0.27719915
0.00395965, 0.3496674, -0.01532266
0.68599504, 0.72515029, -0.05954161
0.7717551, 0.28191555
0.00395965, 0.34014162, -0.01610486
0.85308391, -0.23612171, 0.46525466
0.78347546, 0.30826229
-0.00547052, 0.33967331, -0.00531799
-1.0, 0.0, 0.0
0.74974614, 0.26808578
-0.00422002, 0.30134308, -0.01928995
-0.70644248, -0.05847346, 0.70531327
0.96276164, 0.38288724
-0.0059141, 0.33961198, -0.02013685
-0.99996948, 0.00064089, -0.00042726
0.78632176, 0.42049992
-0.00013019, 0.34997544, -0.0136569
-0.01489303, 0.95202488, -0.30558184
0.76801264, 0.27439684
-7.005e-05, 0.33921519, 6.321e-05
0.0, -0.08481093, 0.99636829
0.74974614, 0.28371078
-0.00388874, 0.33934936, -0.00151299
-0.70711386, -0.05996887, 0.70451981
0.74974614, 0.28371078
-0.0059141, 0.30168995, -0.02336506
-0.99996948, 0.00061037, -0.00030519
0.96256471, 0.42388535
-0.00422002, 0.3390843, -0.02416915
-0.69966733, 0.06271554, -0.71169162
0.79015464, 0.4605754
0.00374865, 0.3399972, -0.00912274
0.87826169, -0.16956083, -0.44706565
0.7659533, 0.31601679
-7.004e-05, 0.34013131, -0.01069895
-0.00045778, -0.78829312, -0.61528367
0.77029705, 0.33842856
-0.00422002, 0.30203691, -0.02744061
-0.70641196, 0.06286813, -0.70497757
0.96236801, 0.46488333
-0.00013018, 0.33886471, -0.02583935
0.0, 0.08862575, -0.99606311
0.79159051, 0.5014405
-0.00422002, 0.34014162, -0.01610486
-0.85177159, -0.23325297, 0.4691
0.76121521, 0.24348068
-0.00422002, 0.3496674, -0.01532266
-0.68468279, 0.72743917, -0.04486221
0.766361, 0.2650314
-0.0059141, 0.3489224, -0.01934428
-0.78035831, 0.62205875, -0.06363109
0.76931828, 0.25848258
0.00395965, 0.3390843, -0.02416915
0.69966733, 0.06271554, -0.71169162
0.79081124, 0.26067919
0.00565373, 0.33961198, -0.02013685
0.99996948, 0.00064089, -0.00039674
0.78903633, 0.28481179
0.00565373, 0.30168995, -0.02336506
0.99996948, 0.00061037, -0.00030519
0.95707065, 0.26103485
-0.0059141, 0.33961198, -0.02013685
-0.99996948, 0.00064089, -0.00042726
0.76822126, 0.23475552
-0.00422002, 0.34817943, -0.02336619
-0.53135777, 0.59862053, -0.59938353
0.77319193, 0.25588113
0.00395965, 0.30134308, -0.01928995
0.70644248, -0.05847346, 0.70531327
0.96006817, 0.30106044
-0.00013018, 0.33886471, -0.02583935
0.0, 0.08862575, -0.99606311
0.787269, 0.23546159
0.00395965, 0.30203685, -0.02744061
0.70641196, 0.06286813, -0.70497757
0.95397592, 0.22144449
-0.00422002, 0.3390843, -0.02416915
-0.69966733, 0.06271554, -0.71169162
0.77712327, 0.23104978
-0.00013018, 0.34787139, -0.02503198
0.0, 0.59233373, -0.8056581
0.77681941, 0.25916767
0.00395965, 0.34817943, -0.02336619
0.53132725, 0.59865105, -0.59935302
0.77789503, 0.26837105
-0.00388874, 0.3399972, -0.00912274
-0.87954342, -0.17322306, -0.44312876
0.74974614, 0.25246078
-7.004e-05, 0.34013131, -0.01069895
-0.00045778, -0.78829312, -0.61528367
0.74974614, 0.25246078
0.00533043, 0.33967331, -0.00531799
1.0, 0.0, 0.0
0.75960904, 0.30653954
-0.00013018, 0.34010854, -0.01445617
6.104e-05, -0.82683796, 0.5623951
0.75755864, 0.23683578
-7.005e-05, 0.35152259, 0.00111089
0.0, -0.08481093, 0.99636829
0.75986087, 0.28279918
0.0066409, 0.38971469, -0.0010581
1.0, 0.0, 0.0
0.7615819, 0.28140885
0.00467526, 0.3901172, -0.00578625
0.80953395, -0.06366161, -0.58357495
0.76158351, 0.28140575
-0.00481547, 0.38931218, 0.00367028
-0.70708334, -0.05996887, 0.70455033
0.76157868, 0.28140378
-0.00481547, 0.3901172, -0.00578625
-0.80953395, -0.06366161, -0.58357495
0.76158208, 0.28139919
-0.00207217, 0.40373167, -0.0096584
-0.63606679, 0.75048065, -0.17935728
0.76158214, 0.28140283
-7.005e-05, 0.38914546, 0.00562872
0.0, -0.08481093, 0.99636829
0.76157898, 0.28140676
-0.00100101, 0.39390728, -0.02633754
0.27619252, -0.70110172, -0.65736872
0.74275333, 0.41719371
0.00086092, 0.39390728, -0.02633753
-0.25235754, -0.71425521, -0.65276039
0.74275333, 0.41719371
-0.0005355, 0.39209744, -0.01704095
-0.00088504, -0.98251289, -0.18604083
0.72712833, 0.41719371
0.00467526, 0.38931218, 0.00367028
0.70708334, -0.05996887, 0.70455033
0.76157969, 0.28140897
-0.00678099, 0.38971469, -0.0010581
-1.0, 0.0, 0.0
0.76158005, 0.2814002
-7.005e-05, 0.39028391, -0.00774468
-3.052e-05, -0.70860928, -0.70558792
0.76158363, 0.28140146
0.00086092, 0.40348944, -0.02552182
-0.25223547, 0.81426436, -0.52278209
0.76158249, 0.28140265
0.00179182, 0.40365335, -0.02744748
0.18366039, 0.58687091, -0.78853726
0.76158249, 0.28140247
0.00179182, 0.39407119, -0.02826318
0.18366039, -0.44514298, -0.87640005
0.76158261, 0.28140247
-0.00100101, 0.40348944, -0.02552181
0.25226599, 0.81426436, -0.52278209
0.71150333, 0.40156871
0.00086092, 0.40348944, -0.02552182
-0.25223547, 0.81426436, -0.52278209
0.71931583, 0.40156871
0.00086092, 0.39390728, -0.02633753
-0.25235754, -0.71425521, -0.65276039
0.71931583, 0.37031871
0.00193213, 0.39098713, -0.01074331
0.63542587, -0.70998263, -0.30350658
0.76158303, 0.28140295
-0.00100101, 0.40348944, -0.02552181
0.25226599, 0.81426436, -0.52278209
0.76158261, 0.28140271
-0.00100101, 0.40348944, -0.02552181
0.25226599, 0.81426436, -0.52278209
0.0, 1.0
-7.005e-05, 0.40392175, -0.00658375
0.0, 0.81740773, -0.57603687
0.0, 1.0
0.00086092, 0.40348944, -0.02552182
-0.25223547, 0.81426436, -0.52278209
0.0, 1.0
0.00193201, 0.40373167, -0.0096584
0.63603628, 0.75048065, -0.17935728
0.76158226, 0.28140324
-0.00193192, 0.39407119, -0.02826318
-0.18408765, -0.43894771, -0.87942135
0.76158279, 0.28140265
-0.00193192, 0.40365335, -0.02744748
-0.18366039, 0.58687091, -0.78853726
0.76158261, 0.28140283
-0.0005355, 0.39209744, -0.01704095
-0.00088504, -0.98251289, -0.18604083
0.76158285, 0.28140217
-0.00207217, 0.39098713, -0.01074331
-0.63536483, -0.71019626, -0.30317086
0.76158279, 0.28140157
0.00086092, 0.39390728, -0.02633753
-0.25235754, -0.71425521, -0.65276039
0.76158261, 0.28140265
0.00086092, 0.39390728, -0.02633753
-0.25235754, -0.71425521, -0.65276039
0.74275333, 0.40156871
-7.005e-05, 0.39028391, -0.00774468
-3.052e-05, -0.70860928, -0.70558792
0.71150333, 0.40156871
-0.0005355, 0.39209744, -0.01704095
-0.00088504, -0.98251289, -0.18604083
0.74275333, 0.41719371
-0.00583852, -0.00122518, -0.02652543
-0.59782708, 0.11926633, -0.79268777
0.19574963, 0.80811143
-0.00583852, -0.00503351, -0.02712242
-0.62044132, 0.33716848, -0.70802939
0.19835927, 0.79137628
-0.00807417, -0.00544026, -0.0191514
-0.99169898, 0.10547197, -0.07315287
0.17998132, 0.78540395
0.0061972, 0.01147374, -0.02083442
0.99325544, -0.01892148, -0.11432233
0.06761255, 0.85225575
0.0061972, 0.02040117, -0.02233376
0.9929502, -0.01593066, -0.11737419
0.06703459, 0.88981902
0.00396477, 0.02085083, 0.00020052
0.66908783, 0.13083285, 0.7315287
0.11292895, 0.8808572
0.0039122, 0.03170413, -0.0303757
0.56166267, -0.1358684, -0.81609547
0.05269395, 0.93960842
0.00458752, 0.04484233, -0.03218369
0.51438946, -0.1427961, -0.84554583
0.05264684, 0.99343628
0.00719188, 0.04426406, -0.02615518
0.97894222, -0.09616382, -0.17999817
0.06562527, 0.98851265
-0.00807417, 0.00254443, -0.01933526
-0.99444562, -0.00885037, -0.10470901
0.17809731, 0.8195118
-0.00583852, 0.00111818, 0.00355808
-0.67323834, 0.12949003, 0.72795802
0.13071994, 0.80016947
-0.00583852, 0.01098544, 0.00187938
-0.67091894, 0.12436292, 0.73097932
0.13128811, 0.84100807
0.00396477, 0.01098544, 0.00187938
0.67097998, 0.12433241, 0.73094881
0.11418377, 0.84049563
-0.00094105, 0.02085083, 0.00020052
0.0, 0.17615284, 0.98434401
0.12278976, 0.88196396
-0.00094105, 0.01057445, -0.02724809
0.0, -0.16290781, -0.98663288
0.04329476, 0.85289048
0.00396477, 0.01057445, -0.02724811
0.58052307, -0.13263345, -0.80333871
0.05342538, 0.85252774
0.00396477, 0.0025831, -0.02592871
0.61684012, -0.01025422, -0.78701133
0.05294769, 0.81722885
-0.00646116, -0.01225472, 0.00582872
-0.66951507, 0.16061892, 0.7251808
0.13018745, 0.7444241
-0.00676085, -0.01727672, 0.00653684
-0.68034911, 0.14102603, 0.71916866
0.13013878, 0.72395745
-0.00094105, -0.01727672, 0.00653684
0.0, 0.16394544, 0.98644978
0.11845662, 0.72536761
-0.00583853, -0.00305626, 0.00433907
-0.6724143, 0.13550219, 0.72765285
0.13031556, 0.78266899
-0.00583852, -0.0072326, 0.00511965
-0.64458144, 0.1681875, 0.74578083
0.12983744, 0.76527636
-0.00094105, -0.0072326, 0.00511965
0.0, 0.16177861, 0.98681599
0.11984164, 0.76649605
0.00396477, -0.00305626, 0.00433907
0.67247534, 0.13547166, 0.72759181
0.11663553, 0.78278129
0.00396477, -0.0072326, 0.00511965
0.64479506, 0.16791284, 0.74565876
0.11755084, 0.76558657
0.0061972, -0.00544026, -0.0191514
0.99176002, 0.10495315, -0.07306131
0.06738096, 0.78004278
0.00396477, -0.00122518, -0.02652543
0.59797966, 0.11926633, -0.7925657
0.05119541, 0.80038759
0.00396477, -0.00503351, -0.0271224
0.62080753, 0.33680227, -0.70790732
0.04910909, 0.78382462
-0.00094105, -0.00503351, -0.0271224
0.0, 0.36790064, -0.92983794
0.03925427, 0.79033031
-0.00759519, -0.05912588, -0.03704468
-0.62453079, 0.07174902, -0.77767265
0.22951773, 0.58673114
-0.00759519, -0.10452809, -0.04104604
-0.57283241, -0.19415876, -0.79628897
0.24009427, 0.42210418
-0.01063122, -0.10455807, -0.02625767
-0.98419142, -0.16287729, -0.06909391
0.21603438, 0.41446024
0.00458335, -0.01225472, 0.00582872
0.66954559, 0.16037476, 0.72521132
0.11775327, 0.74489176
0.00488292, -0.01727672, 0.00653684
0.68037963, 0.14102603, 0.71910763
0.11828429, 0.72461101
0.00753449, -0.0148064, -0.02140309
0.99456769, 0.07553331, -0.07153539
0.06258661, 0.74226192
0.00458335, -0.00937948, -0.03008307
0.59755242, 0.48420668, -0.63908809
0.04470233, 0.76328789
0.00488292, -0.01372362, -0.03304333
0.57838678, 0.28656879, -0.7637257
0.04069706, 0.7459805
-0.00094105, -0.01372362, -0.03304333
0.0, 0.33631396, -0.94170964
0.03093613, 0.75406907
-0.00646115, -0.00937948, -0.03008307
-0.59743035, 0.48435926, -0.63905758
0.20364049, 0.77097541
-0.00676084, -0.01372362, -0.03304333
-0.57826471, 0.28659931, -0.76381725
0.20828006, 0.75352854
-0.00941635, -0.0148064, -0.02140309
-0.99453717, 0.07559435, -0.07162694
0.18587324, 0.74759534
0.00571751, -0.10970842, -0.03766929
0.54203928, -0.69585252, -0.4710837
0.01616848, 0.40839154
0.0057175, -0.10452809, -0.04104604
0.57295448, -0.19415876, -0.79622793
0.01295283, 0.42535108
0.008749, -0.10455807, -0.02625767
0.98425245, -0.16266365, -0.06900235
0.03571838, 0.41851163
-0.00759519, -0.06243552, 0.0151912
-0.68218023, 0.13934751, 0.71776479
0.12786618, 0.5434233
-0.0075952, -0.10759427, 0.02384603
-0.61812186, -0.12567522, 0.77593309
0.14080995, 0.37786335
-0.00094105, -0.10759427, 0.02384603
0.0, -0.16067995, 0.98699909
0.12866154, 0.36264789
0.00571751, -0.06243552, 0.0151912
0.68221074, 0.13934751, 0.71773428
0.12342886, 0.54298058
0.0057175, -0.10759427, 0.02384603
0.61815238, -0.12567522, 0.77590257
0.11170321, 0.38081264
-0.00094105, -0.05912588, -0.03704468
0.0, 0.08777124, -0.99612415
0.01045408, 0.58949485
0.00571751, -0.05912588, -0.03704468
0.62465286, 0.07174902, -0.7775811
0.02317144, 0.58479625
0.0057175, -0.11143764, -0.0269797
0.54246652, -0.83281958, -0.1099887
0.03100607, 0.39224553
0.0057175, -0.11616945, 0.01902534
0.57872248, -0.7197485, 0.38340405
0.10181939, 0.360264
-0.00094105, -0.11616945, 0.01902534
0.0, -0.88787502, 0.46006653
0.10540247, 0.33640784
-0.00759519, -0.10970842, -0.03766929
-0.54191715, -0.69591355, -0.47114474
0.23639216, 0.40457439
-0.00094111, -0.10452809, -0.04104604
0.0, -0.24243903, -0.97015291
0.25337055, 0.41363066
0.00396477, 0.03157358, -0.00181309
0.66487622, 0.118717, 0.73741877
0.11174605, 0.92508987
0.00470875, 0.0422982, -0.00382654
0.74059266, 0.06970428, 0.66829431
0.10987281, 0.96923355
-0.00094105, 0.0422982, -0.00382654
0.0, 0.18451491, 0.98281807
0.1211747, 0.96985991
-0.00798763, 0.03233261, -0.02424446
-0.99060029, -0.05761895, -0.12402722
0.17689078, 0.94451885
-0.00583852, 0.03157358, -0.00181307
-0.66527301, 0.11905271, 0.73702198
0.13166848, 0.92604303
-0.00658322, 0.0422982, -0.00382654
-0.74163032, 0.07052828, 0.66704309
0.13248096, 0.97035342
-0.00571955, 0.03170413, -0.0303757
-0.56068605, -0.13324381, -0.8171941
0.19021766, 0.94616361
-0.00630928, 0.04484233, -0.03218369
-0.51094091, -0.1396527, -0.8481704
0.18907255, 0.99970855
-0.00081004, 0.04484233, -0.03218369
0.0, -0.13632618, -0.99066132
0.20005736, 0.99970864
-0.0008756, 0.03170413, -0.0303757
0.0, -0.13632618, -0.99066132
0.04298478, 0.93899288
-0.00081004, 0.04484233, -0.03218369
0.0, -0.13632618, -0.99066132
0.04183814, 0.99234763
0.00396477, 0.01856584, -0.02856772
0.57802057, -0.12143315, -0.80690938
0.05323574, 0.88572168
-0.00094105, 0.01856584, -0.02856772
0.0, -0.14963225, -0.98873866
0.04329107, 0.88557708
-0.00094105, 0.01856584, -0.02856772
0.0, -0.14963225, -0.98873866
0.20070024, 0.8935265
-0.00583852, 0.01856584, -0.02856772
-0.57832575, -0.12012085, -0.80687886
0.19098103, 0.8926497
-0.00895918, 0.04426406, -0.02615518
-0.97848445, -0.09131138, -0.18485062
0.17622524, 0.99360354
-0.00807417, 0.02040117, -0.02233376
-0.99285865, -0.01403851, -0.1183813
0.17718972, 0.89528146
-0.00583852, 0.02085083, 0.00020052
-0.66905731, 0.13083285, 0.73158973
0.13152285, 0.88159303
-0.00094105, 0.03157358, -0.00181307
0.0, 0.18451491, 0.98281807
0.12169746, 0.92577612
-0.00094105, 0.02085083, 0.00020052
0.0, 0.17615284, 0.98434401
0.12165135, 0.88176903
-0.00759519, -0.11616945, 0.01902534
-0.57866144, -0.71977907, 0.38340405
0.15030573, 0.35620755
-0.00094105, -0.11616945, 0.01902534
0.0, -0.88787502, 0.46006653
0.14621204, 0.33346719
-0.00094105, -0.10759427, 0.02384603
0.0, -0.16067995, 0.98699909
0.12335008, 0.36503375
-0.00094105, -0.11143764, -0.0269797
0.0, -0.99136329, -0.13104647
0.22592659, 0.3625356
-0.00094111, -0.10970842, -0.03766929
0.0, -0.83822137, -0.54530472
0.24595714, 0.38732076
-0.00759519, -0.11143764, -0.0269797
-0.54222238, -0.83297217, -0.1099887
0.22059241, 0.38709486
-0.00094105, -0.11143764, -0.0269797
0.0, -0.99136329, -0.13104647
0.02573248, 0.36926258
-0.00094105, -0.05912588, -0.03704468
0.0, 0.08777124, -0.99612415
0.24331626, 0.59234709
-0.00094105, -0.01372362, -0.03304333
0.0, 0.33631396, -0.94170964
0.21828476, 0.76303864
0.008749, -0.05966013, -0.02406706
0.99710071, 0.01898251, -0.07364117
0.04870017, 0.57681188
-0.00094105, -0.06243552, 0.0151912
0.0, 0.18820764, 0.98211616
0.13720393, 0.54200122
-0.00094105, -0.01727672, 0.00653684
0.0, 0.16394544, 0.98644978
0.12994924, 0.7270596
-0.00094105, -0.06243552, 0.0151912
0.0, 0.18820764, 0.98211616
0.11483147, 0.54197237
-0.00094111, -0.10970842, -0.03766929
0.0, -0.83822137, -0.54530472
0.00716644, 0.39365405
-0.00094111, -0.10452809, -0.04104604
0.0, -0.24243903, -0.97015291
0.00029136, 0.418253
-0.00898005, -0.01012427, -0.02027733
-0.98474073, 0.15985595, -0.06866664
0.18298005, 0.76634598
-0.00094105, -0.00937948, -0.03008307
0.0, 0.56306648, -0.82641071
0.21315578, 0.78156887
-0.00094105, -0.00503351, -0.0271224
0.0, 0.36790064, -0.92983794
0.20832251, 0.80000047
-0.00094105, -0.00937948, -0.03008307
0.0, 0.56306648, -0.82641071
0.03530413, 0.77222121
0.00709831, -0.01012427, -0.02027733
0.98480177, 0.15936765, -0.06860561
0.06494725, 0.76098236
-0.01063121, -0.05966013, -0.02406706
-0.99707019, 0.01901303, -0.07373272
0.20311628, 0.57772991
-0.00094105, -0.00122518, -0.02652543
0.0, 0.1548204, -0.98791468
0.20569225, 0.81430644
-0.00094105, 0.0025831, -0.02592871
0.0, -0.00408948, -0.99996948
0.20366348, 0.82938701
-0.00094105, -0.00122518, -0.02652543
0.0, 0.1548204, -0.98791468
0.04122773, 0.80497333
0.0061972, -0.00144692, -0.01924339
0.9944151, 0.00219733, -0.10525834
0.06776028, 0.79708333
0.0061972, 0.00254443, -0.01933526
0.99447614, -0.00885037, -0.10455641
0.06828087, 0.81393124
0.00396477, 0.00111818, 0.00355808
0.67329937, 0.12949003, 0.72792751
0.11578221, 0.80006318
-0.00094105, -0.00305626, 0.00433907
0.0, 0.18378246, 0.98294014
0.12652214, 0.7848725
-0.00094105, -0.0072326, 0.00511965
0.0, 0.16177861, 0.98681599
0.12747246, 0.76791248
-0.00094105, 0.00111818, 0.00355808
0.0, 0.17578661, 0.98440504
0.12566939, 0.80189876
-0.00094105, -0.00305626, 0.00433907
0.0, 0.18378246, 0.98294014
0.12033102, 0.7837065
-0.00094105, -0.01225472, 0.00582872
0.0, 0.13968322, 0.99017304
0.12875853, 0.7475886
-0.00094105, -0.01225472, 0.00582872
0.0, 0.13968322, 0.99017304
0.11910916, 0.74598742
-0.00583852, 0.01057445, -0.02724809
-0.58033997, -0.13266397, -0.80346078
0.19180039, 0.85994354
-0.00094105, 0.01057445, -0.02724809
0.0, -0.16290781, -0.98663288
0.20158464, 0.86159112
-0.00094105, 0.01098544, 0.00187938
0.0, 0.16772974, 0.98580891
0.12135169, 0.84143868
-0.00094105, 0.00111818, 0.00355808
0.0, 0.17578661, 0.98440504
0.12072729, 0.80094343
-0.00094105, 0.01098544, 0.00187938
0.0, 0.16772974, 0.98580891
0.12403744, 0.84190916
-0.00807417, 0.01147374, -0.02083442
-0.99322492, -0.01895199, -0.11447493
0.17765838, 0.85790975
-0.00583852, 0.0025831, -0.02592871
-0.6166265, -0.01025422, -0.78716391
0.19342731, 0.82476205
0.00615882, 0.03233261, -0.02424446
0.99075288, -0.06128117, -0.12079226
0.06609979, 0.93926034
-0.00807417, -0.00144692, -0.01924339
-0.9944151, 0.00219733, -0.10541093
0.17911088, 0.8026073
-0.00725223, 0.13630307, -0.00652505
-0.97320473, -0.22977386, 0.00357067
0.9427163, 0.77102864
-0.00384785, 0.12934719, -0.00639599
-0.5391705, -0.84109014, -0.0426954
0.94442976, 0.73942426
-0.00384785, 0.12917738, -0.0030519
-0.48735008, -0.86672568, 0.10592975
0.93796593, 0.73834491
0.0035355, 0.17557257, -0.00318215
0.65077668, 0.7579577, -0.04406873
0.91652369, 0.95767529
0.0035355, 0.17652702, 0.01297232
0.63942379, 0.76253545, -0.0982696
0.88328338, 0.95087844
0.0058211, 0.16637963, 0.01434362
0.99444562, 0.10419019, -0.01297037
0.88060677, 0.99362251
-0.00496663, 0.17557257, -0.00318215
-0.65077668, 0.7579577, -0.04406873
0.91846412, 0.92426263
-0.00496663, 0.17652702, 0.01297232
-0.63942379, 0.76253545, -0.0982696
0.8854807, 0.91537093
-0.00725223, 0.16542403, -0.00404606
-0.99481183, 0.10144353, -0.00524918
0.92456323, 0.88417229
-0.00725223, 0.13726018, 0.01827798
-0.72884303, -0.66304511, 0.17059846
0.89357489, 0.7533154
-0.00496663, 0.18078794, 0.0341575
-0.63347268, 0.75267798, -0.17926572
0.84037149, 0.90661064
-0.00725223, 0.14151622, 0.04273587
-0.68926054, -0.70131534, 0.18179876
0.84660518, 0.75212556
-0.00725223, 0.15229857, 0.07370743
-0.6997894, -0.66655475, 0.25678274
0.7887395, 0.75671598
-0.00725223, 0.17805123, 0.06115614
-0.99395734, 0.10324412, -0.03671377
0.7931031, 0.85893501
0.0058211, 0.13726018, 0.01827798
0.72884303, -0.66304511, 0.17059846
0.89346176, 0.70009392
0.0058211, 0.14151622, 0.04273587
0.68926054, -0.70131534, 0.18179876
0.84571463, 0.70399207
-0.00725223, 0.16637963, 0.01434362
-0.99444562, 0.10419019, -0.01297037
0.88773698, 0.87199144
0.00353549, 0.18078794, 0.03415751
0.63347268, 0.75267798, -0.17926572
0.83854318, 0.94084736
0.0058211, 0.17063941, 0.03637411
0.99438459, 0.10269479, -0.02459792
0.83654135, 0.98249905
0.00241672, 0.12934719, -0.00639598
0.5391705, -0.84109014, -0.0426954
0.94442976, 0.71380356
0.00241672, 0.12917738, -0.0030519
0.48735008, -0.86672568, 0.10592975
0.93769819, 0.71489936
0.0058211, 0.13630307, -0.00652505
0.97320473, -0.22977386, 0.00357067
0.9426614, 0.68145493
0.0035355, 0.1870262, 0.05678233
0.63460189, 0.73165077, -0.2487869
0.79141873, 0.93088448
-0.00496663, 0.1870262, 0.05678231
-0.63460189, 0.73165077, -0.2487869
0.79349113, 0.89796974
-0.00496663, 0.1942296, 0.07456825
-0.64265877, 0.67958617, -0.35370952
0.75716913, 0.89032935
0.0058211, 0.15229857, 0.07370745
0.6997894, -0.66655475, 0.25678274
0.78643835, 0.70948559
-0.00725223, 0.16163811, 0.09576785
-0.70119327, -0.64894557, 0.29517502
0.74994659, 0.76686592
-0.00725223, 0.16990116, 0.11273184
-0.57023835, -0.21201208, 0.79363382
0.72735077, 0.77779959
-0.00725223, 0.19520208, 0.0955929
-0.72374648, 0.44627216, 0.52632219
0.729738, 0.85229965
0.00582109, 0.17805123, 0.06115615
0.99395734, 0.10324412, -0.03671377
0.78651398, 0.96941269
0.0035355, 0.1942296, 0.07456825
0.64265877, 0.67958617, -0.35370952
0.75413066, 0.92005004
0.00582109, 0.16163811, 0.09576785
0.70119327, -0.64894557, 0.29517502
0.74301142, 0.72220299
-0.00725223, 0.18580756, 0.08004773
-0.99438459, 0.09350871, -0.04898221
0.75716448, 0.85319765
0.00582109, 0.19520208, 0.0955929
0.72374648, 0.44627216, 0.52632219
0.70803779, 0.86869264
0.0035355, 0.20401847, 0.08961867
0.5065462, 0.8501541, 0.14349803
0.72355932, 0.90021929
-0.00496663, 0.20401847, 0.08961867
-0.5065462, 0.8501541, 0.14349803
0.73187292, 0.87898107
0.00582109, 0.18580754, 0.08004774
0.99438459, 0.09350871, -0.04898221
0.74808371, 0.95650487
0.00582109, 0.16990118, 0.11273187
0.57023835, -0.21201208, 0.79363382
0.70678896, 0.75391592
0.00582109, 0.18580754, 0.08004774
0.99438459, 0.09350871, -0.04898221
0.74006921, 0.60442075
0.00582109, 0.19520208, 0.0955929
0.72374648, 0.44627216, 0.52632219
0.69881517, 0.61441234
0.00582109, 0.17805123, 0.06115615
0.99395734, 0.10324412, -0.03671377
0.78533304, 0.59396306
0.0058211, 0.17063941, 0.03637411
0.99438459, 0.10269479, -0.02459792
0.84009778, 0.58770153
0.0058211, 0.16637963, 0.01434362
0.99444562, 0.10419019, -0.01297037
0.88681167, 0.58033305
-0.00725223, 0.17063941, 0.03637411
-0.99438459, 0.10269479, -0.02459792
0.84261543, 0.86470218
0.0058211, 0.16542403, -0.00404606
0.99481183, 0.10144353, -0.00524918
0.92393333, 0.56650248
0.00702845, 0.11952262, 0.01614351
0.57734919, -0.62422562, 0.52626115
0.02492941, 0.25151861
-0.00866831, 0.11952258, 0.01614398
-0.57731867, -0.62422562, 0.52629167
0.04572387, 0.21015102
-0.00866831, 0.12110852, -0.00248638
-0.70708334, -0.70455033, -0.05996887
0.02108581, 0.16061133
-0.00866831, 0.12775734, 0.01684499
-0.70708334, -0.05996887, 0.70455033
0.05636214, 0.22787219
-0.00866831, 0.1295723, 0.0169995
-0.70708334, -0.05996887, 0.70455033
0.05936695, 0.23272145
-0.00866831, 0.13256079, -0.00151148
-0.70708334, 0.70455033, 0.05996887
0.0838003, 0.18354297
0.00702845, 0.13097484, 0.01711888
0.57731867, 0.5261696, 0.62431717
0.04061277, 0.28169262
0.00702845, 0.13256079, -0.00151148
0.70708334, 0.70455033, 0.05996887
0.06733362, 0.33288449
-0.00866831, 0.13256079, -0.00151148
-0.70708334, 0.70455033, 0.05996887
0.08882154, 0.28801978
0.00702845, 0.13256079, -0.00151148
0.70708334, 0.70455033, 0.05996887
0.01591779, 0.3328079
0.00702845, 0.12775739, 0.01684451
0.70708334, -0.05996887, 0.70455033
0.03616848, 0.27308875
0.00702845, 0.12110852, -0.00248638
0.70708334, -0.70455033, -0.05996887
0.00029136, 0.30251408
-0.00546886, 0.12775734, 0.01684499
-0.33478805, -0.39350566, 0.85616624
0.05247435, 0.23786157
-0.00866831, 0.13097484, 0.01711888
-0.57734919, 0.52629167, 0.62422562
0.06210068, 0.23682797
-0.00552381, 0.1295723, 0.0169995
-0.2710349, 0.2049318, 0.94048893
0.0552418, 0.24261749
-0.00555314, 0.12788658, 0.02510879
-0.57997376, 0.44480726, 0.68242437
0.77136195, 0.11303991
-0.00555314, 0.1261085, 0.02472341
-0.58101135, -0.68361461, 0.44163334
0.77136207, 0.1199553
0.00416409, 0.1261085, 0.02472341
0.5764336, -0.68517107, 0.44523454
0.78981757, 0.11995518
0.00420319, 0.12957233, 0.01699902
0.27124852, 0.21057771, 0.93917662
0.04223078, 0.26991254
0.00419687, 0.12775739, 0.01684451
0.3332316, -0.38175604, 0.86208683
0.03974231, 0.26524675
0.00419687, 0.12775739, 0.01684451
0.3332316, -0.38175604, 0.86208683
0.80510473, 0.12017339
0.00420319, 0.12957233, 0.01699902
0.27124852, 0.21057771, 0.93917662
0.80554825, 0.11331517
0.00416409, 0.12788658, 0.02510879
0.57557911, 0.4449904, 0.68602556
0.78981757, 0.11303991
-0.00552381, 0.1295723, 0.0169995
-0.2710349, 0.2049318, 0.94048893
0.77141756, 0.08157766
-0.00546886, 0.12775734, 0.01684499
-0.33478805, -0.39350566, 0.85616624
0.77152205, 0.15053004
0.00419687, 0.12775739, 0.01684451
0.3332316, -0.38175604, 0.86208683
0.78987974, 0.15053004
-0.00552381, 0.1295723, 0.0169995
-0.2710349, 0.2049318, 0.94048893
0.75563133, 0.11331171
-0.00546886, 0.12775734, 0.01684499
-0.33478805, -0.39350566, 0.85616624
0.75607413, 0.12017334
-0.00460817, 0.12256538, 0.01520948
-0.74272895, 0.42854092, 0.51445049
0.55750656, 0.64743224
-0.00460817, 0.12184317, 0.01395662
-0.66512042, -0.47795036, -0.57371747
0.56019187, 0.64770511
-0.00460817, 0.11583104, 0.01896527
-0.79100925, -0.21106601, -0.57420576
0.55841225, 0.61587349
-0.00460817, 0.09385215, 0.01918416
-0.77419353, 0.16714987, -0.61043125
0.55773699, 0.52910319
-0.00460817, 0.09343386, 0.02056748
-0.65001374, -0.19824824, 0.73357344
0.55514437, 0.52910331
-0.00460817, 0.08759125, 0.01704081
-0.64836574, -0.56242561, 0.5130772
0.5548566, 0.50635931
0.00318526, 0.08759125, 0.01704081
0.64836574, -0.56242561, 0.5130772
0.54156733, 0.50509319
0.00318526, 0.09343386, 0.02056748
0.65001374, -0.19824824, 0.73357344
0.54126132, 0.52806196
0.00318526, 0.09385215, 0.01918415
0.77419353, 0.16714987, -0.61043125
0.53853846, 0.52806768
0.00318526, 0.11583104, 0.01896527
0.79100925, -0.21106601, -0.57420576
0.53841448, 0.61405864
0.00318526, 0.09385215, 0.01918415
0.77419353, 0.16714987, -0.61043125
0.57228994, 0.52765653
0.00318526, 0.11655327, 0.0202179
0.63921016, 0.26718956, 0.72109133
0.54120427, 0.61547253
-0.00460817, 0.11655327, 0.0202179
-0.63921016, 0.26718956, 0.72109133
0.55567104, 0.61729047
-0.00460816, 0.08631002, 0.01120121
-0.76805931, 0.62871182, -0.12146367
0.55766904, 0.48527288
-0.00460817, 0.08477268, 0.01122612
-0.65410322, -0.7421186, 0.14612262
0.55480552, 0.48392785
-0.00460817, 0.08859302, 0.01599909
-0.77773368, 0.46620074, -0.4215827
0.5571602, 0.50593945
0.00318526, 0.08859302, 0.01599909
0.77773368, 0.46620074, -0.4215827
0.57205081, 0.50518319
0.00318526, 0.08859302, 0.01599909
0.77773368, 0.46620074, -0.4215827
0.539105, 0.50468954
0.00318526, 0.12256538, 0.01520947
0.74272895, 0.42854092, 0.51445049
0.53907919, 0.64770249
0.00318526, 0.12184317, 0.01395662
0.66512042, -0.47795036, -0.57371747
0.5359239, 0.64786473
0.00318526, 0.12184317, 0.01395662
0.66512042, -0.47795036, -0.57371747
0.57573313, 0.64441082
0.00318526, 0.11583104, 0.01896527
0.79100925, -0.21106601, -0.57420576
0.57407928, 0.61320218
0.00318526, 0.08720801, -0.00317037
0.68868071, 0.72362435, 0.04519791
0.57336748, 0.43133187
-0.00460817, 0.08720801, -0.00317037
-0.68868071, 0.72362435, 0.04519791
0.55919248, 0.42992258
0.00318526, 0.08631002, 0.01120121
0.76808983, 0.62871182, -0.12146367
0.57223463, 0.48586845
0.00318526, 0.08477266, 0.01122612
0.65410322, -0.7421186, 0.14612262
0.54139757, 0.48279846
0.00318526, 0.08631002, 0.01120121
0.76808983, 0.62871182, -0.12146367
0.53856242, 0.48416376
0.00318526, 0.08567256, -0.0031453
0.72420424, -0.68822289, -0.04309214
0.53989702, 0.4300456
0.00318526, 0.08720801, -0.00317037
0.68868071, 0.72362435, 0.04519791
0.5369997, 0.42992258
-0.00460817, 0.08567256, -0.0031453
-0.72417372, -0.68822289, -0.04309214
0.5564397, 0.43001664
0.00112693, 0.09386515, -0.00811024
0.70708334, -0.70455033, -0.05996887
0.75504863, 0.08946663
0.00112693, 0.0932565, -0.00096041
0.66469312, -0.74202704, 0.08685568
0.74201465, 0.08711004
-0.00233848, 0.0932565, -0.00096041
-0.66469312, -0.74202704, 0.08685568
0.74148941, 0.09891456
0.00112693, 0.1029209, -0.00733935
0.78093815, 0.59514147, -0.18948942
0.75504863, 0.05256832
0.00112693, 0.10429089, -0.00303698
0.60615861, 0.77211827, 0.19074069
0.74634439, 0.04607999
-0.00233848, 0.1029209, -0.00733935
-0.78093815, 0.59514147, -0.18948942
0.74945813, 0.13711631
-0.00233848, 0.10429089, -0.00303698
-0.60615861, 0.77211827, 0.19074069
0.74133825, 0.13455558
0.00112693, 0.10429089, -0.00303698
0.60615861, 0.77211827, 0.19074069
0.73895621, 0.14593542
-0.00233848, 0.09386515, -0.00811024
-0.70708334, -0.70455033, -0.05996887
0.75409591, 0.10307032
-0.00233848, 0.09478202, 0.00367344
-0.70793784, -0.67165136, 0.21832941
0.73253506, 0.09792757
-0.00233848, 0.09820611, 0.00295969
-0.81350136, 0.54332101, 0.20731224
0.73092139, 0.11240381
-0.00233848, 0.09695008, 0.01042866
-0.63475448, -0.602588, 0.48365733
0.71986461, 0.09158021
-0.00233848, 0.09859785, 0.00910667
-0.79454941, 0.5544908, -0.24735253
0.719019, 0.09928322
0.00112693, 0.09820611, 0.00295969
0.81350136, 0.54332101, 0.20731224
0.73409283, 0.07023269
0.00112693, 0.09478202, 0.00367344
0.70793784, -0.67165136, 0.21832941
0.73355931, 0.08401519
0.00112693, 0.09859785, 0.00910667
0.79454941, 0.5544908, -0.24732199
0.71563721, 0.11126596
0.00112693, 0.09859785, 0.00910667
0.79454941, 0.5544908, -0.24732199
0.72158188, 0.07294226
0.00112693, 0.09695008, 0.01042866
0.63475448, -0.602588, 0.48365733
0.72075474, 0.08040392
0.00112693, 0.10383955, 0.01445289
0.53813291, 0.66481519, 0.51805168
0.70692724, 0.07218838
-0.00233848, 0.10383955, 0.01445287
-0.53813291, 0.66481519, 0.51805168
0.70522237, 0.08682972
0.01030086, 0.2347002, -0.03044069
0.73192543, -0.63878292, -0.23709831
0.45773846, 0.11743569
0.01030086, 0.23403893, -0.02267274
0.57734919, -0.62422562, 0.52629167
0.46263984, 0.12899727
-0.00044883, 0.23403893, -0.02267274
0.0, -0.76451916, 0.64455092
0.47067189, 0.12266195
0.01030086, 0.30260801, -0.02465989
0.73192543, 0.66966766, -0.12570573
0.44701797, 0.32097489
0.01030086, 0.30194676, -0.01689195
0.57734919, 0.52629167, 0.62422562
0.45954338, 0.31523985
0.01030086, 0.26799282, -0.01978233
0.70708334, -0.05996887, 0.70455033
0.45513961, 0.2054708
-0.00044883, 0.30260795, -0.02465988
0.0, 0.99636829, 0.08481093
0.51556677, 0.36152506
-0.01119853, 0.30260801, -0.02465989
-0.73192543, 0.66966766, -0.12570573
0.51173151, 0.30143076
-0.01119853, 0.30194676, -0.01689195
-0.57734919, 0.52629167, 0.62422562
0.49961984, 0.29754084
-0.01119853, 0.26865408, -0.02755029
-0.97042757, 0.0204474, -0.24051638
0.50773937, 0.19105309
-0.01119853, 0.2347002, -0.03044069
-0.73192543, -0.63878292, -0.23709831
0.48249859, 0.11213177
-0.01119853, 0.23403893, -0.02267274
-0.57734919, -0.62422562, 0.52629167
0.47819465, 0.12263262
-0.00044883, 0.30194676, -0.01689193
0.0, 0.64458144, 0.76451916
0.48493549, 0.35594261
0.00616669, 0.26931533, -0.035318
0.51548815, 0.07266457, -0.85378581
0.42016631, 0.19622672
0.00616669, 0.23536144, -0.03820842
0.40949735, -0.54747152, -0.72975862
0.45240387, 0.09522939
-0.00044883, 0.23536144, -0.03820842
0.0, -0.64458144, -0.76451916
0.46198601, 0.00029141
-0.00044883, 0.26931533, -0.03531802
0.0, 0.08481093, -0.99636829
0.54160857, 0.16162944
-0.00706435, 0.23536144, -0.03820842
-0.40949735, -0.54747152, -0.72975862
0.48689967, 0.08416528
-0.00044883, 0.30326924, -0.03242761
0.0, 0.76451916, -0.64455092
0.54160857, 0.32838166
-0.00706435, 0.26931533, -0.03531802
-0.51548815, 0.07266457, -0.85378581
0.52589387, 0.17568141
0.00616669, 0.30326924, -0.03242761
0.40949735, 0.66295356, -0.6266976
0.43149471, 0.33230865
-0.00044883, 0.26931533, -0.03531802
0.0, 0.08481093, -0.99636829
0.39998394, 0.18705714
-0.00044883, 0.26799282, -0.01978233
0.0, -0.08481093, 0.99636829
0.47530091, 0.20573336
-0.01119853, 0.26799282, -0.01978233
-0.70708334, -0.05996887, 0.70455033
0.49370122, 0.19938326
-0.00044883, 0.30260795, -0.02465988
0.0, 0.99636829, 0.08481093
0.45286617, 0.39218622
-0.00044883, 0.30326924, -0.03242761
0.0, 0.76451916, -0.64455092
0.41896182, 0.365165
-0.00706435, 0.30326924, -0.03242761
-0.40949735, 0.66295356, -0.6266976
0.52643448, 0.30512309
0.01030086, 0.26865408, -0.02755029
0.97042757, 0.0204474, -0.24051638
0.43996799, 0.20232356
-0.00044883, 0.2347002, -0.03044069
0.0, -0.99636829, -0.08481093
0.4694393, 0.10224086
0.010226, 0.20526506, -0.00465121
0.73033845, -0.66823328, 0.1414533
0.63559985, 0.66916749
-0.01110972, 0.20526506, -0.00465121
-0.73033845, -0.66823328, 0.1414533
0.6501655, 0.67202687
-0.01110972, 0.207077, -0.0245645
-0.57765436, -0.52433848, -0.62559891
0.67160004, 0.60409105
0.010226, 0.30121228, -0.00648783
0.73021638, 0.64387953, 0.22833949
0.62019801, 0.96606152
0.00499879, 0.30036172, 0.0035032
0.41135898, 0.56685078, 0.71373636
0.63028967, 0.95047143
0.00499879, 0.28523943, 0.00309595
0.5256508, -0.0258797, 0.85027617
0.62706864, 0.91719869
-0.01110972, 0.24282572, -0.0101069
-0.97918636, -0.00909452, 0.20270394
0.67412478, 0.76614825
-0.01110972, 0.21844026, -0.01148048
-0.99389631, 0.05352946, 0.09640797
0.66508847, 0.68737298
-0.00588251, 0.22980545, 0.00160348
-0.58803064, 0.07361065, 0.80544448
0.64934045, 0.72635517
0.00499879, 0.20441674, 0.0039651
0.3892636, -0.66985077, 0.63222146
0.64002645, 0.67909378
-0.00588251, 0.30036172, 0.0035032
-0.41135898, 0.56685078, 0.71373636
0.63821077, 0.94924241
-0.00044186, 0.28523943, 0.00309595
0.0, -0.02688681, 0.99963379
0.63494599, 0.91655176
0.00499879, 0.21061422, 0.00444721
0.48597676, -0.07141331, 0.87102878
0.63870186, 0.68615571
-0.00588251, 0.21061422, 0.00444721
-0.48597676, -0.07141331, 0.87102878
0.64561945, 0.68604496
-0.00588251, 0.20441674, 0.00396511
-0.3892636, -0.66985077, 0.63222146
0.64458108, 0.67908889
-0.00588251, 0.22330859, 0.00326641
-0.55619985, 0.24024171, 0.79552597
0.6476776, 0.70874602
0.00499879, 0.22330859, 0.00326641
0.55619985, 0.24024171, 0.79552597
0.63539493, 0.70671538
0.010226, 0.21452725, -0.00351675
0.95434433, 0.11038545, 0.27747428
0.63097501, 0.68418443
0.00499879, 0.21681173, 0.00492908
0.47029024, 0.08017212, 0.87884152
0.63776362, 0.69454408
0.010226, 0.21844026, -0.01148048
0.99389631, 0.05352946, 0.09640797
0.61965728, 0.68200263
0.00499879, 0.22980545, 0.00160348
0.58803064, 0.07361065, 0.80544448
0.63253963, 0.72483617
-0.00588251, 0.21681173, 0.00492908
-0.47029024, 0.08017212, 0.87884152
0.64610124, 0.69498366
-0.01110972, 0.21452725, -0.00351675
-0.95434433, 0.11038545, 0.27747428
0.65355188, 0.68677214
0.010226, 0.24380559, -0.0214379
0.61772513, 0.41526535, -0.66777551
0.61314684, 0.42495757
0.010226, 0.207077, -0.0245645
0.57765436, -0.52433848, -0.62559891
0.61809915, 0.609824
0.010226, 0.28306645, -0.01590201
0.84023559, -0.23328349, -0.48942533
0.60735476, 0.20874959
0.010226, 0.27297682, -0.0167609
0.83568835, 0.30890834, -0.45402387
0.608715, 0.25952643
-0.01110972, 0.27297682, -0.01676092
-0.83568835, 0.30890834, -0.45402387
0.66221583, 0.25379336
-0.00044186, 0.26414299, 0.00252806
0.0, -0.02685629, 0.99963379
0.63707608, 0.84661964
-0.00044186, 0.26508263, 0.00255326
0.0, -0.02682577, 0.99963379
0.63695496, 0.85010144
-0.00588251, 0.26508263, 0.00255326
-0.53721732, -0.02484207, 0.84307384
0.64701998, 0.85177074
0.00499879, 0.26414299, 0.00252806
0.53999448, -0.0229194, 0.84133428
0.62694144, 0.84536937
0.00499879, 0.26508263, 0.00255326
0.53721732, -0.02484207, 0.84307384
0.62684858, 0.84893812
-0.01110972, 0.27113357, -0.00830755
-0.97567677, -0.01205481, 0.21875668
0.668589, 0.88000707
-0.01110972, 0.2599346, -0.00897493
-0.97613454, -0.01379437, 0.2166509
0.67239839, 0.83529778
-0.01110972, 0.2718395, -0.01905145
-0.61159092, 0.44502091, -0.65410322
0.690651, 0.89124082
-0.01110972, 0.26077685, -0.01999317
-0.61418498, -0.31461531, -0.72371596
0.69547343, 0.84198007
-0.01110972, 0.24380559, -0.0214379
-0.61772513, 0.41526535, -0.66777551
0.69823247, 0.76388672
-0.01110972, 0.30206281, -0.01647862
-0.57734919, 0.62422562, -0.52629167
0.65330517, 0.99970864
-0.01110972, 0.30121228, -0.00648783
-0.73021638, 0.64387953, 0.22833949
0.64617079, 0.96904809
0.010226, 0.2599346, -0.00897493
0.97613454, -0.01379437, 0.2166509
0.60272706, 0.82557698
0.010226, 0.25916225, -0.0179369
0.8311106, -0.22171697, -0.50996429
0.58400625, 0.81927903
0.010226, 0.26077685, -0.01999319
0.61418498, -0.31464583, -0.72371596
0.57929105, 0.82553396
0.010226, 0.28447387, -0.01797592
0.60908842, -0.34125796, -0.71590322
0.58755153, 0.93504811
0.010226, 0.30206281, -0.01647863
0.57734919, 0.62422562, -0.52629167
0.61135441, 0.99970864
-0.00044186, 0.27566716, 0.00283838
0.0, -0.0270394, 0.99963379
0.63576418, 0.88715465
0.00499879, 0.28428641, 0.00307034
0.52827537, -0.02319407, 0.84875029
0.62690353, 0.91428781
-0.00044186, 0.28428641, 0.00307034
0.0, -0.02685629, 0.99963379
0.63501614, 0.91380418
0.010226, 0.27297682, -0.0167609
0.83568835, 0.30890834, -0.45402387
0.585495, 0.88083912
0.010226, 0.27246004, -0.00821663
0.97473067, -0.01428266, 0.22281563
0.60367638, 0.87654237
0.010226, 0.27113357, -0.00830755
0.97567677, -0.01205481, 0.21875668
0.60336983, 0.87130412
-0.01110972, 0.27297682, -0.01676092
-0.83568835, 0.30890834, -0.45402387
0.68533051, 0.8942483
-0.01110972, 0.27246004, -0.00821663
-0.97473067, -0.01428266, 0.22281563
0.66793478, 0.8850437
-0.01110972, 0.2822459, -0.0076346
-0.97427291, -0.01239051, 0.22492142
0.66235185, 0.92055271
-0.00588251, 0.27566716, 0.00283838
-0.53154087, -0.02493362, 0.84664446
0.64497006, 0.8891163
-0.00044186, 0.27490702, 0.00281771
0.0, -0.0270394, 0.99963379
0.63584346, 0.88456336
-0.01110972, 0.28306645, -0.01590201
-0.84023559, -0.23328349, -0.48942533
0.66085553, 0.20301652
-0.01110972, 0.28447387, -0.01797593
-0.60908842, -0.34125796, -0.71590322
0.66051877, 0.19044632
0.00499879, 0.27490702, 0.00281771
0.53395182, -0.02319407, 0.84517962
0.62644792, 0.884161
0.00499879, 0.27566716, 0.00283838
0.53154087, -0.02493362, 0.84664446
0.62647235, 0.88684837
0.010226, 0.24520139, -0.01912536
0.82488477, 0.29850155, -0.48002565
0.61278385, 0.41140872
-0.01110972, 0.24520139, -0.01912536
-0.82488477, 0.29850155, -0.48002565
0.66628468, 0.40567571
-0.01110972, 0.25916225, -0.0179369
-0.8311106, -0.22171697, -0.50996429
0.66440231, 0.33541071
-0.01110972, 0.28368881, -0.00753928
-0.97350991, -0.01422163, 0.22815637
0.66127276, 0.92518802
-0.00588251, 0.28428641, 0.00307034
-0.52827537, -0.02319407, 0.84875029
0.64293051, 0.91596899
-0.01110972, 0.28306645, -0.01590201
-0.84023559, -0.23328349, -0.48942533
0.6767236, 0.93672035
0.010226, 0.28306645, -0.01590201
0.84023559, -0.23328349, -0.48942533
0.59100658, 0.92647294
0.010226, 0.2822459, -0.0076346
0.97427291, -0.01239051, 0.22492142
0.60687768, 0.91384863
-0.00588251, 0.25497371, 0.00228111
-0.54316843, -0.02545244, 0.83919799
0.64843065, 0.81406255
-0.00044186, 0.25497371, 0.00228111
0.0, -0.02691733, 0.99963379
0.63825113, 0.81282866
0.010226, 0.24520139, -0.01912536
0.82488477, 0.29850155, -0.48002565
0.58645886, 0.75643049
0.010226, 0.24437144, -0.01000547
0.97766048, -0.01364177, 0.20963164
0.60547221, 0.76283722
0.010226, 0.24282572, -0.0101069
0.97918636, -0.00909452, 0.20270394
0.60582691, 0.75682653
0.00499879, 0.25497371, 0.00228111
0.54316843, -0.02545244, 0.83919799
0.62805277, 0.81108157
0.00499879, 0.25393283, 0.00225304
0.54805142, -0.02273629, 0.8361156
0.62827593, 0.80713919
-0.01110972, 0.24520139, -0.01912536
-0.82488477, 0.29850155, -0.48002565
0.69358939, 0.77128963
-0.01110972, 0.24437144, -0.01000547
-0.97766048, -0.01364177, 0.20963164
0.67406118, 0.77225399
-0.01110972, 0.25839862, -0.00907841
-0.97701955, -0.01229896, 0.21271402
0.67281419, 0.82912529
-0.00044186, 0.25393283, 0.00225304
0.0, -0.02691733, 0.99963379
0.63839126, 0.80896413
-0.01110972, 0.26077685, -0.01999317
-0.61418498, -0.31461531, -0.72371596
0.66405106, 0.32229775
0.010226, 0.26077685, -0.01999319
0.61418498, -0.31464583, -0.72371596
0.61055022, 0.32803077
0.010226, 0.25916225, -0.0179369
0.8311106, -0.22171697, -0.50996429
0.61090153, 0.34114373
-0.00588251, 0.26414299, 0.00252806
-0.53999448, -0.0229194, 0.84133428
0.64717168, 0.84821944
-0.01110972, 0.24380559, -0.0214379
-0.61772513, 0.41526535, -0.66777551
0.66664761, 0.41922474
-0.01110972, 0.25916225, -0.0179369
-0.8311106, -0.22171697, -0.50996429
0.69129992, 0.83448088
0.010226, 0.25839862, -0.00907841
0.97701955, -0.01229896, 0.21271402
0.60274845, 0.81932855
0.010226, 0.24380559, -0.0214379
0.61772513, 0.41526535, -0.66777551
0.58247191, 0.74793828
0.010226, 0.2718395, -0.01905145
0.61159092, 0.44502091, -0.65410322
0.60905868, 0.27235472
-0.01110972, 0.2718395, -0.01905145
-0.61159092, 0.44502091, -0.65410322
0.66255951, 0.26662165
-0.00588251, 0.25393283, 0.00225304
-0.54805142, -0.02273629, 0.8361156
0.64848053, 0.8100898
0.010226, 0.2718395, -0.01905145
0.61159092, 0.44502091, -0.65410322
0.58037937, 0.87629057
-0.00588251, 0.27490702, 0.00281771
-0.53395182, -0.02319407, 0.84517962
0.64516187, 0.88648288
-0.01110972, 0.28447387, -0.01797593
-0.60908842, -0.34125796, -0.71590322
0.67943263, 0.94570146
-0.00588251, 0.28523943, 0.00309595
-0.5256508, -0.0258797, 0.85027617
0.64261347, 0.91875909
0.010226, 0.28368881, -0.00753928
0.97350991, -0.01422163, 0.22815637
0.60766399, 0.91885128
0.010226, 0.30206281, -0.01647863
0.57734919, 0.62422562, -0.52629167
0.60464621, 0.10764927
0.010226, 0.28447387, -0.01797592
0.60908842, -0.34125796, -0.71590322
0.60701793, 0.19617939
-0.01193679, 0.08270295, -0.02767124
-0.64568013, -0.10666219, -0.75606555
0.14108703, 0.06030488
-0.01193679, 0.09605731, -0.01998746
-0.99981689, 0.00796533, -0.01583911
0.12328321, 0.10675484
-0.01193679, 0.09238005, -0.02608152
-0.82451856, -0.13760796, -0.54881436
0.13567841, 0.09594011
-0.0119368, 0.07571843, -0.01994242
-0.63026828, -0.77535325, 0.03912473
0.12828708, 0.0301435
-0.0119368, 0.0834469, -0.01295674
-0.65779597, -0.07885983, 0.74901575
0.11320636, 0.05574346
-0.01193679, 0.07813516, -0.01484914
-0.63023776, -0.52061528, 0.57594532
0.11809577, 0.03669667
-0.00763191, 0.07813516, -0.01484913
0.0, -0.67058319, 0.74181342
0.11082444, 0.0292303
-0.00763191, 0.07571843, -0.01994242
0.0, -0.9987182, 0.05041658
0.12578526, 0.01458073
-0.01193679, 0.07761007, -0.02525374
-0.63023776, -0.57600635, -0.52055424
0.13781036, 0.0399223
-0.00763191, 0.08270295, -0.02767124
0.0, -0.13971373, -0.99017304
0.1488684, 0.05530107
-0.00763191, 0.07571843, -0.01994242
0.0, -0.9987182, 0.05041658
0.13202028, 0.01560074
-0.01193679, 0.14615835, -0.02130779
-0.61378825, 0.58104187, 0.53440964
0.11320612, 0.29608601
-0.01111413, 0.14703952, -0.03075927
-0.54918057, 0.63270974, -0.54594564
0.13084552, 0.3041597
-0.01111413, 0.10129528, -0.034566
-0.6023438, -0.25550097, -0.75621814
0.14945813, 0.13382834
-0.00763191, 0.09238005, -0.02608152
0.0, -0.29447311, -0.95565659
0.14350104, 0.10068941
-0.00763191, 0.0834469, -0.01295674
0.0, -0.10470901, 0.99447614
0.10502926, 0.05574346
-0.00763191, 0.14615835, -0.02130779
0.0, 0.72087771, 0.69301432
0.10502926, 0.29608607
-0.00763191, 0.14615835, -0.02130779
0.0, 0.72087771, 0.69301432
0.11207718, 0.31228089
-0.00763191, 0.09238005, -0.02608152
0.0, -0.29447311, -0.95565659
0.14259605, 0.0872252
-0.00763191, 0.14703952, -0.03075927
0.0, 0.76650286, -0.64220101
0.13730632, 0.30698365
-0.0075698, 0.19555506, -0.02744163
0.0, 0.99636829, 0.08481093
0.20135713, 0.24694699
-0.01058365, 0.19555506, -0.02744163
-0.72655416, 0.66008484, -0.1906186
0.19905587, 0.22951895
-0.01058365, 0.19482753, -0.01889496
-0.57734919, 0.52629167, 0.62422562
0.1824843, 0.22807705
-0.01058365, 0.19187194, -0.02775516
-0.91158789, 0.09439375, -0.40009767
0.19825359, 0.21390051
-0.01058365, 0.19114441, -0.01920849
-0.31983399, 0.2113712, 0.92358166
0.18159702, 0.21297753
-0.01058365, 0.14351816, -0.03187139
-0.72655416, -0.61836606, -0.29944763
0.19251375, 0.03646505
-0.0075698, 0.14351816, -0.03187139
0.0, -0.99636829, -0.08481093
0.19410577, 0.02415371
-0.0075698, 0.1427906, -0.02332471
0.0, -0.76451916, 0.64455092
0.17407984, 0.03110844
-0.0075698, 0.19482753, -0.01889496
0.0, 0.64458144, 0.76451916
0.17407987, 0.23912966
-0.01058365, 0.18841723, -0.01944066
-0.31992555, -0.36445203, 0.8745079
0.1810852, 0.19705868
-0.00193716, 0.14414304, -0.03921197
0.0, -0.42951751, -0.90304267
0.21582209, 0.02555072
-0.00495089, 0.14414304, -0.03921197
-0.34772789, -0.55772579, -0.75362408
0.20939572, 0.03428376
-0.00495089, 0.19617996, -0.03478222
-0.34772789, 0.67708367, -0.64851832
0.22036907, 0.23047143
-0.01058365, 0.18914667, -0.02798716
-0.91155738, -0.0253914, -0.41032135
0.19767401, 0.19824743
-0.00193716, 0.19617996, -0.03478222
0.0, 0.57597584, -0.8174383
0.22712232, 0.23833746
-0.01202203, 0.19155261, -0.02400386
-0.53694266, 0.80162966, -0.26273385
0.18973476, 0.20979732
-0.01202203, 0.19115207, -0.01929853
-0.35374004, 0.59279156, 0.72347176
0.18412317, 0.20874822
-0.01367844, 0.19056922, -0.02092955
-0.42509231, 0.65712452, 0.62245554
0.18625261, 0.20640606
-0.01367844, 0.18927692, -0.02103957
-0.42512283, -0.75267798, 0.50270087
0.18632954, 0.2043469
-0.01202203, 0.18842489, -0.01953069
-0.35383159, -0.70668662, 0.61262858
0.18445678, 0.20216447
-0.01202203, 0.18882732, -0.02423586
-0.53712577, -0.74547565, -0.39460433
0.18994822, 0.20147681
-0.0214057, 0.18944794, -0.02304861
-0.57734919, -0.52629167, -0.62422562
0.18663205, 0.20508504
-0.0214057, 0.19073835, -0.02293875
-0.5773797, 0.6239509, -0.52656639
0.18696584, 0.20439148
-0.01367844, 0.19073835, -0.02293875
-0.3779107, 0.73943299, -0.55711538
0.18796079, 0.20654368
-0.01367844, 0.18944794, -0.02304861
-0.37745291, -0.63533431, -0.67366558
0.18809859, 0.20462054
-0.02140571, 0.18927692, -0.02103957
-0.57734919, -0.62422562, 0.52629167
0.18738382, 0.20663202
-0.02140571, 0.19056922, -0.02092955
-0.57728815, 0.5265969, 0.62401193
0.18774918, 0.20590854
0.00753736, 0.19274583, -0.04721806
0.63023776, -0.18488114, -0.75402081
0.0, 1.0
-0.00935997, 0.19274583, -0.04721806
-0.63023776, -0.18488114, -0.75402081
0.0, 1.0
-0.00935996, 0.1956104, -0.04677846
-0.63020724, 0.40256965, -0.66386914
0.0, 1.0
0.00501417, 0.19732389, -0.04444224
0.28092289, 0.77245396, -0.56953645
0.0, 1.0
-0.00688661, 0.19732389, -0.04444224
-0.28113651, 0.77507859, -0.5658437
0.0, 1.0
-0.00686146, 0.23140006, -0.03921083
-0.57728815, 0.65825373, -0.48310801
0.0, 1.0
0.00753736, 0.19454899, -0.03986413
0.63023776, 0.18488114, 0.75405133
0.0, 1.0
-0.00935996, 0.19454899, -0.03986412
-0.63023776, 0.18488114, 0.75402081
0.0, 1.0
-0.00935996, 0.19168442, -0.04030371
-0.63026828, -0.40238655, 0.66393018
0.0, 1.0
-0.00935996, 0.18996906, -0.04264011
-0.63017672, -0.75411236, 0.18472853
0.0, 1.0
0.00753747, 0.18996906, -0.0426401
0.63020724, -0.75408185, 0.18472853
0.0, 1.0
-0.00935997, 0.19732389, -0.04444224
-0.63029879, 0.75402081, -0.18478957
0.0, 1.0
-0.00935996, 0.19041, -0.0455036
-0.63029879, -0.66377759, -0.40260017
0.0, 1.0
0.00753736, 0.19041, -0.0455036
0.63029879, -0.66377759, -0.40260017
0.0, 1.0
0.00753747, 0.19732389, -0.04444224
0.63029879, 0.75402081, -0.18478957
0.0, 1.0
0.00503897, 0.23140006, -0.03921083
0.57741022, 0.65813166, -0.48310801
0.0, 1.0
-0.00686146, 0.23096099, -0.03634669
-0.57725763, 0.48316905, 0.65822321
0.0, 1.0
0.00503229, 0.19688484, -0.04157857
0.28125858, 0.56926173, 0.77254558
0.0, 1.0
0.00503897, 0.23096099, -0.03634669
0.5773797, 0.4830775, 0.65819269
0.0, 1.0
-0.00686849, 0.19688484, -0.04157857
-0.28098392, 0.56639302, 0.7747429
0.0, 1.0
-0.00935996, 0.19688484, -0.04157857
-0.63023776, 0.66393018, 0.40238655
0.0, 1.0
0.00753747, 0.1956104, -0.04677846
0.63023776, 0.40253913, -0.66383862
0.0, 1.0
0.00985526, 0.04127583, -0.02959463
0.58003479, -0.58766443, 0.56407362
0.0, 1.0
0.00985526, 0.05294925, -0.04093177
0.70961636, -0.33411664, -0.62028873
0.0, 1.0
0.00985526, 0.06362431, -0.03887758
0.95934933, 0.03778192, -0.27958006
0.0, 1.0
0.00293611, 0.14587635, -0.0423933
0.46671957, 0.07281716, -0.88137454
0.0, 1.0
0.00293611, 0.19580333, -0.03825083
0.36613056, 0.6722312, -0.64345223
0.0, 1.0
0.00985526, 0.19495316, -0.02826383
0.72899562, 0.66255683, -0.17191076
0.0, 1.0
-0.00082232, 0.06463902, -0.04913317
0.0, -0.26142156, -0.96520889
0.0, 1.0
-0.00458075, 0.06463899, -0.04913317
-0.38825649, -0.17636646, -0.90450758
0.0, 1.0
-0.00458075, 0.13022116, -0.04369201
-0.46757409, 0.07272561, -0.88091677
0.0, 1.0
0.00985526, 0.04126133, -0.03272972
0.61616868, -0.69963682, -0.36167485
0.0, 1.0
-0.01149989, 0.04127583, -0.02959463
-0.58003479, -0.58766443, 0.56407362
0.0, 1.0
-0.00082232, 0.04127583, -0.02959463
0.0, -0.72142702, 0.69246501
0.0, 1.0
-0.00082231, 0.05194277, -0.0291082
0.0, -0.04556413, 0.99893183
0.0, 1.0
-0.01149989, 0.05294925, -0.04093177
-0.70961636, -0.33411664, -0.62028873
0.0, 1.0
-0.01149989, 0.04126133, -0.03272972
-0.61616868, -0.69963682, -0.36167485
0.0, 1.0
0.00293611, 0.06463899, -0.04913317
0.38822597, -0.17639698, -0.90447706
0.0, 1.0
-0.01149989, 0.06362431, -0.03887759
-0.95934933, 0.03778192, -0.27958006
0.0, 1.0
-0.01149989, 0.06261149, -0.02862138
-0.71080661, -0.04361095, 0.70198673
0.0, 1.0
-0.00082232, 0.04126133, -0.03272972
0.0, -0.88830227, -0.45924252
0.0, 1.0
0.00985526, 0.06261149, -0.02862138
0.71080661, -0.04361095, 0.70198673
0.0, 1.0
0.00985526, 0.19410303, -0.01827732
0.57768488, 0.52812278, 0.62236398
0.0, 1.0
-0.00082232, 0.19410303, -0.01827732
0.0, 0.6470229, 0.7624439
0.0, 1.0
-0.00082232, 0.14404951, -0.02221497
-0.04596087, -0.07940916, 0.99575794
0.0, 1.0
0.00985526, 0.12835632, -0.02344943
0.70708334, -0.05545213, 0.70491654
0.0, 1.0
-0.00082232, 0.12835632, -0.02344943
-0.00219733, -0.07522812, 0.99716181
0.0, 1.0
-0.00082232, 0.06261149, -0.02862138
0.0, -0.06198309, 0.99804682
0.0, 1.0
-0.01038254, 0.09242722, -0.02627586
-0.41084018, 0.14218573, 0.90054017
0.0, 1.0
0.00293612, 0.13022116, -0.04369201
0.4674215, 0.0728782, -0.88100833
0.0, 1.0
-0.00082232, 0.13022117, -0.04369201
0.0, 0.08267464, -0.99655139
0.0, 1.0
-0.00082232, 0.14587635, -0.0423933
-0.00186163, 0.08304086, -0.99652088
0.0, 1.0
0.00985526, 0.12928875, -0.03357083
0.95571762, 0.02395703, -0.29325235
0.0, 1.0
0.00985526, 0.14496388, -0.03230392
0.95547348, 0.02392651, -0.29401532
0.0, 1.0
-0.01149989, 0.14496388, -0.03230393
-0.87325662, 0.43534654, 0.21869564
0.0, 1.0
-0.00811149, 0.15096825, -0.03677174
-0.9904477, 0.13342692, 0.03442488
0.0, 1.0
-0.01038254, 0.14485672, -0.03113531
-0.54991305, 0.78240305, 0.29221472
0.0, 1.0
-0.01149989, 0.12928875, -0.03357083
-0.99536121, -0.00961333, 0.09570605
0.0, 1.0
-0.01149989, 0.09107717, -0.02638217
-0.70424515, 0.07934812, 0.70549637
0.0, 1.0
-0.01149989, 0.10096705, -0.03585974
-0.98953217, 0.14090396, -0.03042695
0.0, 1.0
-0.00082232, 0.19580333, -0.03825085
-0.00012207, 0.7637257, -0.64549696
0.0, 1.0
-0.00082232, 0.19495316, -0.02826383
0.0, 0.99636829, 0.08481093
0.0, 1.0
-0.00810708, 0.19537008, -0.03316136
-0.80581075, 0.57948548, 0.12176885
0.0, 1.0
-0.00458075, 0.19580333, -0.03825083
-0.36613056, 0.67201757, -0.64363539
0.0, 1.0
-0.00458074, 0.1572279, -0.04142697
-0.46885586, 0.07278664, -0.88024539
0.0, 1.0
0.00985526, 0.14404951, -0.02221497
0.70708334, -0.05545213, 0.70491654
0.0, 1.0
-0.00318933, 0.19495316, -0.02826383
-0.54832608, 0.78240305, 0.29520553
0.0, 1.0
-0.00319017, 0.19410303, -0.01827732
-0.57777643, 0.52803123, 0.62233347
0.0, 1.0
-0.00318254, 0.14489217, -0.03231625
-0.64143801, 0.6166265, 0.4564043
0.0, 1.0
-0.01038255, 0.14404951, -0.02221496
-0.56804103, 0.52613908, 0.63280129
0.0, 1.0
-0.01038255, 0.12835632, -0.02344943
-0.70561844, -0.0519425, 0.7066561
0.0, 1.0
-0.00318254, 0.14401881, -0.02243915
-0.33887753, 0.23154393, 0.91186255
0.0, 1.0
-0.01038254, 0.1014746, -0.03482831
-0.88885158, 0.13879818, 0.43659779
0.0, 1.0
-0.01038254, 0.12918732, -0.03246921
-0.92291027, -0.03262429, 0.38358715
0.0, 1.0
0.00840329, 0.04287307, -0.03167248
0.70329905, -0.70958585, -0.04239021
0.25395328, 0.15722305
0.00840329, 0.04120624, -0.0037716
0.57567066, -0.60280162, 0.55244607
0.30311656, 0.40628529
-0.01004792, 0.04120624, -0.0037716
-0.57567066, -0.60280162, 0.55244607
0.33560479, 0.39618653
-0.01004792, 0.206673, -0.01914401
-0.90234077, 0.276986, 0.33017975
0.33117697, 0.87461644
-0.01004792, 0.20474707, 0.00071412
-0.58107245, 0.5386517, 0.61003447
0.33436626, 0.83153038
0.00840329, 0.20474708, 0.00071411
0.58107245, 0.53868222, 0.61003447
0.31133533, 0.83316274
0.00840329, 0.206673, -0.01914401
0.90234077, 0.276986, 0.33017975
0.31220371, 0.87131992
0.00840329, 0.23476881, -0.01694491
0.57588428, 0.53971982, 0.61400187
0.32211384, 0.88879757
-0.01004792, 0.23476881, -0.01694491
-0.57588428, 0.53971982, 0.61400187
0.32222858, 0.88893328
0.00840329, 0.1917415, -0.02028611
0.94811851, -0.31617177, -0.0328074
0.25395328, 0.98769832
0.00840329, 0.19369748, -0.03912593
0.71144748, -0.62605673, -0.31913206
0.32082376, 0.89090521
-0.01004792, 0.19370756, -0.03922173
-0.71019626, -0.62355417, -0.32673118
0.32233992, 0.891373
-0.00760878, 0.19395831, -0.04162766
-0.26142156, -0.5847041, -0.76793724
0.3220534, 0.89113205
0.00840329, 0.20888793, -0.04048596
0.70577103, 0.05218665, -0.70650351
0.32135656, 0.88942912
0.00596403, 0.19395831, -0.04162766
0.26816615, -0.58372754, -0.76635027
0.32121444, 0.89087559
0.00840329, 0.23583664, -0.03810144
0.57936341, 0.61488694, -0.53501999
0.32196504, 0.88873189
-0.01004792, 0.23583664, -0.03810144
-0.57936341, 0.61488694, -0.53501999
0.32204285, 0.88897364
-0.01004792, 0.20888793, -0.04048596
-0.70574051, 0.0524308, -0.70647299
0.32226029, 0.88993675
-0.01004792, 0.1917415, -0.02028612
-0.94811851, -0.31617177, -0.0328074
0.39940122, 0.99970864
-0.01004792, 0.04287307, -0.03167248
-0.70329905, -0.70958585, -0.04239021
0.38243946, 0.18198329
0.00404249, 0.03826404, 0.04974744
0.6297189, -0.7765435, 0.01983703
0.47528434, 0.61481252
-0.00578083, 0.03826404, 0.04974744
-0.63219094, -0.77452928, 0.02005066
0.49399692, 0.61480743
-0.00578083, 0.03819658, 0.04808877
-0.60032958, -0.78856778, -0.13309123
0.49399659, 0.60848337
0.00699304, 0.05465084, 0.04204688
0.99993896, 0.00717185, 0.00558489
0.42941132, 0.80877155
0.00404249, 0.07103765, 0.0343463
0.61967832, 0.72310555, 0.30509353
0.45829329, 0.84747998
0.00404249, 0.06309968, 0.05309536
0.71071506, 0.70332956, -0.01275674
0.44908109, 0.7720605
-0.00578083, 0.07897567, 0.01559625
-0.62562943, 0.67580187, 0.38966033
0.4940142, 0.91353589
-0.00578083, 0.07103765, 0.0343463
-0.62248605, 0.72103029, 0.30423903
0.49400955, 0.83597332
0.00404249, 0.07103765, 0.0343463
0.61967832, 0.72310555, 0.30509353
0.47529915, 0.83597833
-0.00578083, 0.03826404, 0.04974744
-0.63219094, -0.77452928, 0.02005066
0.5783478, 0.78391089
-0.00578083, 0.03833155, 0.05140521
-0.6099124, -0.78835416, 0.08035523
0.57795221, 0.77763043
-0.0086378, 0.05071555, 0.05225077
-0.99902338, -0.04376354, 0.002472
0.55375057, 0.77871744
-0.00578083, 0.03833155, 0.05140521
-0.6099124, -0.78835416, 0.08035523
0.49399725, 0.62113145
0.00404249, 0.03833155, 0.05140521
0.60713524, -0.79045993, 0.08056886
0.47528481, 0.62113583
0.00404249, 0.03859109, 0.05296636
0.6181829, -0.77520066, 0.12973419
0.47528526, 0.62716365
0.00404249, 0.07897568, 0.01559625
0.62208927, 0.67812127, 0.39127782
0.4753041, 0.91354053
0.00404249, 0.07988495, 0.01431455
0.61418498, 0.64729756, 0.45133823
0.4753046, 0.91952477
-0.00578083, 0.07988495, 0.01431454
-0.61717582, 0.64531386, 0.45014802
0.49401444, 0.9195205
0.00404249, 0.05401866, 0.00560131
0.63176364, -0.75991088, 0.1528367
0.41599345, 0.94513102
0.00404249, 0.05343856, 0.00276931
0.67293316, -0.66014588, 0.33365887
0.4140498, 0.95542523
0.00699305, 0.06929974, 0.00697703
0.99954224, 0.02856532, 0.00814844
0.44567791, 0.94953175
0.00404249, 0.03819658, 0.04808876
0.59828484, -0.79012424, -0.13315226
0.47528386, 0.60848802
-0.00578083, 0.04639864, 0.028261
-0.62450027, -0.72151858, -0.29895931
0.49399146, 0.52673465
-0.00578083, 0.07988495, 0.01431454
-0.61717582, 0.64531386, 0.45014802
0.50356942, 0.92982136
-0.00578083, 0.08079421, 0.01303282
-0.65822321, 0.45432904, 0.60020751
0.50204229, 0.9349689
-0.0086378, 0.06769746, 0.010733
-0.99996948, 0.00143437, 0.00161748
0.5278182, 0.9403089
0.00699304, 0.06314082, 0.02128789
0.99996948, 0.00341807, 0.00283822
0.43868878, 0.89182578
0.00404249, 0.04639864, 0.028261
0.62175357, -0.7235328, -0.29981384
0.40891451, 0.85524213
0.00404249, 0.05460069, 0.00843345
0.69292277, -0.71745962, -0.07138279
0.41793042, 0.93483439
-0.0086378, 0.06874312, 0.00366634
-0.99993896, -0.00738548, 0.00512711
0.52682883, 0.96751062
-0.00578083, 0.08554444, 0.00636501
-0.64418471, 0.76253545, 0.05908383
0.4940688, 0.96199758
-0.00578083, 0.08592984, 0.00154545
-0.64671773, 0.76058227, 0.0568865
0.49401712, 0.98040042
-0.00578083, 0.05460069, 0.00843342
-0.69576097, -0.71474349, -0.07101657
0.4939861, 0.44498527
-0.00578083, 0.05401866, 0.00560131
-0.63420516, -0.7579577, 0.1525315
0.49398541, 0.43397003
0.00404249, 0.05401866, 0.00560131
0.63176364, -0.75991088, 0.1528367
0.47527248, 0.43397474
-0.00578083, 0.08297662, 0.01210882
-0.60161138, 0.31458479, 0.73421431
0.49808139, 0.93929678
-0.00578083, 0.08516093, 0.01118498
-0.5528428, 0.68044066, 0.48094118
0.49411371, 0.94360169
-0.0086378, 0.06929974, 0.00697703
-0.99957275, 0.02771081, 0.00790429
0.52533168, 0.95506473
-0.00578083, 0.08079421, 0.01303282
-0.65822321, 0.45432904, 0.60020751
0.49401465, 0.92550439
0.0040425, 0.08079421, 0.01303282
0.65437788, 0.45603809, 0.60313731
0.47530514, 0.92550903
0.00404249, 0.08297662, 0.01210882
0.59813225, 0.31568345, 0.73656422
0.47530589, 0.93453977
0.00404249, 0.05044511, -0.00083401
0.57728815, -0.77889341, 0.24503312
0.47527051, 0.40511471
-0.00578083, 0.05044511, -0.00083401
-0.57902765, -0.77764213, 0.24481948
0.49398351, 0.40510923
-0.00578083, 0.05055395, -0.00244994
-0.64860988, -0.75939208, -0.05114902
0.49398309, 0.39893907
0.00404249, 0.08516093, 0.01118498
0.55107272, 0.68153936, 0.48142949
0.47530654, 0.94357052
0.0040425, 0.08554444, 0.00636501
0.64210945, 0.76430553, 0.05917539
0.47530782, 0.96198702
-0.00578083, 0.08554444, 0.00636501
-0.64418471, 0.76253545, 0.05908383
0.49401635, 0.96198275
0.00404249, 0.05194178, 0.00096767
0.62184513, -0.60463274, 0.49766535
0.41072997, 0.96137749
0.00404249, 0.05044511, -0.00083401
0.57728815, -0.77889341, 0.24503312
0.40740579, 0.96731811
0.00699292, 0.06818841, 0.00035582
0.99984741, -0.01577807, 0.00451674
0.44157544, 0.97377862
0.00404249, 0.05343856, 0.00276931
0.67293316, -0.66014588, 0.33365887
0.47527173, 0.42295951
-0.00578083, 0.05343856, 0.00276933
-0.67598498, -0.65779597, 0.33210242
0.49398467, 0.42295438
-0.00578083, 0.05194178, 0.00096767
-0.62459183, -0.60289317, 0.49632251
0.49398407, 0.41403162
-0.00578083, 0.08611628, -0.00098201
-0.64860988, 0.75902587, 0.05597094
0.49401772, 0.99005203
-0.00578083, 0.08630272, -0.00350945
-0.63649404, 0.76915801, 0.05673391
0.49401817, 0.99970436
-0.0086378, 0.0684818, -0.00378774
-0.99996948, 0.00558489, 0.00039674
0.52833188, 0.9957736
0.00404249, 0.08592985, 0.00154544
0.64473403, 0.76226079, 0.05697806
0.4753091, 0.98040356
0.00404249, 0.08611628, -0.00098201
0.63420516, 0.76799828, 0.08902249
0.47530982, 0.9900563
0.00699293, 0.06833417, -0.00171617
0.99996948, 0.0, 3.052e-05
0.44121262, 0.98165692
0.0040425, 0.05055395, -0.00244994
0.64665669, -0.76104009, -0.0512711
0.40711555, 0.97345592
0.00404249, 0.05066282, -0.00406585
0.65694141, -0.75222021, -0.05069124
0.40682501, 0.97959451
-0.0086378, 0.05365171, 0.0580788
-0.9416486, -0.00302133, 0.33652762
0.54781824, 0.75794382
-0.00578083, 0.04482044, 0.05732416
-0.48139897, -0.38196966, 0.78887296
0.56492889, 0.75602561
-0.00578083, 0.05079019, 0.06012181
-0.36854151, -0.26935637, 0.88970613
0.55303824, 0.74583846
-0.0086378, 0.05122432, 0.05387522
-0.99996948, 0.002472, -0.00210578
0.55261034, 0.77276905
-0.00578083, 0.03859109, 0.05296637
-0.62105167, -0.77300334, 0.12933744
0.57721728, 0.77177712
-0.00578083, 0.03885061, 0.05452751
-0.53477585, -0.68578142, 0.49360636
0.57647926, 0.7659262
0.00404249, 0.06385564, 0.05478398
0.61143833, 0.72231209, -0.32306895
0.4508504, 0.76614441
0.00404249, 0.06461358, 0.05647178
0.52446061, 0.84270757, 0.12140263
0.4526099, 0.76024552
0.00699304, 0.05173112, 0.05549955
0.99581897, -0.05529954, 0.07232887
0.42819196, 0.75742194
-0.00578083, 0.06309968, 0.05309536
-0.71398056, 0.70000303, -0.01260414
0.49400494, 0.75840993
-0.00578083, 0.06385564, 0.05478398
-0.61449021, 0.72011477, -0.32212287
0.49400461, 0.75136288
0.00404249, 0.06385564, 0.05478398
0.61143833, 0.72231209, -0.32306895
0.47529373, 0.75136752
0.00404249, 0.05079019, 0.06012179
0.36146122, -0.27011934, 0.89239174
0.47528905, 0.68342417
0.00404249, 0.05557217, 0.06065904
0.32996613, -0.10525834, 0.93807793
0.47529027, 0.70175812
-0.00578083, 0.05557217, 0.06065907
-0.33738211, -0.10498367, 0.93548387
0.49400195, 0.70175338
-0.00578083, 0.06461358, 0.05647178
-0.5269326, 0.84115118, 0.12146367
0.49400428, 0.74431548
-0.00578083, 0.06248297, 0.05883346
-0.55906856, 0.61571091, 0.55522323
0.49400368, 0.73220119
0.00404249, 0.06248297, 0.05883346
0.55433822, 0.61806083, 0.55735952
0.47529235, 0.73220628
0.00699304, 0.05365171, 0.05807883
0.93987852, -0.0019837, 0.34147161
0.43221644, 0.7492128
0.00404249, 0.06248297, 0.05883346
0.55433822, 0.61806083, 0.55735952
0.44915909, 0.74964496
0.00404249, 0.06035426, 0.06119535
0.47044283, 0.34543902, 0.81197548
0.44610858, 0.73894855
0.00404249, 0.03885062, 0.05452748
0.5321207, -0.68745995, 0.49418622
0.47528571, 0.63319194
0.00404249, 0.04482044, 0.05732416
0.474868, -0.38370922, 0.79198581
0.47528735, 0.65830824
-0.00578083, 0.04482044, 0.05732416
-0.48139897, -0.38196966, 0.78887296
0.49399942, 0.65830323
-0.00578083, 0.06035426, 0.06119535
-0.474868, 0.3439436, 0.81002229
0.49400297, 0.72008735
0.00404249, 0.06035426, 0.06119535
0.47044283, 0.34543902, 0.81197548
0.47529149, 0.72009161
0.00404249, 0.05557217, 0.06065904
0.32996613, -0.10525834, 0.93807793
0.43684077, 0.73702443
0.00404249, 0.05079019, 0.06012179
0.36146122, -0.27011934, 0.89239174
0.42756408, 0.73601469
0.00404249, 0.04482044, 0.05732416
0.474868, -0.38370922, 0.79198581
0.41524765, 0.74407503
0.00404249, 0.06461358, 0.05647178
0.52446061, 0.84270757, 0.12140263
0.47529322, 0.74432009
0.00431751, 0.08630272, -0.00350945
0.66100037, 0.73964661, 0.1264687
0.47478667, 0.99970864
0.00699304, 0.05122432, 0.05387522
0.99996948, 0.00253304, -0.00216681
0.42679462, 0.76309286
0.00404249, 0.03885062, 0.05452748
0.5321207, -0.68745995, 0.49418622
0.40330377, 0.75190888
0.00699305, 0.05071555, 0.05225077
0.99896234, -0.04510636, 0.00256355
0.42539272, 0.76880738
0.00404249, 0.03859109, 0.05296636
0.6181829, -0.77520066, 0.12973419
0.4023034, 0.7576012
-0.00578083, 0.06385564, 0.05478398
-0.61449021, 0.72011477, -0.32212287
0.52852327, 0.77152032
-0.0086378, 0.05173112, 0.05549952
-0.9960326, -0.05395672, 0.07037568
0.55147254, 0.76686269
-0.00578083, 0.06309968, 0.05309536
-0.71398056, 0.70000303, -0.01260414
0.53002667, 0.77773181
-0.00578083, 0.05557217, 0.06065907
-0.33738211, -0.10498367, 0.93548387
0.54377478, 0.7451596
-0.00578083, 0.06035426, 0.06119535
-0.474868, 0.3439436, 0.81002229
0.53446919, 0.74534586
-0.00578083, 0.06461358, 0.05647178
-0.5269326, 0.84115118, 0.12146367
0.52702838, 0.76532677
0.00699304, 0.0684818, -0.00378774
0.99996948, 0.00500504, 0.0052797
0.44084978, 0.9895325
0.00404249, 0.08592985, 0.00154544
0.64473403, 0.76226079, 0.05697806
0.47574756, 0.98044488
-0.0086378, 0.06833417, -0.00171617
-1.0, 0.0, 0.0
0.52832693, 0.98786449
-0.00578083, 0.05066282, -0.00406585
-0.65892512, -0.75048065, -0.05056917
0.56263953, 0.99202912
-0.0086378, 0.06818842, 0.0003558
-0.99984741, -0.01528977, 0.00436415
0.52832216, 0.97995265
-0.00578083, 0.05055395, -0.00244994
-0.64860988, -0.75939208, -0.05114902
0.56262779, 0.98586287
0.00699293, 0.06874312, 0.00366634
0.99993896, -0.00759911, 0.0052797
0.44362453, 0.96165732
0.0040425, 0.08554444, 0.00636501
0.64210945, 0.76430553, 0.05917539
0.47652984, 0.96210906
-0.00578083, 0.05066282, -0.00406585
-0.65892512, -0.75048065, -0.05056917
0.49398267, 0.39276898
0.00404249, 0.05066282, -0.00406585
0.65694141, -0.75222021, -0.05069124
0.47526971, 0.39277363
-0.00578083, 0.08516093, 0.01118498
-0.5528428, 0.68044066, 0.48094118
0.49401543, 0.94356584
-0.00578083, 0.05401866, 0.00560131
-0.63420516, -0.7579577, 0.1525315
0.55505997, 0.95605773
-0.0086378, 0.06849857, 0.00885515
-0.99993896, -0.00015259, 0.00796533
0.52657396, 0.94768606
-0.00578083, 0.05460069, 0.00843342
-0.69576097, -0.71474349, -0.07101657
0.55359507, 0.94545212
0.00404249, 0.05460069, 0.00843345
0.69292277, -0.71745962, -0.07138279
0.47527325, 0.44499028
-0.00578083, 0.05194178, 0.00096767
-0.62459183, -0.60289317, 0.49632251
0.55957144, 0.97318429
-0.00578083, 0.05343856, 0.00276933
-0.67598498, -0.65779597, 0.33210242
0.55653131, 0.9666614
0.00404249, 0.07988495, 0.01431455
0.61418498, 0.64729756, 0.45133823
0.46853581, 0.92832133
0.00699292, 0.06769746, 0.010733
0.99996948, 0.00146489, 0.00167852
0.443872, 0.9343843
0.00404249, 0.07897568, 0.01559625
0.62208927, 0.67812127, 0.39127782
0.46725565, 0.9229154
0.00699304, 0.05858613, 0.03184253
0.99996948, -3.052e-05, -0.00161748
0.4335047, 0.84936735
0.00404249, 0.03819658, 0.04808876
0.59828484, -0.79012424, -0.13315226
0.39998394, 0.77566153
-0.0086378, 0.06314082, 0.02128789
-0.99996948, 0.00332652, 0.00274667
0.5349133, 0.8988681
-0.0086378, 0.05858613, 0.03184253
-0.99996948, 0.0, -0.00155644
0.54200476, 0.85752282
-0.00578083, 0.04639864, 0.028261
-0.62450027, -0.72151858, -0.29895931
0.56619251, 0.86782058
-0.00578083, 0.07897567, 0.01559625
-0.62562943, 0.67580187, 0.38966033
0.50509065, 0.92467113
0.00404249, 0.08297662, 0.01210882
0.59813225, 0.31568345, 0.73656422
0.47356641, 0.93876638
0.00699292, 0.06849859, 0.00885514
0.99993896, -0.00015259, 0.00824
0.44477606, 0.94195743
0.0040425, 0.08079421, 0.01303282
0.65437788, 0.45603809, 0.60313731
0.46982214, 0.93372563
-0.00578083, 0.03859109, 0.05296637
-0.62105167, -0.77300334, 0.12933744
0.4939976, 0.62715939
-0.0086378, 0.05465084, 0.04204688
-0.99993896, 0.00695822, 0.00543229
0.54792726, 0.81782646
-0.00578083, 0.07103765, 0.0343463
-0.62248605, 0.72103029, 0.30423903
0.5174405, 0.85117146
-0.00578083, 0.03819658, 0.04808877
-0.60032958, -0.78856778, -0.13309123
0.57870835, 0.79018506
0.00404249, 0.03826404, 0.04974744
0.6297189, -0.7765435, 0.01983703
0.40062687, 0.76947935
-7.005e-05, 0.33921519, 6.321e-05
0.0, -0.08481093, 0.99636829
0.75755864, 0.28371078
-0.00013019, 0.30218059, -0.02912824
0.0, 0.08926664, -0.99600208
0.96213645, 0.50588053
-0.00013019, 0.30218059, -0.02912824
0.0, 0.08926664, -0.99600208
0.95080429, 0.18212253
0.00086092, 0.40348944, -0.02552182
-0.25223547, 0.81426436, -0.52278209
0.71150333, 0.40156871
-7.005e-05, 0.39028391, -0.00774468
-3.052e-05, -0.70860928, -0.70558792
0.70369083, 0.41719371
-0.00100101, 0.39390728, -0.02633754
0.27619252, -0.70110172, -0.65736872
0.71150333, 0.37031871
-0.00100101, 0.39390728, -0.02633754
0.27619252, -0.70110172, -0.65736872
0.76158267, 0.28140265
-0.00094105, 0.0025831, -0.02592871
0.0, -0.00408948, -0.99996948
0.04252882, 0.81984405
-0.0008756, 0.03170413, -0.0303757
0.0, -0.13632618, -0.99066132
0.1999889, 0.94650623
0.0058211, 0.16542403, -0.00404606
0.99481183, 0.10144353, -0.00524918
0.91760635, 0.99970864
0.00582109, 0.19520208, 0.0955929
0.72374648, 0.44627216, 0.52632219
0.71679908, 0.9371051
0.00702845, 0.12110852, -0.00248638
0.70708334, -0.70455033, -0.05996887
0.00029136, 0.20197892
-0.00866831, 0.12110852, -0.00248638
-0.70708334, -0.70455033, -0.05996887
0.06742349, 0.15686595
0.00702845, 0.12957233, 0.01699902
0.70714438, -0.06009094, 0.70448929
0.0385555, 0.27756077
0.00420319, 0.12957233, 0.01699902
0.27124852, 0.21057771, 0.93917662
0.78989184, 0.08157766
0.00112693, 0.1029209, -0.00733935
0.78093815, 0.59514147, -0.18948942
0.74769503, 0.15053004
0.00112693, 0.09820611, 0.00295969
0.81350136, 0.54332101, 0.20731224
0.72619218, 0.12451798
0.00112693, 0.10383955, 0.01445289
0.53813291, 0.66481519, 0.51805168
0.70250636, 0.0983389
-0.01110972, 0.30206281, -0.01647862
-0.57734919, 0.62422562, -0.52629167
0.65814704, 0.10191613
-0.00763191, 0.0834469, -0.01295674
0.0, -0.10470901, 0.99447614
0.10593503, 0.04827696
-0.00763191, 0.07813516, -0.01484913
0.0, -0.67058319, 0.74181342
0.11559393, 0.02113402
-0.00763191, 0.07761007, -0.02525374
0.0, -0.74190497, -0.67049164
0.14559174, 0.03491873
-0.00763191, 0.07761007, -0.02525374
0.0, -0.74190497, -0.67049164
0.14154358, 0.0253796
-0.00763191, 0.08270295, -0.02767124
0.0, -0.13971373, -0.99017304
0.14890964, 0.06505406
-0.00763191, 0.14703952, -0.03075927
0.0, 0.76650286, -0.64220101
0.12993233, 0.31725949
-0.00763191, 0.10129528, -0.034566
0.0, -0.33234656, -0.94314402
0.15505365, 0.12677848
-0.00763191, 0.10129528, -0.034566
0.0, -0.33234656, -0.94314402
0.15591897, 0.13665175
-0.01058365, 0.1427906, -0.02332471
-0.57734919, -0.62422562, 0.52629167
0.1797234, 0.04231739
0.00753747, 0.19168442, -0.04030371
0.63026828, -0.40235603, 0.66393018
0.0, 1.0
0.00753736, 0.19688484, -0.04157857
0.63020724, 0.6639607, 0.40241706
0.0, 1.0
0.00404249, 0.04639864, 0.028261
0.62175357, -0.7235328, -0.29981384
0.47527868, 0.52673939
-0.00578083, 0.08297662, 0.01210882
-0.60161138, 0.31458479, 0.73421431
0.49401504, 0.9345355
0.0040425, 0.05055395, -0.00244994
0.64665669, -0.76104009, -0.0512711
0.47527009, 0.39894414
0.00404249, 0.05194178, 0.00096767
0.62184513, -0.60463274, 0.49766535
0.47527117, 0.41403675
0.00404249, 0.06309968, 0.05309536
0.71071506, 0.70332956, -0.01275674
0.47529426, 0.75841421
-0.00578083, 0.05079019, 0.06012181
-0.36854151, -0.26935637, 0.88970613
0.49400088, 0.68341953
-0.00578083, 0.03885061, 0.05452751
-0.53477585, -0.68578142, 0.49360636
0.49399787, 0.63318732
0.00404249, 0.03833155, 0.05140521
0.60713524, -0.79045993, 0.08056886
0.40130615, 0.76329707
-0.00578083, 0.06248297, 0.05883346
-0.55906856, 0.61571091, 0.55522323
0.53093731, 0.75541371
-0.00578083, 0.05044511, -0.00083401
-0.57902765, -0.77764213, 0.24481948
0.56261617, 0.97969698
0.00404249, 0.08516093, 0.01118498
0.55107272, 0.68153936, 0.48142949
0.47731897, 0.94378256
# Number of Faces:
1306
# Face Data:
0, 1, 2
2, 3, 4
4, 3, 5
5, 6, 7
6, 8, 9
8, 10, 11
12, 13, 1
11, 10, 13
14, 15, 16
17, 18, 0
19, 17, 20
19, 4, 21
22, 21, 7
23, 7, 9
24, 9, 11
15, 14, 11
18, 15, 12
25, 26, 27
17, 19, 28
29, 30, 31
17, 32, 33
23, 24, 31
22, 23, 34
18, 33, 16
22, 35, 28
36, 37, 33
38, 36, 32
39, 38, 28
40, 39, 35
41, 40, 34
42, 41, 31
43, 44, 45
37, 43, 16
46, 47, 48
49, 27, 50
51, 52, 53
54, 50, 55
51, 56, 57
58, 59, 60
25, 61, 57
52, 58, 62
63, 47, 53
64, 63, 62
65, 55, 50
66, 50, 27
67, 68, 27
69, 67, 26
69, 57, 56
47, 46, 56
70, 71, 72
66, 70, 73
46, 74, 75
63, 64, 73
67, 69, 75
63, 76, 48
67, 77, 71
68, 71, 70
78, 79, 80
48, 81, 82
73, 70, 83
74, 82, 84
73, 85, 86
75, 84, 87
76, 86, 81
71, 77, 87
88, 89, 90
91, 92, 93
94, 78, 95
96, 97, 93
94, 98, 99
96, 100, 80
101, 99, 102
91, 103, 102
104, 105, 80
104, 100, 93
106, 93, 92
107, 92, 102
88, 108, 102
88, 99, 98
109, 89, 98
109, 95, 80
90, 110, 111
105, 104, 112
88, 113, 111
108, 111, 114
105, 115, 116
106, 107, 114
89, 109, 116
106, 110, 112
38, 39, 117
118, 119, 120
121, 122, 123
43, 37, 124
125, 120, 126
122, 127, 61
38, 128, 129
130, 126, 131
122, 25, 132
41, 42, 133
134, 131, 135
136, 137, 138
37, 36, 129
139, 140, 141
142, 138, 143
140, 123, 144
145, 139, 146
147, 143, 148
122, 121, 143
149, 121, 140
148, 149, 139
43, 150, 151
123, 119, 118
40, 152, 117
41, 132, 152
124, 129, 58
132, 133, 119
129, 128, 59
153, 151, 150
117, 54, 154
150, 124, 52
152, 49, 54
152, 132, 25
127, 137, 51
150, 51, 137
155, 103, 91
156, 101, 103
157, 96, 79
158, 78, 159
160, 97, 96
161, 162, 163
160, 164, 91
158, 165, 79
81, 165, 158
85, 83, 164
84, 82, 158
85, 160, 157
84, 166, 156
81, 86, 157
72, 87, 156
83, 72, 155
167, 168, 169
170, 171, 172
173, 169, 168
94, 174, 159
175, 176, 177
167, 178, 168
179, 180, 174
181, 182, 179
166, 183, 173
184, 185, 186
156, 173, 178
182, 159, 180
187, 188, 189
190, 191, 192
193, 194, 195
196, 197, 198
199, 192, 200
201, 202, 203
204, 205, 206
207, 208, 209
210, 211, 212
213, 214, 215
216, 217, 218
219, 220, 221
222, 223, 224
225, 226, 227
228, 229, 230
231, 232, 233
234, 235, 230
236, 237, 229
238, 239, 240
241, 217, 242
243, 244, 245
246, 247, 248
249, 250, 251
193, 252, 253
254, 255, 252
256, 257, 249
249, 246, 258
259, 246, 249
259, 260, 247
247, 261, 245
262, 261, 247
192, 243, 261
263, 264, 233
239, 238, 230
239, 235, 265
266, 264, 263
267, 266, 268
228, 238, 269
216, 270, 242
226, 271, 270
223, 237, 236
237, 272, 230
223, 221, 272
220, 234, 272
273, 265, 235
220, 274, 273
205, 231, 275
228, 276, 277
204, 278, 227
208, 189, 278
188, 225, 278
225, 279, 271
188, 280, 279
214, 222, 281
222, 282, 221
214, 212, 282
211, 219, 282
231, 283, 218
205, 227, 283
226, 216, 283
187, 284, 280
285, 284, 187
203, 213, 286
213, 287, 212
203, 288, 287
289, 210, 287
290, 291, 211
292, 290, 210
197, 207, 293
219, 294, 274
211, 291, 294
208, 204, 295
296, 297, 285
256, 297, 296
255, 254, 202
298, 262, 260
299, 298, 198
289, 199, 300
301, 198, 260
257, 296, 301
302, 196, 301
303, 195, 244
191, 303, 243
191, 254, 193
288, 190, 199
203, 202, 190
254, 191, 190
207, 304, 189
197, 196, 304
302, 187, 304
241, 268, 218
263, 232, 218
305, 306, 307
308, 309, 310
311, 312, 309
313, 305, 314
309, 312, 315
316, 317, 318
319, 320, 316
321, 314, 316
309, 322, 323
324, 325, 307
314, 307, 325
326, 319, 325
327, 328, 329
322, 315, 328
323, 322, 327
320, 330, 317
331, 332, 333
334, 327, 335
330, 336, 331
317, 331, 337
338, 339, 340
329, 340, 339
341, 335, 339
336, 342, 332
336, 343, 344
332, 342, 338
318, 337, 329
330, 345, 343
337, 333, 340
320, 346, 345
347, 346, 320
312, 321, 348
348, 318, 328
311, 313, 321
349, 347, 319
350, 351, 352
353, 354, 355
356, 357, 358
359, 360, 361
350, 362, 351
356, 363, 364
365, 366, 367
353, 362, 364
368, 369, 360
370, 371, 372
373, 365, 372
374, 375, 367
365, 376, 377
378, 379, 380
380, 381, 382
383, 384, 385
385, 386, 387
388, 381, 380
389, 390, 382
391, 392, 383
381, 393, 383
388, 394, 393
384, 395, 386
396, 378, 390
387, 397, 396
379, 398, 399
400, 401, 391
394, 402, 391
384, 403, 404
392, 403, 384
405, 406, 404
407, 405, 403
391, 401, 407
408, 409, 410
411, 412, 409
413, 414, 415
413, 416, 410
410, 417, 418
417, 419, 420
409, 412, 421
415, 414, 418
409, 422, 417
418, 420, 423
422, 421, 424
422, 425, 419
425, 426, 427
420, 419, 427
425, 424, 426
423, 420, 427
428, 429, 430
431, 432, 433
434, 435, 436
437, 438, 439
433, 432, 440
441, 442, 443
444, 443, 445
446, 444, 447
448, 441, 449
450, 440, 436
430, 450, 451
429, 433, 450
435, 437, 451
447, 437, 435
447, 445, 438
452, 440, 432
448, 453, 452
454, 435, 434
455, 433, 429
441, 455, 428
441, 448, 431
438, 456, 430
445, 443, 456
442, 428, 456
457, 458, 459
460, 461, 462
463, 464, 465
458, 457, 466
467, 468, 461
469, 470, 471
458, 471, 470
465, 472, 473
474, 473, 475
457, 474, 469
476, 474, 457
476, 477, 473
469, 475, 478
479, 470, 478
464, 479, 472
464, 459, 458
480, 481, 459
482, 483, 484
485, 486, 487
485, 488, 489
490, 491, 487
492, 493, 491
494, 459, 464
495, 496, 460
497, 489, 488
498, 499, 497
500, 501, 460
502, 503, 504
505, 506, 507
508, 509, 510
510, 509, 511
512, 502, 511
482, 513, 514
515, 516, 502
506, 516, 515
517, 518, 519
520, 510, 521
522, 510, 520
505, 523, 524
525, 526, 485
524, 503, 516
527, 528, 529
528, 530, 531
532, 533, 534
531, 530, 526
535, 526, 525
536, 537, 538
534, 533, 525
491, 534, 539
517, 480, 540
541, 534, 491
527, 498, 542
542, 488, 530
465, 477, 535
487, 486, 512
529, 531, 477
543, 529, 476
532, 494, 463
483, 544, 545
533, 463, 546
507, 515, 489
547, 507, 497
508, 492, 490
509, 490, 548
472, 478, 475
549, 520, 496
496, 520, 550
537, 536, 545
523, 500, 551
504, 468, 550
503, 462, 468
551, 462, 503
552, 553, 514
554, 555, 556
554, 557, 558
558, 559, 560
559, 557, 561
562, 554, 563
564, 557, 562
565, 566, 567
554, 556, 568
556, 555, 567
569, 570, 565
555, 558, 565
566, 565, 571
572, 556, 567
567, 566, 573
574, 575, 576
575, 577, 578
579, 580, 581
581, 582, 583
584, 585, 586
577, 586, 587
585, 584, 580
574, 588, 586
583, 587, 579
589, 590, 578
590, 591, 592
590, 593, 583
587, 594, 589
583, 593, 594
595, 596, 597
589, 597, 591
594, 598, 597
592, 598, 594
596, 595, 599
592, 599, 595
600, 599, 592
596, 600, 591
601, 602, 603
604, 605, 606
607, 608, 609
609, 610, 611
612, 613, 609
613, 602, 601
610, 613, 614
601, 615, 607
616, 606, 617
618, 619, 617
620, 617, 606
618, 604, 616
615, 604, 618
621, 620, 605
622, 603, 604
607, 618, 608
623, 624, 625
626, 627, 628
629, 630, 631
623, 632, 624
633, 634, 635
636, 637, 633
638, 625, 624
639, 633, 640
637, 641, 634
642, 623, 625
635, 623, 642
643, 644, 645
646, 647, 648
648, 647, 649
650, 638, 629
626, 650, 651
652, 651, 631
638, 650, 653
625, 653, 646
654, 628, 643
635, 634, 623
655, 656, 631
657, 655, 658
659, 660, 639
627, 661, 662
628, 662, 644
663, 664, 665
653, 654, 666
661, 652, 665
626, 652, 661
666, 645, 647
650, 626, 654
644, 662, 667
667, 661, 664
633, 639, 636
630, 636, 639
641, 637, 636
624, 632, 641
624, 641, 629
629, 641, 636
640, 633, 635
641, 632, 623
668, 667, 669
670, 671, 672
667, 663, 656
645, 644, 668
647, 645, 672
669, 656, 655
672, 669, 657
649, 673, 660
671, 674, 673
631, 630, 660
658, 660, 673
670, 657, 674
675, 676, 677
678, 679, 680
676, 680, 679
681, 682, 683
684, 680, 676
684, 681, 680
685, 686, 687
688, 685, 689
682, 690, 691
692, 691, 690
681, 688, 690
678, 683, 691
693, 694, 677
678, 693, 679
693, 686, 685
681, 684, 685
692, 688, 689
678, 692, 686
686, 692, 687
695, 696, 697
698, 699, 700
701, 702, 703
704, 705, 706
707, 708, 709
710, 711, 712
713, 714, 715
716, 697, 717
718, 719, 720
721, 722, 723
724, 725, 726
727, 728, 729
730, 731, 732
733, 734, 735
736, 737, 738
739, 740, 741
742, 743, 744
745, 746, 747
748, 749, 750
751, 752, 748
753, 754, 755
756, 757, 758
759, 760, 761
762, 763, 764
765, 766, 767
768, 769, 770
771, 772, 773
774, 775, 776
777, 778, 779
772, 780, 781
774, 782, 783
764, 774, 784
763, 775, 774
770, 769, 781
766, 771, 785
752, 786, 749
787, 764, 788
789, 787, 790
700, 762, 787
791, 759, 792
793, 706, 759
706, 705, 760
756, 794, 795
796, 792, 756
792, 761, 757
752, 753, 797
798, 744, 753
744, 743, 754
799, 750, 800
801, 799, 802
726, 748, 799
747, 737, 736
740, 751, 726
803, 744, 798
715, 803, 804
714, 742, 803
738, 805, 806
735, 739, 807
729, 728, 746
808, 809, 732
810, 720, 809
719, 730, 809
717, 727, 811
812, 724, 801
813, 732, 724
732, 731, 725
814, 721, 815
816, 817, 721
817, 818, 722
819, 720, 810
820, 819, 821
822, 718, 819
711, 734, 733
823, 824, 715
825, 815, 824
723, 713, 824
826, 709, 777
703, 702, 765
827, 706, 793
820, 827, 828
829, 704, 827
695, 708, 707
830, 698, 789
818, 817, 698
817, 816, 699
779, 778, 768
20, 0, 2
20, 2, 4
21, 4, 5
21, 5, 7
7, 6, 9
9, 8, 11
0, 12, 1
12, 11, 13
45, 14, 16
20, 17, 0
4, 19, 20
22, 19, 21
23, 22, 7
24, 23, 9
29, 24, 11
12, 15, 11
0, 18, 12
49, 25, 27
32, 17, 28
24, 29, 31
18, 17, 33
34, 23, 31
35, 22, 34
15, 18, 16
19, 22, 28
32, 36, 33
28, 38, 32
35, 39, 28
34, 40, 35
31, 41, 34
30, 42, 31
16, 43, 45
33, 37, 16
74, 46, 48
54, 49, 50
56, 51, 53
154, 54, 55
61, 51, 57
62, 58, 60
26, 25, 57
53, 52, 62
62, 63, 53
60, 64, 62
66, 65, 50
68, 66, 27
26, 67, 27
57, 69, 26
46, 69, 56
53, 47, 56
83, 70, 72
65, 66, 73
69, 46, 75
76, 63, 73
77, 67, 75
47, 63, 48
68, 67, 71
66, 68, 70
95, 78, 80
74, 48, 82
85, 73, 83
75, 74, 84
76, 73, 86
77, 75, 87
48, 76, 81
72, 71, 87
113, 88, 90
97, 91, 93
98, 94, 95
100, 96, 93
101, 94, 99
79, 96, 80
103, 101, 102
92, 91, 102
100, 104, 80
106, 104, 93
107, 106, 92
108, 107, 102
99, 88, 102
89, 88, 98
95, 109, 98
105, 109, 80
90, 116, 115
111, 113, 90
110, 114, 111
115, 112, 110
110, 90, 115
115, 105, 112
108, 88, 111
107, 108, 114
109, 105, 116
110, 106, 114
90, 89, 116
104, 106, 112
831, 38, 117
125, 118, 120
140, 121, 123
150, 43, 124
130, 125, 126
25, 122, 61
36, 38, 129
134, 130, 131
123, 122, 132
132, 41, 133
832, 134, 135
142, 136, 138
124, 37, 129
146, 139, 141
147, 142, 143
141, 140, 144
833, 145, 146
145, 147, 148
137, 127, 122
122, 138, 137
149, 148, 143
143, 121, 149
143, 138, 122
139, 149, 140
145, 148, 139
44, 43, 151
144, 123, 118
39, 40, 117
40, 41, 152
52, 124, 58
123, 132, 119
58, 129, 59
136, 153, 150
831, 117, 154
51, 150, 52
117, 152, 54
49, 152, 25
61, 127, 51
136, 150, 137
164, 155, 91
155, 156, 103
165, 157, 79
182, 158, 159
157, 160, 96
834, 170, 94
162, 835, 163
162, 161, 170
170, 834, 162
97, 160, 91
78, 158, 79
82, 81, 158
160, 85, 164
166, 84, 158
86, 85, 157
87, 84, 156
165, 81, 157
155, 72, 156
164, 83, 155
183, 167, 169
836, 170, 172
178, 173, 168
174, 180, 159
159, 78, 94
178, 167, 94
94, 101, 178
837, 179, 174
182, 181, 166
181, 179, 837
166, 158, 182
183, 169, 173
173, 156, 166
161, 184, 186
101, 156, 178
179, 182, 180
304, 187, 189
199, 190, 192
303, 193, 195
301, 196, 198
300, 199, 200
838, 201, 203
295, 204, 206
293, 207, 209
287, 210, 212
286, 213, 215
283, 216, 218
282, 219, 221
281, 222, 224
278, 225, 227
238, 228, 230
275, 231, 233
272, 234, 230
277, 236, 229
269, 238, 240
267, 241, 242
261, 243, 245
258, 246, 248
839, 249, 251
194, 193, 253
193, 254, 252
839, 256, 249
250, 249, 258
257, 259, 249
246, 259, 247
248, 247, 245
260, 262, 247
200, 192, 261
232, 263, 233
235, 239, 230
240, 239, 265
268, 266, 263
241, 267, 268
276, 228, 269
217, 216, 242
216, 226, 270
224, 223, 236
229, 237, 230
237, 223, 272
221, 220, 272
234, 273, 235
234, 220, 273
206, 205, 275
229, 228, 277
205, 204, 227
204, 208, 278
189, 188, 278
226, 225, 271
225, 188, 279
215, 214, 281
223, 222, 221
222, 214, 282
212, 211, 282
232, 231, 218
231, 205, 283
227, 226, 283
188, 187, 280
302, 285, 187
838, 203, 286
214, 213, 212
213, 203, 287
288, 289, 287
210, 290, 211
289, 292, 210
299, 197, 293
220, 219, 274
219, 211, 294
209, 208, 295
302, 296, 285
257, 256, 296
201, 255, 202
198, 298, 260
197, 299, 198
292, 289, 300
259, 301, 260
259, 257, 301
296, 302, 301
243, 303, 244
192, 191, 243
303, 191, 193
289, 288, 199
288, 203, 190
202, 254, 190
208, 207, 189
207, 197, 304
196, 302, 304
217, 241, 218
268, 263, 218
314, 305, 307
840, 308, 310
308, 311, 309
321, 313, 314
322, 309, 315
348, 316, 318
314, 319, 316
348, 321, 316
310, 309, 323
306, 324, 307
319, 314, 325
324, 326, 325
335, 327, 329
327, 322, 328
334, 323, 327
316, 320, 317
337, 331, 333
341, 334, 335
317, 330, 331
318, 317, 337
333, 338, 340
335, 329, 339
841, 341, 339
331, 336, 332
342, 336, 344
333, 332, 338
328, 318, 329
336, 330, 343
329, 337, 340
330, 320, 345
319, 347, 320
315, 312, 348
315, 348, 328
312, 311, 321
326, 349, 319
842, 350, 352
353, 843, 351
354, 363, 355
355, 843, 353
363, 356, 358
844, 359, 356
360, 350, 361
360, 359, 844
369, 350, 360
362, 353, 351
350, 369, 362
368, 844, 356
363, 354, 364
364, 368, 356
372, 365, 367
354, 353, 364
844, 368, 360
367, 370, 372
845, 373, 372
366, 374, 367
366, 365, 377
390, 378, 380
390, 380, 382
382, 383, 385
389, 385, 387
399, 388, 380
385, 389, 382
393, 391, 383
382, 381, 383
381, 388, 393
385, 384, 386
389, 396, 390
389, 387, 396
380, 379, 399
402, 400, 391
393, 394, 391
395, 384, 404
383, 392, 384
403, 405, 404
392, 407, 403
392, 391, 407
416, 408, 410
408, 411, 409
846, 413, 415
414, 413, 410
414, 410, 418
418, 417, 420
422, 409, 421
847, 415, 418
410, 409, 417
847, 418, 423
425, 422, 424
417, 422, 419
419, 425, 427
848, 423, 427
456, 428, 430
455, 431, 433
440, 434, 436
451, 437, 439
450, 433, 440
449, 441, 443
447, 444, 445
454, 446, 447
453, 448, 449
451, 450, 436
439, 430, 451
430, 429, 450
436, 435, 451
454, 447, 435
437, 447, 438
431, 452, 432
431, 448, 452
446, 454, 434
428, 455, 429
442, 441, 428
455, 441, 431
439, 438, 430
438, 445, 456
443, 442, 456
481, 457, 459
551, 460, 462
546, 463, 465
471, 458, 466
468, 467, 550
468, 462, 461
466, 469, 471
479, 458, 470
477, 465, 473
469, 474, 475
466, 457, 469
481, 476, 457
474, 476, 473
470, 469, 478
472, 479, 478
465, 464, 472
479, 464, 458
540, 480, 459
513, 482, 484
539, 485, 487
486, 485, 489
548, 490, 487
490, 492, 491
463, 494, 464
460, 501, 495
467, 461, 460
460, 496, 467
542, 497, 488
542, 498, 497
551, 500, 460
521, 511, 502
502, 504, 521
502, 516, 503
547, 505, 507
522, 508, 510
521, 510, 511
548, 512, 511
553, 482, 514
512, 515, 502
507, 506, 515
538, 517, 519
550, 520, 521
549, 522, 520
506, 505, 524
485, 539, 525
530, 488, 485
485, 526, 530
506, 524, 516
543, 527, 529
529, 528, 531
541, 532, 534
535, 531, 526
546, 535, 525
519, 536, 538
539, 534, 525
487, 491, 539
518, 517, 540
493, 541, 491
528, 527, 542
528, 542, 530
535, 546, 465
477, 531, 535
512, 548, 487
489, 515, 512
512, 486, 489
476, 529, 477
481, 543, 476
533, 532, 463
484, 483, 545
525, 533, 546
497, 507, 489
499, 547, 497
509, 508, 490
511, 509, 548
473, 472, 475
495, 549, 496
467, 496, 550
544, 537, 545
524, 523, 551
521, 504, 550
504, 503, 468
524, 551, 503
849, 552, 514
558, 555, 554
557, 559, 558
554, 562, 557
850, 558, 560
851, 559, 561
852, 562, 563
853, 564, 562
555, 565, 567
854, 554, 568
558, 569, 565
855, 566, 571
856, 572, 567
857, 567, 573
582, 574, 576
576, 575, 578
858, 579, 581
583, 858, 581
582, 578, 583
578, 582, 576
588, 584, 586
586, 577, 575
585, 579, 587
587, 586, 585
579, 585, 580
575, 574, 586
858, 583, 579
577, 589, 578
593, 590, 592
578, 590, 583
577, 587, 589
587, 583, 594
598, 595, 597
590, 589, 591
589, 594, 597
593, 592, 594
600, 596, 599
598, 592, 595
591, 600, 592
597, 596, 591
622, 601, 603
616, 604, 606
859, 607, 609
859, 609, 611
613, 612, 603
609, 608, 621
613, 610, 609
603, 602, 613
609, 621, 612
614, 613, 601
611, 610, 614
607, 614, 601
614, 859, 611
615, 860, 607
601, 622, 615
607, 859, 614
619, 616, 617
620, 618, 617
605, 620, 606
619, 618, 616
860, 615, 618
612, 621, 605
604, 615, 622
603, 605, 604
605, 603, 612
618, 607, 860
620, 621, 608
608, 618, 620
654, 626, 628
651, 629, 631
633, 637, 634
648, 635, 642
666, 643, 645
642, 646, 648
659, 640, 648
647, 671, 649
649, 659, 648
651, 650, 629
652, 626, 651
665, 652, 631
625, 638, 653
642, 625, 646
666, 654, 643
631, 658, 655
656, 665, 631
674, 657, 658
640, 659, 639
628, 627, 662
643, 628, 644
656, 663, 665
646, 653, 666
664, 661, 665
627, 626, 661
646, 666, 647
653, 650, 654
668, 644, 667
661, 667, 662
667, 664, 663
638, 624, 629
630, 629, 636
648, 640, 635
634, 641, 623
672, 668, 669
669, 667, 656
672, 645, 668
671, 647, 672
657, 670, 672
669, 655, 657
659, 649, 660
649, 671, 673
630, 639, 660
660, 658, 631
674, 658, 673
671, 670, 674
694, 675, 677
681, 678, 680
677, 676, 679
678, 681, 683
675, 684, 676
689, 685, 687
683, 682, 691
688, 692, 690
682, 681, 690
692, 678, 691
679, 693, 677
684, 693, 685
688, 681, 685
687, 692, 689
693, 678, 686
716, 695, 697
789, 698, 700
710, 701, 703
827, 704, 706
826, 707, 709
701, 710, 712
824, 713, 715
861, 716, 717
819, 718, 720
815, 721, 723
801, 724, 726
811, 727, 729
809, 730, 732
862, 733, 735
863, 736, 738
807, 739, 741
803, 742, 744
864, 745, 747
799, 748, 750
726, 751, 748
797, 753, 755
794, 756, 758
792, 759, 761
787, 762, 764
865, 765, 767
866, 768, 770
785, 771, 773
782, 774, 776
867, 777, 779
773, 772, 781
784, 774, 783
788, 764, 784
764, 763, 774
780, 770, 781
767, 766, 785
748, 752, 749
790, 787, 788
868, 789, 790
789, 700, 787
796, 791, 792
791, 793, 759
759, 706, 760
869, 756, 795
869, 796, 756
756, 792, 757
786, 752, 797
752, 798, 753
753, 744, 754
802, 799, 800
870, 801, 802
801, 726, 799
864, 747, 736
741, 740, 726
804, 803, 798
871, 715, 804
715, 714, 803
863, 738, 806
862, 735, 807
745, 729, 746
813, 808, 732
808, 810, 809
720, 719, 809
861, 717, 811
870, 812, 801
812, 813, 724
724, 732, 725
825, 814, 815
814, 816, 721
721, 817, 722
821, 819, 810
829, 820, 821
820, 822, 819
712, 711, 733
871, 823, 715
823, 825, 824
815, 723, 824
867, 826, 777
865, 703, 765
828, 827, 793
822, 820, 828
820, 829, 827
696, 695, 707
868, 830, 789
830, 818, 698
698, 817, 699
866, 779, 768
