# Project Zomboid Skinned Mesh
# File Version:
1.0
# Model Name:
Cube.003
# Vertex Stride Element Count:
3
# Vertex Stride Size (in bytes):
76
# Vertex Stride Data:
# (Int)    Offset
# (String) Type
0
VertexArray
12
NormalArray
24
TextureCoordArray
# Vertex Count:
484
# Vertex Buffer:
0.00257257, 0.35619909, -0.02494513
0.59440899, -0.80413222, 0.0
0.62462753, 0.61142778
0.00128095, 0.35619912, -0.02182684
0.42027038, -0.80416274, 0.42027038
0.62510067, 0.6092765
0.00128096, 0.31772503, -0.02182684
0.54896694, -0.63023776, 0.54896694
0.62414521, 0.60532326
-0.00183733, 0.35619912, -0.02053519
0.0, -0.80416274, 0.59434795
0.62516201, 0.60666174
-0.00183734, 0.31772503, -0.02053519
0.0, -0.63023776, 0.77636033
0.62400872, 0.60695282
-0.00183733, 0.35619912, -0.02053519
0.0, -0.80416274, 0.59434795
0.62515944, 0.60660744
-0.00495563, 0.35619912, -0.02182684
-0.42027038, -0.80416274, 0.42027038
0.62486899, 0.604307
-0.00495564, 0.31772503, -0.02182684
-0.54896694, -0.63023776, 0.54896694
0.62407112, 0.60847223
-0.00624726, 0.35619912, -0.02494513
-0.59437847, -0.80416274, 0.0
0.62424701, 0.60327417
-0.00624727, 0.31772503, -0.02494513
-0.77636033, -0.63023776, 0.0
0.62435424, 0.60970438
-0.00495563, 0.35619912, -0.02806343
-0.4203009, -0.80416274, -0.42027038
0.62335807, 0.60435307
-0.00495564, 0.31772503, -0.02806343
-0.54896694, -0.63023776, -0.54896694
0.62483054, 0.60979977
-0.00183733, 0.35619912, -0.02935502
0.0, -0.80416274, -0.59437847
0.62311023, 0.60859361
-0.00183734, 0.31772503, -0.02935502
0.0, -0.63023776, -0.77636033
0.6252287, 0.6078963
-0.00712399, 0.35619912, -0.02494513
-0.77636033, -0.63023776, 0.0
0.62426329, 0.60242587
-0.00557557, 0.35619912, -0.02868333
-0.65468305, -0.71776479, -0.23703726
0.62314939, 0.60361648
0.00128096, 0.31772503, -0.02806343
0.54896694, -0.63023776, -0.54896694
0.62508893, 0.60532263
0.00128095, 0.35619912, -0.02806343
0.42027038, -0.80416274, -0.42027038
0.62372273, 0.61198634
0.00190089, 0.35619912, -0.02868333
0.65474409, -0.71904659, -0.23291726
0.6236015, 0.61303583
-0.00183733, 0.35619912, -0.01965845
0.0, -0.63023776, 0.77636033
0.6253491, 0.60650229
-0.00557557, 0.35619912, -0.02120688
-0.54896694, -0.63023776, 0.54896694
0.6249631, 0.60368764
-0.00183733, 0.35619912, -0.03023175
0.0, -0.99996948, 0.00573748
0.62287426, 0.60881609
0.00344931, 0.35619912, -0.02494513
0.77639091, -0.63023776, 0.0
0.62471175, 0.61221772
0.00190089, 0.35619912, -0.02120688
0.54896694, -0.63023776, 0.54896694
0.62524182, 0.60965085
-0.00635999, 0.37364286, -0.02494512
-0.59434795, 0.80416274, 0.0
0.62823957, 0.58690804
-0.00635993, 0.46709165, -0.0249451
-1.0, 0.0, 0.0
0.69729757, 0.52735326
-0.0050353, 0.46709165, -0.02814309
-0.80071414, -0.15753655, -0.57792902
0.69676596, 0.51600149
0.00344932, 0.37364286, -0.02494512
0.77132481, 0.63536483, 0.03631703
0.62923402, 0.61995995
-0.00712398, 0.37364286, -0.02494512
-0.77132481, 0.63539535, 0.03631703
0.62797517, 0.58749223
-0.00557557, 0.37364286, -0.02120686
-0.54896694, 0.63023776, 0.54896694
0.62882257, 0.59512737
0.00190088, 0.37364286, -0.03027682
0.54771566, 0.66805017, -0.50361645
0.62841743, 0.6299507
-0.00183734, 0.37364286, -0.01965843
0.0, 0.63023776, 0.77636033
0.62930429, 0.60303694
-0.00183733, 0.35619912, -0.01965845
0.0, -0.63023776, 0.77636033
0.62535328, 0.60644048
0.00190088, 0.37364286, -0.02120686
0.54896694, 0.63023776, 0.54896694
0.6294238, 0.6116944
0.00136067, 0.37364286, -0.02174716
0.42027038, 0.80416274, 0.42027038
0.62976944, 0.61158273
-0.00183734, 0.37364286, -0.02042252
0.0, 0.80416274, 0.59434795
0.62971699, 0.60248524
-0.00183734, 0.37364286, -0.01965843
0.0, 0.63023776, 0.77636033
0.62931597, 0.60339004
-0.00183734, 0.37364286, -0.02042252
0.0, 0.80416274, 0.59434795
0.62974441, 0.60326821
-0.00503533, 0.37364286, -0.02174716
-0.42027038, 0.80416274, 0.42027038
0.6291582, 0.59470099
-0.00503533, 0.37364286, -0.02814308
-0.42027038, 0.80416274, -0.42027038
0.6274057, 0.57940364
-0.00557557, 0.37364286, -0.03027682
-0.54795986, 0.66719568, -0.50450146
0.62640834, 0.57960916
-0.00183734, 0.37364286, -0.02946772
0.0, 0.80416274, -0.59434795
0.62684357, 0.5700416
-0.00183734, 0.37364286, -0.03023174
0.0, 0.86370432, -0.50392163
0.62625784, 0.57154718
-0.00183734, 0.37364286, -0.02946772
0.0, 0.80416274, -0.59434795
0.62953264, 0.63797307
0.00136067, 0.37364286, -0.02814308
0.42027038, 0.80416274, -0.42027038
0.62935698, 0.628618
0.0026853, 0.37364286, -0.02494512
0.59434795, 0.80416274, 0.0
0.62952429, 0.62009391
0.00136065, 0.46709165, -0.02814306
0.80071414, -0.15753655, -0.57792902
0.69930679, 0.58512682
0.00136068, 0.48079726, -0.02814316
0.85616624, 0.17587817, -0.48579362
0.71010619, 0.57968441
0.00268531, 0.48079726, -0.02494513
1.0, 0.0, 0.0
0.70966238, 0.56789553
-0.0050353, 0.46709165, -0.02174718
-0.70708334, 0.0, 0.70708334
0.69777024, 0.53869137
0.00268529, 0.46709165, -0.0249451
1.0, 0.0, 0.0
0.69900745, 0.57381669
-0.00183731, 0.46709165, -0.0204225
0.0, 0.0, 1.0
0.69821703, 0.55029178
-0.00183732, 0.46771911, -0.02946777
0.0, -0.65483564, -0.75572985
0.69920731, 0.59696281
0.00136065, 0.46709165, -0.02174714
0.70708334, 0.0, 0.70708334
0.69865137, 0.5625231
-0.00183731, 0.46709165, -0.0204225
0.0, 0.0, 1.0
0.69826227, 0.55121756
-0.00183728, 0.48079726, -0.02946781
0.0, 0.80416274, -0.59434795
0.71157825, 0.58943674
-0.00183731, 0.48852244, -0.02946781
0.0, -0.41257972, -0.91091645
0.71657515, 0.58255684
0.00136065, 0.48852244, -0.02814313
0.64409316, -0.41257972, -0.64409316
0.71615601, 0.57213378
-0.00183728, 0.48079726, -0.02042253
0.0, 0.0, 1.0
0.70870674, 0.54341274
-0.0050353, 0.48079726, -0.02174714
-0.70708334, 0.0, 0.70708334
0.70838982, 0.53123984
-0.00332405, 0.47261938, -0.04040081
-0.73790705, -0.63585317, -0.22614215
0.69902653, 0.47636157
-0.00261119, 0.47261944, -0.05020453
-0.55409408, -0.58125556, -0.59587389
0.6991868, 0.45590174
-0.00106345, 0.47261944, -0.0502045
0.55412459, -0.58125556, -0.59584337
0.69857705, 0.45410079
0.00136068, 0.48079726, -0.02174718
0.70708334, 0.0, 0.70708334
0.70917827, 0.55596134
-0.00183728, 0.48079726, -0.02042253
0.0, 0.0, 1.0
0.7087301, 0.54388741
-0.00035058, 0.48079726, -0.04040085
0.69557786, 0.71462142, -0.07376324
0.70885015, 0.61613587
-0.00635994, 0.48079714, -0.0249451
-0.99996948, 0.0, 0.0
0.70809019, 0.51882178
-0.00503529, 0.48852244, -0.02814313
-0.64409316, -0.41257972, -0.64409316
0.71444815, 0.50487909
-0.00606333, 0.49001738, -0.0291711
-0.66301459, -0.34757531, -0.66298407
0.71596253, 0.50540838
-0.00183729, 0.49001738, -0.03092163
0.0, -0.34757531, -0.93765068
0.71573675, 0.48724049
0.00136065, 0.48852244, -0.02174714
0.64409316, -0.41257972, 0.64409316
0.7150715, 0.55121875
-0.0050353, 0.48079726, -0.02814313
-0.85616624, 0.17587817, -0.48579362
0.70776314, 0.5065603
-0.00183731, 0.48852244, -0.02946781
0.0, -0.41257972, -0.91091645
0.71415168, 0.49248952
0.00268532, 0.48852244, -0.02494513
0.91091645, -0.41257972, 0.0
0.71561265, 0.56193867
-0.00635993, 0.48852238, -0.0249451
-0.91091645, -0.4125492, 0.0
0.71446848, 0.51683024
-0.00503529, 0.48852244, -0.02174714
-0.64409316, -0.41257972, 0.64409316
0.71449369, 0.52830684
-0.00183731, 0.48852244, -0.02042253
0.0, -0.41257972, 0.91088593
0.71451503, 0.5399538
-0.00781378, 0.49001738, -0.02494513
-0.93765068, -0.34754479, 0.0
0.71587318, 0.51677522
-0.00781377, 0.53138375, -0.0249451
-0.77636033, 0.63023776, 0.0
0.73191375, 0.52061245
0.00413916, 0.49001738, -0.02494513
0.93762016, -0.34757531, 0.0
0.7168715, 0.56091863
0.00238871, 0.49001738, -0.0207191
0.66301459, -0.34757531, 0.66301459
0.71643376, 0.55033308
-0.00606333, 0.49001738, -0.0207191
-0.66301459, -0.34757531, 0.66301459
0.71591073, 0.52785864
0.00238871, 0.49001738, -0.0291711
0.66301459, -0.34757531, -0.66298407
0.71737802, 0.57132205
-0.00183729, 0.49001738, -0.01896864
0.0, -0.34757531, 0.93762016
0.71615362, 0.5390704
-0.00183729, 0.49001738, -0.03092163
0.0, -0.34757531, -0.93765068
0.71779686, 0.58300194
-0.00183729, 0.49001738, -0.01896864
0.0, -0.34757531, 0.93762016
0.71616715, 0.53921893
0.00238872, 0.53138387, -0.02071913
0.54896694, 0.63023776, 0.54896694
0.73141676, 0.53836742
0.00238872, 0.53138387, -0.02917121
0.54896694, 0.63023776, -0.54896694
0.73459375, 0.54818627
-0.00183728, 0.53138387, -0.0309216
0.0, 0.63023776, -0.77636033
0.75726664, 0.52107346
-0.00606332, 0.53138387, -0.0207191
-0.54896694, 0.63026828, 0.54896694
0.73123533, 0.52709824
0.00413917, 0.53138387, -0.0249451
0.77636033, 0.63023776, 0.0
0.73222518, 0.5438078
-0.00183728, 0.53138387, -0.0189686
0.0, 0.63023776, 0.77636033
0.73115444, 0.53269389
-0.00606332, 0.53138387, -0.02917117
-0.54896694, 0.63023776, -0.54896694
0.73467475, 0.51277113
-0.00183728, 0.48079726, -0.02946781
0.0, 0.80416274, -0.59434795
0.70863205, 0.4935177
-0.00332405, 0.48079714, -0.04040081
-0.69560838, 0.71459091, -0.07373272
0.70388281, 0.47018349
-0.00035059, 0.47261944, -0.04040085
0.73790705, -0.63585317, -0.22614215
0.69746536, 0.47451466
-0.00183732, 0.46771911, -0.02946777
0.0, -0.65483564, -0.75572985
0.69568104, 0.50485134
-0.00035058, 0.48079726, -0.04040085
0.69557786, 0.71462142, -0.07376324
0.70549464, 0.46509182
-0.00035059, 0.47261944, -0.04040085
0.73790705, -0.63585317, -0.22614215
0.70477438, 0.61554882
-0.00261119, 0.48079726, -0.05020453
-0.55412459, 0.58125556, -0.59587389
0.70164788, 0.4517799
-0.00106345, 0.47261944, -0.0502045
0.55412459, -0.58125556, -0.59584337
0.70461601, 0.63738585
-0.0010634, 0.48079726, -0.05020453
0.55412459, 0.58125556, -0.59587389
0.7018382, 0.44783068
0.0010176, 0.35615638, -0.03653666
0.99996948, 0.0, 0.0
0.62076986, 0.61643058
0.00101762, 0.31737003, -0.03653666
0.77636033, -0.63023776, 0.0
0.61860025, 0.6065858
0.00019146, 0.31737003, -0.0385312
0.54896694, -0.63023776, -0.54896694
0.61832505, 0.6062347
-0.00180305, 0.31737003, -0.03935731
0.0, -0.63023776, -0.77636033
0.61546558, 0.58643353
-0.00180303, 0.35615638, -0.03935731
0.0, 0.0, -0.99996948
0.61998451, 0.6205976
-0.00379752, 0.31737003, -0.0385312
-0.54896694, -0.63023776, -0.54896694
0.61910599, 0.60354844
-0.00379756, 0.35615638, -0.0385312
-0.70708334, 0.0, -0.70708334
0.61947215, 0.60300118
-0.0046237, 0.31737003, -0.03653666
-0.77636033, -0.63023776, 0.0
0.61905426, 0.60470945
-0.00462366, 0.35615638, -0.03653666
-1.0, 0.0, 0.0
0.62010372, 0.60494542
-0.00379752, 0.31737003, -0.03454219
-0.54896694, -0.63023776, 0.54896694
0.61896294, 0.60545564
-0.00379752, 0.35615638, -0.03454219
-0.88283944, -0.2553789, 0.39408553
0.62068439, 0.60756016
-0.00180305, 0.31737003, -0.03371608
0.0, -0.63023776, 0.77636033
0.61890388, 0.60598132
0.00019146, 0.31737003, -0.03454219
0.54896694, -0.63023776, 0.54896694
0.61877918, 0.60633972
-0.00180303, 0.35615638, -0.03371608
3.052e-05, -0.79943234, 0.60072637
0.62116939, 0.61033612
0.00019146, 0.35615641, -0.03454219
0.88244271, -0.25336465, 0.39628285
0.62101579, 0.61342108
0.00101761, 0.36423144, -0.03653664
0.79982913, 0.4730674, -0.36936551
0.62354565, 0.62881306
-0.00462366, 0.36423144, -0.03653664
-0.79982913, 0.4730674, -0.36936551
0.62178636, 0.58961847
0.00019146, 0.3625626, -0.03853118
0.54359567, 0.38554034, -0.74553668
0.61931145, 0.58515039
-0.00379755, 0.3625626, -0.03853118
-0.54359567, 0.38554034, -0.74550617
0.62062216, 0.59166923
-0.00180304, 0.36207584, -0.0393573
0.0, 0.39851069, -0.91714227
0.61972541, 0.59053698
0.00019146, 0.35615641, -0.0385312
0.70708334, 0.0, -0.70708334
0.62042564, 0.61881027
0.00019146, 0.3625626, -0.03853118
0.54359567, 0.38554034, -0.74553668
0.62220538, 0.62860239
-0.00180304, 0.36207584, -0.0393573
0.0, 0.39851069, -0.91714227
0.62130988, 0.62999803
-0.0037975, 0.36741844, -0.03372131
-0.58357495, 0.37739187, -0.71898556
0.62340337, 0.58422434
-0.00180304, 0.36736062, -0.03371606
0.0, 0.57863092, -0.81554615
0.62285274, 0.5801374
0.00019147, 0.36741844, -0.03372131
0.58912933, 0.37830743, -0.71398056
0.62542534, 0.63055336
-0.00180304, 0.36736062, -0.03371606
0.0, 0.57863092, -0.81554615
0.6253525, 0.63484251
-0.00183734, 0.37364286, -0.03023174
0.0, 0.86370432, -0.50392163
0.62889528, 0.63739932
0.00101761, 0.36423144, -0.03653664
0.79982913, 0.4730674, -0.36936551
0.62016201, 0.57966998
0.00436119, 0.08824302, -0.01391495
0.70708334, -0.70708334, 0.0
0.61546558, 0.81893554
0.00436119, 0.08824302, 0.01190539
0.7051912, -0.70897549, 0.00598163
0.62967438, 0.81893557
-0.00853306, 0.08824302, 0.01190539
-0.7051912, -0.70897549, 0.00598163
0.62967438, 0.78730735
0.00436119, 0.13449916, -0.01391495
0.70708334, 0.70708334, 0.0
0.67954952, 0.94507301
0.00436119, 0.13449916, 0.01190539
0.70900601, 0.70516068, -0.00595111
0.67667228, 0.88305062
0.00436119, 0.08824302, 0.01190539
0.7051912, -0.70897549, 0.00598163
0.65174508, 0.90602618
-0.00853306, 0.13449916, -0.01391495
-0.70708334, 0.70708334, 0.0
0.70456326, 0.78730729
-0.00853306, 0.13449916, 0.01190539
-0.70900601, 0.70516068, -0.00595111
0.69035447, 0.78730729
0.00436119, 0.13449916, 0.01190539
0.70900601, 0.70516068, -0.00595111
0.69035453, 0.81893548
-0.00853306, 0.08824302, -0.01391495
-0.70708334, -0.70708334, 0.0
0.65462226, 0.63819432
-0.00853306, 0.08824302, 0.01190539
-0.7051912, -0.70897549, 0.00598163
0.65174502, 0.70021665
-0.00853306, 0.13449916, 0.01190539
-0.70900601, 0.70516068, -0.00595111
0.67667228, 0.7231921
-0.00853307, 0.1347484, 0.02660923
-0.74047059, 0.66356397, -0.10657063
0.68226177, 0.78730729
0.00436119, 0.1347484, 0.02660923
0.74047059, 0.66356397, -0.10657063
0.68226177, 0.81893551
-0.00853307, 0.1347484, 0.02660923
-0.74047059, 0.66356397, -0.10657063
0.67516804, 0.75863561
-0.00853306, 0.08849227, 0.02660922
-0.69457078, -0.71745962, 0.05285806
0.65024084, 0.7356602
-0.00853307, 0.09123362, 0.04754341
-0.57356489, -0.47483748, 0.66747034
0.64938545, 0.78730732
0.00436119, 0.08849225, 0.02660922
0.69457078, -0.71745962, 0.05285806
0.63776702, 0.81893554
-0.00853306, 0.08849227, 0.02660922
-0.69457078, -0.71745962, 0.05285806
0.63776702, 0.78730735
0.00436119, 0.1347484, 0.02660923
0.74047059, 0.66356397, -0.10657063
0.67516804, 0.84760714
0.00436119, 0.08849225, 0.02660922
0.69457078, -0.71745962, 0.05285806
0.65024084, 0.87058267
0.00436118, 0.09123362, 0.04754341
0.57356489, -0.47483748, 0.66747034
0.64938545, 0.81893554
0.00436119, 0.13823742, 0.03782397
0.57237464, 0.70638144, 0.41636401
0.67579865, 0.81893551
-0.00853306, 0.13823742, 0.03782397
-0.57237464, 0.70638144, 0.41636401
0.67579865, 0.78730729
-0.01097814, -0.00472557, -0.01409821
-0.85097814, 0.11044648, -0.51341289
0.36241847, 0.8875851
-0.01097815, -0.00920845, -0.01763128
-0.91778314, 0.3383587, -0.20773949
0.36143771, 0.88617691
-0.00804402, -0.01347721, -0.00801688
-0.67503893, -0.63917965, 0.36844996
0.36226001, 0.89135927
0.00667368, -0.00472557, -0.01409821
0.85097814, 0.11044648, -0.51341289
0.37173393, 0.90559021
0.00667368, 0.02501708, -0.01409821
0.57765436, 0.5771966, -0.57716608
0.38301301, 0.88474232
0.00666265, 0.02501708, 0.00104652
0.66331983, 0.63301492, 0.39909056
0.37997267, 0.86483553
-0.00215223, 0.02501955, -0.01409821
0.0, 0.70714438, -0.70705283
0.36824498, 0.88011283
-0.01097814, 0.02501708, -0.01409821
-0.57765436, 0.5771966, -0.57716608
0.36581904, 0.88022184
-0.00656519, 0.02501953, 0.00104652
-0.00027467, 0.95287943, 0.30332348
0.36490998, 0.88719031
-0.00792217, -0.0116569, 0.00104652
-0.74947357, -0.66200751, 0.00039674
0.36225727, 0.88455728
-0.01096711, 0.02501708, 0.00104652
-0.66331983, 0.63301492, 0.39909056
0.36397856, 0.88660631
-0.00792216, 0.01489753, 0.00458596
-0.93783379, 0.08536027, 0.33631396
0.36221993, 0.8907963
-0.0050372, 0.02251235, 0.00458596
-0.37089145, 0.7689749, 0.52061528
0.36399034, 0.89226452
-0.01097814, -0.00472557, -0.01409821
-0.85097814, 0.11044648, -0.51341289
0.51242721, 0.75543424
-0.00215223, 0.02501955, -0.01409821
0.0, 0.70714438, -0.70705283
0.52888364, 0.7122007
0.00667368, -0.00472557, -0.01409821
0.85097814, 0.11044648, -0.51341289
0.51241231, 0.71230757
-0.00792217, -0.01563887, 0.0103376
-0.69991148, -0.66518146, -0.26004821
0.36015949, 0.87873101
-0.00792217, 0.0092397, 0.01129044
-0.9746086, 0.12524796, 0.18558306
0.36079821, 0.89343014
0.0036177, -0.0116569, 0.00104652
0.74947357, -0.66200751, 0.00039674
0.36507738, 0.87996837
0.0036177, -0.01563887, 0.0103376
0.69991148, -0.66518146, -0.26004821
0.362032, 0.86516032
0.0036177, 0.01489753, 0.00458596
0.93783379, 0.08536027, 0.33631396
0.37599114, 0.85841534
0.00073274, 0.01685459, 0.01129044
0.11874752, 0.22977386, 0.96594137
0.37617561, 0.83959144
0.00361769, 0.00923976, 0.01129044
0.9746086, 0.12524796, 0.18558306
0.37246192, 0.84634945
0.0036177, 0.01445169, 0.01131782
0.7239601, 0.12527849, 0.67833489
0.37502214, 0.8452079
-0.00792216, 0.01445169, 0.01131782
-0.7239601, 0.12527849, 0.67833489
0.36158073, 0.89558086
-0.00503719, 0.02206653, 0.01131782
-0.45496994, 0.63863033, 0.62056339
0.36295548, 0.89722866
0.0036177, -0.01682209, 0.01367746
0.73104036, -0.6161992, -0.29294717
0.36066881, 0.8611038
-0.00792217, -0.01682209, 0.01367746
-0.73104036, -0.6161992, -0.29294717
0.35904139, 0.87656671
-0.00792217, 0.00487905, 0.01562774
-0.9864803, 0.14777063, 0.07052828
0.35978451, 0.89377543
-0.00503719, 0.01249387, 0.01562774
-0.58531451, 0.69194615, 0.42258981
0.36037117, 0.8986589
-0.00792215, 0.00041837, 0.03409476
-0.98245186, 0.18063906, 0.0458388
0.35781613, 0.89549276
-0.00503719, 0.00803327, 0.03409476
-0.55375838, 0.80062258, 0.22876674
0.35829732, 0.89871091
0.0036177, -0.02000289, 0.01889966
0.73027742, -0.54499954, -0.41184729
0.35781917, 0.85596159
-0.00792217, -0.02000289, 0.01889966
-0.73027742, -0.54499954, -0.41184729
0.35697562, 0.87325335
0.00361771, 0.00487908, 0.01562774
0.9864803, 0.14777063, 0.07049776
0.36971229, 0.84041795
0.00361771, 0.00041848, 0.03409476
0.98245186, 0.18063906, 0.0458388
0.3636598, 0.81339505
0.00361772, -0.00098168, 0.03941993
0.90267646, 0.01040681, 0.43015838
0.36202571, 0.8057515
0.0036177, -0.02406434, 0.03307602
0.86413157, -0.2347789, 0.44508195
0.35380942, 0.83114067
-0.00792216, -0.02180889, 0.02084921
-0.77965635, -0.31247902, -0.54264963
0.35603073, 0.87190428
0.0036177, -0.02180893, 0.02084921
0.77965635, -0.31247902, -0.54264963
0.35652694, 0.85501045
-0.00215224, -0.02565678, 0.03696878
0.0, -0.46589556, 0.88482314
0.35185379, 0.82042775
0.00366642, -0.03021916, 0.02278352
0.717246, -0.12677389, -0.68514055
0.35177264, 0.8542574
-0.00797088, -0.03021916, 0.02278352
-0.717246, -0.12677389, -0.68514055
0.35207286, 0.8723734
-0.00792213, -0.00098179, 0.0394199
-0.90267646, 0.01040681, 0.43015838
0.35728535, 0.89702362
-0.00792213, -0.02406431, 0.03307602
-0.86413157, -0.2347789, 0.44508195
0.35390618, 0.88963819
0.00366642, -0.06874841, 0.02849589
0.80321664, 0.10559404, -0.58619952
0.33585966, 0.87049925
-0.00797089, -0.06874841, 0.02849589
-0.80321664, 0.10559404, -0.58619952
0.33572209, 0.88514283
-0.00215223, -0.03170741, 0.03167666
0.0, -0.30124819, 0.9535203
0.34947339, 0.83367234
0.00366643, -0.03170738, 0.0271832
0.93942076, -0.0699179, 0.33555102
0.35078108, 0.84603098
-0.00797085, -0.0647696, 0.03282976
-0.89950258, 0.08825953, 0.42783898
0.33816779, 0.88643292
0.00366641, -0.06476956, 0.03282976
0.89950258, 0.08825953, 0.42783898
0.33909285, 0.85958585
-0.00215224, -0.06476953, 0.03732321
0.0, 0.20786157, 0.97814876
0.33919394, 0.8467266
-0.0079709, -0.11078184, 0.03332594
-0.99700916, 0.03878903, -0.06680502
0.32688418, 0.87859643
-0.0079709, -0.11422663, 0.02623279
-0.78383738, -0.07324442, -0.61659598
0.3266528, 0.87189719
-0.00797086, -0.11600956, 0.04479026
-0.89455855, 0.07116917, 0.4412061
0.32483992, 0.87529594
-0.00215225, -0.0764299, 0.04022112
0.0, 0.23712882, 0.97146517
0.3355425, 0.84425873
0.00366642, -0.07642987, 0.03572769
0.89397871, 0.10654011, 0.43519396
0.3351568, 0.8528409
0.00012016, -0.07702365, 0.02175661
0.71214944, 0.51246679, -0.47978148
0.33378983, 0.8792519
-0.00215224, -0.11600956, 0.04928368
0.0, 0.15753655, 0.98748744
0.3282178, 0.82529351
-0.00215224, -0.1270695, 0.05089628
0.0, 0.1347087, 0.99087495
0.32512763, 0.81511602
0.00366643, -0.1270695, 0.04640286
0.89550459, 0.06036561, 0.44087037
0.32388026, 0.82405451
-0.00215224, -0.10905846, 0.04806643
0.0, 0.20084231, 0.97961366
0.33008817, 0.83257008
0.00366641, -0.11600956, 0.04479026
0.89455855, 0.07116917, 0.4412061
0.32719821, 0.83539075
-0.00797086, -0.1270695, 0.04640286
-0.89550459, 0.06036561, 0.44087037
0.32413042, 0.87398651
-0.0079709, -0.12808847, 0.02693103
-0.87878048, 0.28080082, -0.38584551
0.32318008, 0.86465001
-0.0079709, -0.14469776, 0.02922238
-0.71755117, -0.69624925, 0.01767022
0.32235956, 0.87768215
0.0036664, -0.11422663, 0.02623279
0.78383738, -0.07324442, -0.61659598
0.32761171, 0.86368737
0.00366642, -0.12808847, 0.02693103
0.87878048, 0.28080082, -0.38584551
0.3223643, 0.85073906
-0.00797086, -0.14509469, 0.0486942
-0.70793784, -0.60197759, 0.36930448
0.28011987, 0.07813603
0.00366642, -0.14469776, 0.02922238
0.71755117, -0.69624925, 0.01767022
0.30492672, 0.3538838
0.0036664, -0.14509469, 0.0486942
0.70793784, -0.60197759, 0.36930448
0.31388566, 0.10199714
0.0036664, -0.14509469, 0.0486942
0.70793784, -0.60197759, 0.36930448
0.31941098, 0.80939159
0.00366642, -0.14469776, 0.02922238
0.71755117, -0.69624925, 0.01767022
0.31667694, 0.82911959
-0.00215223, -0.14509469, 0.05318771
0.0, -0.54454178, 0.83870965
0.32056925, 0.80074698
0.00366642, -0.14669535, 0.00120664
0.70918912, -0.70271921, 0.05664235
0.30292523, 0.83931658
0.00366642, -0.13526487, 0.00020109
0.84740746, 0.5080111, 0.15427107
0.31108785, 0.87409002
0.00667369, -0.00920845, -0.01763128
0.91778314, 0.3383587, -0.20773949
0.37029389, 0.91809744
0.00373956, -0.01347721, -0.00801688
0.67503893, -0.63917965, 0.36844996
0.36607531, 0.90096956
0.00362554, -0.01695805, -0.01104119
0.65611744, -0.25214392, 0.71126437
0.36498237, 0.91181746
0.00667369, -0.00920845, -0.01763128
0.91778314, 0.3383587, -0.20773949
0.50928378, 0.71232909
-0.01097815, -0.00920845, -0.01763128
-0.91778314, 0.3383587, -0.20773949
0.50929868, 0.75545573
-0.00793002, -0.01695808, -0.01104119
-0.65611744, -0.25214392, 0.71126437
0.36134025, 0.89455637
-0.0079709, -0.05539525, -0.00996951
-0.79042941, 0.19824824, 0.57954651
0.34538856, 0.92040503
0.00366642, -0.05539525, -0.00996951
0.79042941, 0.19824824, 0.57954651
0.34486425, 0.94135115
-0.00215224, -0.00920738, -0.02249904
0.0, 0.59428692, -0.80422378
0.50655901, 0.73375106
-0.01097814, -0.00920738, -0.01770452
-0.74834436, 0.55790889, -0.35871455
0.36120674, 0.88526958
0.00366642, -0.05542783, -0.01530149
0.90569782, -0.03952147, -0.42200994
0.3447153, 0.95134568
0.00366643, -0.0687416, -0.0143352
0.90505689, -0.02706992, -0.42435989
0.33718291, 0.94521785
-0.00215224, -0.0687416, -0.01912965
0.0, -0.06411939, -0.99792475
0.33723256, 0.96282384
0.00667368, -0.00920738, -0.01770452
0.74834436, 0.55790889, -0.35871455
0.36982661, 0.92291424
-0.00215224, -0.05542783, -0.02009594
0.0, -0.08517716, -0.99633777
0.34488121, 0.96804857
-0.0079709, -0.05542783, -0.01530149
-0.90569782, -0.03952147, -0.42200994
0.34680405, 0.9144485
0.00366641, -0.06870905, -0.00797912
0.84630877, -0.18872645, 0.49812311
0.33739474, 0.93136531
-0.00797089, -0.06870905, -0.00797912
-0.84630877, -0.18872645, 0.49812311
0.3389698, 0.91452399
-0.00797089, -0.07649332, -0.0079563
-0.80825222, 0.17535935, 0.56208992
0.33549029, 0.90252519
-0.00797089, -0.06874163, -0.0143352
-0.90505689, -0.02706992, -0.42435989
0.34071115, 0.90657595
0.00080737, -0.0673098, -0.00286387
0.40287486, -0.48612934, 0.77544481
0.34020132, 0.92856359
-0.00511184, -0.06730983, -0.00286387
-0.40287486, -0.48612934, 0.77544481
0.34016526, 0.92355153
0.00018585, -0.1056812, 0.00095128
0.70195621, -0.53398234, 0.47123632
0.3277514, 0.90343851
0.0036664, -0.1132599, -0.00600721
0.80098879, -0.14517654, 0.58076721
0.32457674, 0.91895482
0.00366642, -0.07649332, -0.0079563
0.80825222, 0.17535935, 0.56208992
0.3330054, 0.92323667
0.00366642, -0.07652589, -0.01390278
0.90484327, -0.02124088, -0.42518386
0.33295462, 0.93937668
-0.00215224, -0.07652584, -0.01869722
0.0, -0.05014191, -0.9987182
0.33297116, 0.95637441
-0.0079709, -0.07652589, -0.01390278
-0.90484327, -0.02124088, -0.42518386
0.33771956, 0.89978909
0.0036664, -0.12948662, -0.00485469
0.78621787, 0.23767816, 0.57036042
0.31260476, 0.9101575
0.0036664, -0.12951928, -0.01110842
0.90786463, -0.01525925, -0.41889706
0.30903536, 0.93228588
0.00366642, -0.11329248, -0.01226094
0.90282905, -0.02493362, -0.42921233
0.32126051, 0.93746024
-0.00215224, -0.11329248, -0.01705539
0.0, -0.05740532, -0.99832147
0.31902909, 0.95817837
-0.00797089, -0.12948662, -0.00485469
-0.78621787, 0.23767816, 0.57036042
0.31841362, 0.89669272
-0.00797088, -0.13526487, 0.00020109
-0.84740746, 0.5080111, 0.15427107
0.31650692, 0.88055792
-0.00215224, -0.12951922, -0.01590287
0.0, -0.03741569, -0.9992981
0.30708042, 0.96546733
-0.00797089, -0.1132599, -0.00600721
-0.80098879, -0.14517654, 0.58076721
0.32645974, 0.89961213
-0.0079709, -0.11329248, -0.01226094
-0.90282905, -0.02493362, -0.42921233
0.32658854, 0.89699742
-0.0079709, -0.12951928, -0.01110842
-0.90786463, -0.01525925, -0.41889706
0.32149577, 0.89308032
0.00366643, -0.13529766, -0.01109134
0.90020448, -0.01852474, -0.43504134
0.30113012, 0.9182438
0.00366643, -0.14771122, -0.01008572
0.70180362, -0.65239418, -0.28601947
0.28679129, 0.86377373
-0.00215224, -0.14771122, -0.01488022
0.0, -0.61821347, -0.78597367
0.26770288, 0.91385174
-0.00215224, -0.1352976, -0.01588579
0.0, -0.04123051, -0.99914551
0.29482132, 0.96804854
-0.0079709, -0.13529766, -0.01109134
-0.90020448, -0.01852474, -0.43504134
0.3207671, 0.88773069
-0.0079709, -0.14771122, -0.01008572
-0.70180362, -0.65239418, -0.28601947
0.25302544, 0.83991256
-0.0079709, -0.14771122, -0.01008572
-0.70180362, -0.65239418, -0.28601947
0.32039434, 0.88082176
-0.00797088, -0.14669535, 0.00120664
-0.70918912, -0.70271921, 0.05664235
0.25824088, 0.69327599
0.00366642, -0.14669535, 0.00120664
0.70918912, -0.70271921, 0.05664235
0.29200676, 0.71713716
-0.00797088, -0.14669535, 0.00120664
-0.70918912, -0.70271921, 0.05664235
0.32050425, 0.8805027
-0.00447505, -0.0783447, -0.00468345
-0.49931332, 0.71785641, 0.48509172
0.33276024, 0.90059042
-0.00449035, -0.1056812, 0.00095128
-0.70195621, -0.53398234, 0.47123632
0.32850862, 0.8988286
-0.00511184, -0.06290572, -0.00311331
-0.44657734, 0.30454421, 0.84130377
0.34159455, 0.9238365
0.00080737, -0.06290572, -0.00311331
0.44657734, 0.30454421, 0.84130377
0.34147039, 0.93089604
-0.00215223, 0.00803327, 0.03409476
0.0, 0.96008182, 0.27961057
0.36756185, 0.79925004
-0.00215223, 0.00433288, 0.04490516
0.0, 0.33875546, 0.94085515
0.36285269, 0.7892178
0.00073273, 0.00433288, 0.04490516
0.45109409, 0.22360912, 0.86397898
0.36329612, 0.79519892
-0.00215223, 0.01249387, 0.01562774
0.0, 0.87148654, 0.49037141
0.37431294, 0.82745886
0.00073274, 0.00803327, 0.03409476
0.55372787, 0.80062258, 0.22876674
0.36672118, 0.80457908
-0.00215223, 0.01685452, 0.01129044
0.0, 0.37900937, 0.92538226
0.37677279, 0.83444339
0.00073274, 0.01249387, 0.01562774
0.58531451, 0.69194615, 0.42258981
0.37343258, 0.83263931
0.00073273, 0.02251235, 0.00458596
0.37089145, 0.7689749, 0.52061528
0.37958255, 0.85234898
-0.00215224, 0.02251235, 0.00458596
0.0, 0.94231999, 0.33463547
0.3805548, 0.84826475
-0.00215223, 0.02206653, 0.01131782
0.0, 0.68141729, 0.73186439
0.37871414, 0.83863875
-0.00215223, 0.01685452, 0.01129044
0.0, 0.37900937, 0.92538226
0.36152065, 0.90228203
-0.00215223, 0.02206653, 0.01131782
0.0, 0.68141729, 0.73186439
0.36319908, 0.89886668
-0.00215223, 0.02501955, 0.00104652
0.0, 0.95287943, 0.30329296
0.38182676, 0.85360548
-0.00215223, 0.02501955, -0.01409821
0.0, 0.70714438, -0.70705283
0.38602692, 0.87362716
0.00226073, 0.02501953, 0.00104652
0.00027467, 0.95287943, 0.30332348
0.38077784, 0.85966027
-0.00503719, 0.01685452, 0.01129044
-0.11874752, 0.22977386, 0.96594137
0.36167732, 0.89821962
0.00073274, 0.02206653, 0.01131782
0.45496994, 0.63863033, 0.62056339
0.378097, 0.84264159
-0.00503719, 0.0043328, 0.04490516
-0.45109409, 0.22360912, 0.86397898
0.35735291, 0.89895096
-0.00215223, 0.00433288, 0.04490516
0.0, 0.33875546, 0.94085515
0.35711828, 0.89960855
-0.00215223, 0.00803327, 0.03409476
0.0, 0.96008182, 0.27961057
0.35835436, 0.89987028
-0.00215223, 0.01249387, 0.01562774
0.0, 0.87148654, 0.49037141
0.36022612, 0.90128541
-0.00215224, 0.02251235, 0.00458596
0.0, 0.94231999, 0.33463547
0.36473042, 0.89510646
-0.00215223, 0.02501955, 0.00104652
0.0, 0.95287943, 0.30329296
0.36604986, 0.88987276
0.00366642, -0.11078184, 0.03332594
0.99700916, 0.03878903, -0.06680502
0.32897907, 0.85809135
0.00366642, -0.10905846, 0.043573
0.89168984, 0.09308145, 0.44294566
0.32957625, 0.84176669
-0.00442464, -0.10481692, 0.01975118
-0.78734702, -0.4780114, -0.38929412
0.32860783, 0.88282809
0.00012015, -0.10481692, 0.01975118
0.78734702, -0.4780114, -0.38929412
0.32850018, 0.87925389
-0.00442464, -0.07702365, 0.02175661
-0.71214944, 0.51246679, -0.47978148
0.33284625, 0.88358659
0.00017057, -0.0783447, -0.00468345
0.49931332, 0.71785641, 0.48509172
0.33233479, 0.91068208
-0.00797084, -0.0764299, 0.03572769
-0.89397871, 0.10654011, 0.43519396
0.33450186, 0.88792369
-0.00215224, -0.07652584, -0.01869722
0.0, -0.05014191, -0.9987182
0.33920136, 0.89362738
-0.00215224, -0.11329248, -0.01705539
0.0, -0.05740532, -0.99832147
0.32721287, 0.89311475
-0.00215224, -0.00920738, -0.02249904
0.0, 0.59428692, -0.80422378
0.36099643, 0.87833074
-0.00215224, -0.05542783, -0.02009594
0.0, -0.08517716, -0.99633777
0.34878895, 0.90404597
-0.00215224, -0.0687416, -0.01912965
0.0, -0.06411939, -0.99792475
0.34286883, 0.89760336
-0.00215224, -0.12951922, -0.01590287
0.0, -0.03741569, -0.9992981
0.3235586, 0.88750747
-0.00215224, -0.1352976, -0.01588579
0.0, -0.04123051, -0.99914551
0.32240054, 0.88516456
-0.00215224, -0.14771122, -0.01488022
0.0, -0.61821347, -0.78597367
0.32122439, 0.8815695
-0.00215224, -0.11600956, 0.04928368
0.0, 0.15753655, 0.98748744
0.32449919, 0.87460229
-0.00215224, -0.02565678, 0.03696878
0.0, -0.46589556, 0.88482314
0.35320693, 0.89602178
-0.00797085, -0.03170741, 0.0271832
-0.93939024, -0.0699179, 0.33555102
0.35155919, 0.88025683
-0.00215223, -0.03170741, 0.03167666
0.0, -0.30124819, 0.9535203
0.35131329, 0.89010385
-0.00215224, -0.06476953, 0.03732321
0.0, 0.20786157, 0.97814876
0.33896241, 0.8972497
-0.00215224, -0.10905846, 0.04806643
0.0, 0.20084231, 0.97961366
0.32454231, 0.87264964
-0.00797086, -0.10905849, 0.043573
-0.89168984, 0.09308145, 0.44294566
0.32560775, 0.87690791
-0.00215225, -0.0764299, 0.04022112
0.0, 0.23712882, 0.97146517
0.33461422, 0.89523873
-0.00215224, -0.1270695, 0.05089628
0.0, 0.1347087, 0.99087495
0.32401013, 0.87536886
-0.00797086, -0.14509469, 0.0486942
-0.70793784, -0.60197759, 0.36930448
0.32318208, 0.87595081
-0.01209902, 0.1613906, -0.03531803
-0.72939235, -0.64705342, -0.22193059
0.39037353, 0.61565059
-0.00184441, 0.1613906, -0.04296376
0.0, -0.70708334, -0.70708334
0.3862482, 0.64031351
0.00841016, 0.1613906, -0.03531803
0.72939235, -0.64705342, -0.22193059
0.39037353, 0.66497627
0.00841016, 0.1613906, -0.03531803
0.72939235, -0.64705342, -0.22193059
0.40555602, 0.72093928
0.00841017, 0.18971601, -0.03531803
0.95666373, 3.052e-05, -0.29108554
0.42084035, 0.71635073
0.00841017, 0.18976688, -0.01662591
0.94314402, 0.0295114, 0.33100376
0.42012006, 0.6721977
0.00841017, 0.22422624, -0.03530793
0.95672476, -0.00021363, -0.29090244
0.43965641, 0.70977592
0.00841016, 0.22453192, -0.0212037
0.94958341, 0.02276681, 0.31266212
0.43937308, 0.67438897
-0.01209902, 0.1613906, -0.03531803
-0.72939235, -0.64705342, -0.22193059
0.40555391, 0.55966169
-0.01209902, 0.1613906, -0.0154025
-0.72835475, -0.63567001, 0.25568408
0.40488589, 0.60770461
-0.01209902, 0.18976691, -0.01662591
-0.94314402, 0.0295114, 0.33100376
0.42011788, 0.60846871
0.00841016, 0.1613906, -0.0154025
0.72835475, -0.63567001, 0.25568408
0.40488487, 0.67293304
0.00328288, 0.18976691, -0.00999964
0.43488875, 0.07760857, 0.89712209
0.41983557, 0.65250039
0.00328287, 0.1613906, -0.04296376
0.37113559, -0.61491746, -0.69576097
0.40589154, 0.74310875
0.00841017, 0.31803334, -0.02293898
0.72560811, 0.64238411, 0.24652852
0.49156544, 0.67394382
0.00328289, 0.31803334, -0.01631271
0.34495071, 0.62633139, 0.69902647
0.49149323, 0.65332043
0.00328287, 0.22453192, -0.01457736
0.44615009, 0.06756798, 0.89239174
0.43913236, 0.65329248
-0.01209902, 0.18971604, -0.03531803
-0.95666373, 3.052e-05, -0.29108554
0.4208504, 0.56428742
-0.01209901, 0.22453192, -0.0212037
-0.94958341, 0.02276681, 0.31266212
0.43939868, 0.60640258
-0.01209901, 0.22422624, -0.03530793
-0.95675528, -0.00027467, -0.29087192
0.43970063, 0.57099342
-0.00697172, 0.22422624, -0.04295367
-0.47080904, -0.000824, -0.88222909
0.43998173, 0.5483335
0.00841018, 0.31809345, -0.03551394
0.72923976, 0.64766383, -0.22064883
0.50209892, 0.66601884
-0.0018444, 0.31809345, -0.04315967
0.0, 0.70632041, -0.7078768
0.50633341, 0.64078352
-0.01209899, 0.31809339, -0.03551394
-0.72923976, 0.64766383, -0.22064883
0.50211602, 0.61549118
-0.01209901, 0.31803334, -0.02293898
-0.72560811, 0.64238411, 0.24652852
0.49158165, 0.6074318
-0.01209899, 0.31809339, -0.03551394
-0.72923976, 0.64766383, -0.22064883
0.49177927, 0.5765208
0.00841018, 0.31809345, -0.03551394
0.72923976, 0.64766383, -0.22064883
0.49174771, 0.70486158
0.00328288, 0.22575539, -0.04295367
0.4709006, -0.00100711, -0.88216805
0.44075656, 0.73231146
-0.0018444, 0.22422627, -0.04295367
9.156e-05, -0.000824, -0.99996948
0.44004878, 0.7450071
-0.0018444, 0.31809345, -0.04315967
0.0, 0.70632041, -0.7078768
0.49192107, 0.74014479
0.00328287, 0.19099027, -0.04296376
0.47059542, 0.00012207, -0.88232064
0.42187968, 0.7382561
-0.0018444, 0.18971604, -0.04296376
0.0, 0.00012207, -1.0
0.42138234, 0.75082028
-0.0018444, 0.18971604, -0.04296376
0.0, 0.00012207, -1.0
0.42139789, 0.52975526
-0.00184441, 0.1613906, -0.04296376
0.0, -0.70708334, -0.70708334
0.40607944, 0.52511153
-0.00697173, 0.1613906, -0.04296376
-0.37113559, -0.61491746, -0.69576097
0.40589082, 0.53747132
-0.00697172, 0.18971604, -0.04296376
-0.47062594, 0.00012207, -0.88232064
0.4212023, 0.5421313
0.00328289, 0.31809339, -0.04315967
0.37119663, 0.61418498, -0.69640189
0.49186182, 0.72751516
-0.0018444, 0.22422627, -0.04295367
9.156e-05, -0.000824, -0.99996948
0.4401221, 0.53579313
-0.00697172, 0.31809345, -0.04315967
-0.37119663, 0.61418498, -0.69637138
0.49190491, 0.55387619
-0.0018444, 0.18976691, -0.00999964
0.0, 0.0868862, 0.9962157
0.41983706, 0.64029729
-0.00184441, 0.22453192, -0.01457736
0.0, 0.07464828, 0.99719232
0.43914381, 0.64037162
-0.00697172, 0.22453192, -0.01457736
-0.44615009, 0.06756798, 0.89239174
0.43914852, 0.62750846
-0.00184439, 0.31803334, -0.01631271
0.0, 0.71361428, 0.70049137
0.49149755, 0.64073226
-0.00697172, 0.31803334, -0.01631271
-0.34495071, 0.62633139, 0.69902647
0.49149889, 0.62805164
-0.00184441, 0.1613906, -0.00877624
0.0, -0.69170201, 0.7221595
0.40469605, 0.64034545
-0.00697173, 0.18976691, -0.00999964
-0.43488875, 0.07760857, 0.89712209
0.41982687, 0.62817153
-0.00697173, 0.1613906, -0.00877624
-0.34678182, -0.60545671, 0.71629995
0.40469694, 0.62798789
0.00328287, 0.1613906, -0.00877624
0.34678182, -0.60545671, 0.71629995
0.4046945, 0.65264487
0.00794443, 0.09691922, -0.00995063
0.80208749, 0.22412793, 0.55351418
0.44319984, 0.84196377
-0.01186584, 0.09691922, -0.00995063
-0.80208749, 0.22412793, 0.55351418
0.44527552, 0.89600614
-0.01186583, 0.08876226, -0.00204861
-0.69325846, 0.3416242, 0.63454086
0.4522261, 0.89070201
0.00794444, 0.16107732, -0.02461527
0.73015535, 0.67320782, -0.11679433
0.61524427, 0.81094056
0.00794444, 0.16107732, -0.00995062
0.57734919, 0.57734919, 0.57734919
0.61524427, 0.77509651
0.00794443, 0.09691922, -0.00995063
0.80208749, 0.22412793, 0.55351418
0.58006275, 0.77509645
0.00794444, 0.16107732, -0.02461527
0.73015535, 0.67320782, -0.11679433
0.39495912, 0.87877715
-0.00196069, 0.16107732, -0.03969644
0.0, 0.70708334, -0.70708334
0.38671419, 0.91288209
-0.01186583, 0.16107735, -0.02461527
-0.73015535, 0.67320782, -0.11679433
0.39703482, 0.9328194
-0.01186583, 0.16107735, -0.02461527
-0.73015535, 0.67320782, -0.11679433
0.61524397, 0.91274661
-0.01186584, 0.09691922, -0.02461529
-0.9874264, 0.0, -0.15796381
0.5800637, 0.91274321
-0.01186584, 0.09691922, -0.00995063
-0.80208749, 0.22412793, 0.55351418
0.58006454, 0.94858554
0.00794444, 0.16107732, -0.00995062
0.57734919, 0.57734919, 0.57734919
0.40393415, 0.87192822
0.00794444, 0.08876226, -0.02461529
0.9874264, 0.0, -0.15796381
0.57558906, 0.81094337
0.00794443, 0.07732737, -0.00204259
0.76253545, -0.06610309, 0.64354378
0.56931782, 0.75576028
0.00794443, 0.02514096, -0.01399434
0.90496534, -0.30075991, 0.3009125
0.54069501, 0.78496185
0.00794444, 0.08876226, -0.00204861
0.69325846, 0.3416242, 0.63454086
0.5755896, 0.75577876
-0.00691326, 0.16107735, -0.03969644
-0.47099215, 0.59587389, -0.65041047
0.61524427, 0.87395018
-0.00691327, 0.09691923, -0.03969646
-0.5865047, 0.0, -0.80993074
0.58006322, 0.87395841
-0.01186583, 0.08876226, -0.02461529
-0.9874264, 0.0, -0.15796381
0.57559139, 0.91274217
-0.01186585, 0.02514096, -0.01399434
-0.90496534, -0.30075991, 0.3009125
0.4940466, 0.88591966
-0.01186585, -0.0044659, -0.01393259
-0.64238411, -0.24073, 0.72756124
0.51020777, 0.88594413
0.00794442, -0.0044659, -0.01393259
0.64238411, -0.24073, 0.72756124
0.51021045, 0.83773756
0.00299188, 0.16107732, -0.03969644
0.47099215, 0.59587389, -0.65041047
0.61524427, 0.84973934
0.00299187, 0.09691923, -0.03969646
0.5865047, 0.0, -0.80993074
0.58006287, 0.8497476
-0.00196069, 0.09691923, -0.03969646
0.0, 0.0, -1.0
0.58006299, 0.86185321
-0.01186584, 0.07732737, -0.00204259
-0.76253545, -0.06610309, 0.64354378
0.56932074, 0.96792877
-0.01186585, 0.02514096, -0.01399434
-0.90496534, -0.30075991, 0.3009125
0.54069638, 0.93876359
-0.00763641, 0.08876368, -0.00065778
-0.40607929, 0.86553544, 0.29309976
0.45254675, 0.88002455
-0.00763641, 0.07732881, -0.00065778
-0.40546891, -0.8652913, 0.29465622
0.45830464, 0.87507963
-0.00763641, 0.07733402, 0.00931139
-0.57734919, -0.57704395, 0.57762384
0.45574331, 0.86548537
-0.01186584, 0.00183938, -0.02461529
-0.9836421, -0.01825007, -0.17908262
0.52786893, 0.91282034
-0.00691327, 0.00183938, -0.03969646
-0.53059483, -0.26752526, -0.80425429
0.52790672, 0.87395474
-0.00691326, -0.00402346, -0.03510816
-0.48161259, -0.62828457, -0.61095005
0.52458966, 0.88452664
0.00794444, 0.00183938, -0.02461529
0.9836421, -0.01825007, -0.17908262
0.52787173, 0.81091338
0.00794442, -0.0044659, -0.01393259
0.64238411, -0.24073, 0.72756124
0.52443635, 0.78468049
-0.00691326, 0.08876226, -0.03969646
-0.5865047, 0.0, -0.80993074
0.57559049, 0.87396422
-0.01186584, -0.00402346, -0.02463652
-0.97570729, 0.00085452, -0.21903135
0.52464318, 0.91287094
-0.01186585, -0.0044659, -0.01393259
-0.64238411, -0.24073, 0.72756124
0.52443224, 0.93906462
-0.01186583, -0.00937644, -0.01759782
-0.61876279, -0.70223093, 0.35212258
0.51355332, 0.88595411
-0.00196069, -0.00937644, -0.02465941
0.0, -0.9721061, -0.23450422
0.51741272, 0.86184707
0.00794442, -0.00937644, -0.01759782
0.61876279, -0.70223093, 0.35212258
0.51355612, 0.83773518
-0.01186583, -0.00937644, -0.02465941
-0.67958617, -0.68309581, -0.26734215
0.52170449, 0.91290903
-0.01186583, -0.00937644, -0.01759782
-0.61876279, -0.70223093, 0.35212258
0.52172816, 0.93017122
0.00794442, -0.00402346, -0.02463652
0.97570729, 0.00085452, -0.21903135
0.52464736, 0.81086132
0.00794442, -0.00937644, -0.01759782
0.61876279, -0.70223093, 0.35212258
0.52173382, 0.79356965
0.00299186, 0.00183938, -0.03969646
0.53059483, -0.26752526, -0.80425429
0.52790725, 0.84975615
0.00299187, -0.00402346, -0.03510816
0.48161259, -0.62828457, -0.61095005
0.52383018, 0.84977415
-0.00196069, -0.00402346, -0.03510816
0.0, -0.77117223, -0.63658559
0.52383083, 0.86185294
0.00299186, -0.00937644, -0.02465941
0.0, -0.9721061, -0.23450422
0.51741308, 0.84978566
0.00299186, 0.08876226, -0.03969646
0.5865047, 0.0, -0.80993074
0.5755896, 0.84974873
-0.0019607, 0.00183941, -0.03969646
0.0, -0.32593769, -0.94537187
0.52790773, 0.86185527
-0.00196069, 0.16107732, -0.03969644
0.0, 0.70708334, -0.70708334
0.61524427, 0.86184481
-0.0019607, 0.08876226, -0.03969646
0.0, 0.0, -1.0
0.5755899, 0.86185643
-0.00691326, -0.00402346, -0.03510816
-0.48161259, -0.62828457, -0.61095005
0.52382916, 0.87393221
0.00299187, -0.00402346, -0.03510816
0.48161259, -0.62828457, -0.61095005
0.524593, 0.83918881
0.00794442, -0.00937644, -0.02465941
0.67958617, -0.68309581, -0.26734215
0.51741213, 0.83772543
0.00794443, 0.09691922, -0.02461529
0.9874264, 0.0, -0.15796381
0.58006251, 0.81094354
-0.00691327, -0.00937644, -0.02465941
0.0, -0.9721061, -0.23450422
0.51741153, 0.87390801
-0.01186583, -0.00937644, -0.02465941
-0.67958617, -0.68309581, -0.26734215
0.5174095, 0.88596934
0.00794442, -0.00937644, -0.02465941
0.67958617, -0.68309581, -0.26734215
0.52171028, 0.81082237
0.00794443, 0.02512105, -0.00201534
0.57722712, -0.5777154, 0.57707447
0.4875122, 0.83772421
-0.01186584, 0.0251215, -0.00201521
-0.57722712, -0.5777154, 0.57707447
0.48750937, 0.88590607
0.00794443, 0.07732737, -0.00204259
0.76253545, -0.06610309, 0.64354378
0.45902959, 0.8377001
-0.01186584, 0.07732737, -0.00204259
-0.76253545, -0.06610309, 0.64354378
0.45902702, 0.88586965
0.00371505, 0.08876891, 0.00930537
0.57734919, 0.57762384, 0.57704395
0.45522171, 0.86368772
-0.00763641, 0.08876892, 0.00930537
-0.57734919, 0.57765436, 0.57704395
0.455237, 0.86542338
0.00371501, 0.07732879, -0.00065778
0.40546891, -0.8652913, 0.2946257
0.45831203, 0.84942207
0.00794444, 0.08876226, -0.00204861
0.69325846, 0.3416242, 0.63454086
0.45015037, 0.83665973
0.00371501, 0.08876368, -0.00065778
0.40607929, 0.86553544, 0.29309976
0.45142531, 0.84900451
0.00371504, 0.07733401, 0.00931139
0.57734919, -0.57704395, 0.57762384
0.45559296, 0.863383
0.00257258, 0.31772503, -0.02494513
0.77636033, -0.63023776, 0.0
0.62456614, 0.6042628
-0.00183731, 0.48852244, -0.02042253
0.0, -0.41257972, 0.91088593
0.7145068, 0.54006216
-0.0010634, 0.48079726, -0.05020453
0.55412459, 0.58125556, -0.59587389
0.70869178, 0.63797298
-0.00180303, 0.35615638, -0.03935731
0.0, 0.0, -0.99996948
0.61913449, 0.60134053
-0.00853306, 0.08824302, -0.01391495
-0.70708334, -0.70708334, 0.0
0.61546558, 0.78730735
0.00436119, 0.08824302, -0.01391495
0.70708334, -0.70708334, 0.0
0.65462226, 0.96804857
0.00436119, 0.13449916, -0.01391495
0.70708334, 0.70708334, 0.0
0.70456326, 0.81893548
-0.00853306, 0.13449916, -0.01391495
-0.70708334, 0.70708334, 0.0
0.67954946, 0.66116971
-0.01097814, 0.02501708, -0.01409821
-0.57765436, 0.5771966, -0.57716608
0.52872968, 0.75532231
0.00667368, 0.02501708, -0.01409821
0.57765436, 0.5771966, -0.57716608
0.52871478, 0.71219572
-0.0079709, -0.14469776, 0.02922238
-0.71755117, -0.69624925, 0.01767022
0.27116081, 0.33002251
-0.00215223, -0.14509469, 0.05318771
0.0, -0.54454178, 0.83870965
0.2990697, 0.03195149
-0.01097814, -0.00920738, -0.01770452
-0.74834436, 0.55790889, -0.35871455
0.50912988, 0.7554507
0.00667368, -0.00920738, -0.01770452
0.74834436, 0.55790889, -0.35871455
0.50919032, 0.71219575
-0.00215224, -0.00920738, -0.02249904
0.0, 0.59428692, -0.80422378
0.37094221, 0.94800824
-0.00215223, -0.14509469, 0.05318771
0.0, -0.54454178, 0.83870965
0.32325074, 0.8761901
0.00841016, 0.1613906, -0.0154025
0.72835475, -0.63567001, 0.25568408
0.40111923, 0.66497618
-0.01209902, 0.1613906, -0.0154025
-0.72835475, -0.63567001, 0.25568408
0.40111923, 0.61565059
0.00328287, 0.1613906, -0.04296376
0.37113559, -0.61491746, -0.69576097
0.3862482, 0.65264487
-0.00697173, 0.1613906, -0.04296376
-0.37113559, -0.61491746, -0.69576097
0.3862482, 0.62798208
-0.01209901, 0.31803334, -0.02293898
-0.72560811, 0.64238411, 0.24652852
0.49516562, 0.61544439
0.00841017, 0.31803334, -0.02293898
0.72560811, 0.64238411, 0.24652852
0.49514851, 0.66597205
-0.00697172, 0.31809345, -0.04315967
-0.37119663, 0.61418498, -0.69637138
0.50633764, 0.62815154
0.00328289, 0.31809339, -0.04315967
0.37119663, 0.61418498, -0.69640189
0.50632912, 0.6534155
-0.0018444, 0.31809345, -0.04315967
0.0, 0.70632041, -0.7078768
0.49197146, 0.54125369
-0.00184441, 0.1613906, -0.04296376
0.0, -0.70708334, -0.70708334
0.40607977, 0.75545573
-0.01186583, 0.16107735, -0.00995062
-0.57734919, 0.57734919, 0.57734919
0.40600985, 0.92597041
-0.00691326, 0.16107735, -0.03969644
-0.47099215, 0.59587389, -0.65041047
0.38728604, 0.92635232
0.00299188, 0.16107732, -0.03969644
0.47099215, 0.59587389, -0.65041047
0.3862482, 0.89933121
-0.01186583, 0.16107735, -0.00995062
-0.57734919, 0.57734919, 0.57734919
0.61524379, 0.94858831
0.00794443, 0.02512105, -0.00201534
0.57722712, -0.5777154, 0.57707447
0.54068494, 0.75567701
-0.01186583, 0.08876226, -0.00204861
-0.69325846, 0.3416242, 0.63454086
0.57559228, 0.96790251
0.00794443, 0.02514096, -0.01399434
0.90496534, -0.30075991, 0.3009125
0.49404937, 0.83772543
-0.01186584, 0.0251215, -0.00201521
-0.57722712, -0.5777154, 0.57707447
0.5406884, 0.96804857
# Number of Faces:
714
# Face Data:
0, 1, 2
1, 3, 4
5, 6, 7
6, 8, 9
8, 10, 11
10, 12, 13
8, 14, 15
16, 17, 0
12, 17, 16
13, 4, 9
0, 17, 18
5, 19, 20
10, 15, 21
6, 20, 14
1, 0, 22
17, 12, 21
3, 1, 23
24, 25, 26
23, 22, 27
15, 14, 28
20, 29, 28
18, 30, 27
19, 31, 29
32, 23, 33
34, 33, 27
35, 36, 33
37, 38, 29
38, 24, 28
39, 40, 28
41, 42, 40
43, 44, 30
44, 45, 27
46, 47, 48
38, 49, 25
44, 46, 50
37, 51, 49
43, 52, 46
34, 53, 54
41, 39, 26
45, 50, 53
55, 56, 57
51, 58, 59
60, 61, 62
53, 63, 64
55, 47, 65
50, 48, 63
26, 25, 66
49, 59, 66
67, 68, 69
64, 63, 70
71, 67, 72
63, 48, 73
71, 66, 74
59, 75, 74
48, 47, 57
59, 58, 76
68, 77, 78
73, 79, 80
67, 74, 77
75, 81, 77
73, 57, 82
76, 83, 81
57, 56, 84
70, 80, 85
86, 87, 88
81, 89, 78
82, 87, 90
83, 91, 89
84, 88, 87
80, 86, 91
69, 68, 92
79, 90, 86
71, 93, 94
60, 95, 96
97, 94, 93
71, 94, 60
47, 46, 98
46, 52, 98
26, 60, 96
62, 61, 99
94, 99, 61
65, 98, 100
97, 101, 99
102, 103, 104
104, 105, 106
105, 107, 108
107, 109, 110
109, 111, 112
112, 111, 113
104, 114, 113
114, 103, 102
115, 113, 114
116, 102, 117
118, 119, 120
108, 120, 121
110, 118, 120
102, 122, 123
122, 106, 124
112, 125, 118
21, 15, 112
21, 115, 116
42, 126, 125
127, 128, 129
15, 40, 125
18, 116, 127
125, 126, 118
127, 117, 128
130, 118, 126
131, 132, 133
134, 135, 136
137, 138, 139
140, 141, 142
138, 143, 144
145, 146, 147
132, 148, 149
142, 141, 146
135, 150, 151
152, 153, 154
144, 143, 154
150, 153, 152
148, 152, 147
155, 156, 157
158, 159, 160
161, 162, 163
155, 164, 165
165, 166, 167
168, 169, 170
166, 171, 172
173, 174, 171
164, 171, 166
173, 160, 175
176, 177, 178
166, 179, 180
174, 175, 177
174, 181, 182
172, 183, 184
183, 185, 186
181, 187, 188
182, 188, 183
181, 177, 189
190, 191, 192
188, 193, 185
187, 189, 190
187, 194, 193
195, 192, 191
194, 196, 197
186, 185, 198
185, 193, 199
196, 200, 201
199, 193, 197
192, 195, 202
192, 203, 196
197, 201, 204
196, 203, 205
202, 206, 205
207, 208, 209
206, 210, 211
201, 200, 212
213, 214, 215
216, 213, 217
218, 219, 220
221, 222, 219
209, 208, 219
217, 215, 222
223, 224, 225
215, 226, 227
214, 228, 226
227, 229, 230
231, 232, 233
173, 164, 157
158, 173, 232
170, 234, 235
236, 237, 238
235, 234, 239
156, 240, 236
157, 236, 233
241, 242, 243
233, 238, 241
244, 241, 245
236, 240, 246
247, 248, 249
237, 246, 250
247, 251, 252
238, 247, 242
253, 254, 255
247, 255, 256
242, 256, 257
248, 250, 258
254, 259, 260
256, 261, 262
259, 263, 264
261, 260, 265
266, 267, 268
266, 263, 259
269, 270, 271
259, 230, 269
260, 269, 272
263, 268, 273
274, 271, 270
264, 273, 275
276, 277, 224
230, 229, 270
222, 230, 264
264, 278, 220
279, 249, 280
281, 252, 251
247, 238, 282
248, 252, 281
238, 237, 281
283, 284, 285
286, 283, 287
288, 286, 289
290, 291, 292
293, 294, 180
295, 291, 290
159, 296, 297
175, 160, 290
298, 180, 179
175, 290, 299
177, 176, 289
189, 289, 287
287, 285, 191
186, 300, 301
184, 186, 302
298, 184, 303
304, 167, 180
176, 299, 292
305, 163, 167
306, 307, 217
200, 205, 211
210, 216, 307
308, 309, 221
212, 309, 253
310, 212, 311
204, 201, 312
306, 309, 212
280, 249, 266
249, 258, 267
310, 308, 207
311, 253, 255
207, 308, 208
255, 254, 261
266, 254, 253
280, 253, 309
312, 201, 207
311, 255, 249
306, 221, 309
310, 279, 280
211, 307, 306
258, 313, 314
240, 315, 316
246, 316, 317
268, 318, 319
267, 314, 318
273, 319, 320
250, 317, 313
321, 209, 218
198, 322, 301
199, 323, 324
325, 204, 312
326, 327, 209
328, 312, 327
324, 323, 204
329, 218, 330
163, 165, 167
160, 297, 290
331, 332, 333
334, 335, 336
335, 337, 338
339, 340, 341
342, 336, 343
335, 334, 344
338, 345, 346
336, 338, 347
348, 341, 349
348, 350, 351
352, 353, 354
350, 349, 355
351, 350, 356
337, 357, 345
358, 359, 360
361, 362, 359
363, 364, 365
366, 365, 339
361, 358, 337
358, 367, 357
368, 351, 369
363, 366, 351
362, 361, 344
370, 371, 372
371, 373, 374
375, 370, 376
340, 377, 376
349, 372, 374
341, 376, 372
343, 347, 371
347, 346, 373
378, 343, 370
379, 380, 381
382, 383, 384
385, 386, 387
388, 389, 390
380, 379, 391
392, 393, 394
384, 395, 392
396, 397, 389
390, 389, 398
399, 400, 401
402, 403, 404
405, 398, 406
407, 408, 409
410, 411, 412
413, 394, 414
397, 415, 398
410, 416, 417
418, 419, 420
416, 421, 422
401, 400, 418
423, 414, 424
425, 426, 427
427, 426, 428
429, 425, 430
404, 403, 429
398, 415, 411
431, 404, 397
404, 432, 415
415, 432, 430
433, 427, 419
411, 430, 427
413, 423, 434
428, 426, 435
392, 413, 425
436, 392, 429
402, 382, 436
416, 412, 421
433, 437, 438
434, 423, 439
440, 441, 399
442, 443, 441
444, 445, 409
442, 446, 408
447, 448, 446
381, 407, 448
446, 449, 409
448, 444, 449
381, 443, 408
448, 407, 445
450, 0, 2
2, 1, 4
4, 5, 7
7, 6, 9
9, 8, 11
11, 10, 13
10, 8, 15
450, 16, 0
13, 12, 16
13, 16, 450
9, 11, 13
4, 7, 9
450, 2, 4
4, 13, 450
22, 0, 18
6, 5, 20
12, 10, 21
8, 6, 14
23, 1, 22
18, 17, 21
32, 3, 23
39, 24, 26
33, 23, 27
40, 15, 28
14, 20, 28
22, 18, 27
20, 19, 29
36, 32, 33
45, 34, 27
34, 35, 33
31, 37, 29
29, 38, 28
24, 39, 28
39, 41, 40
129, 43, 30
30, 44, 27
50, 46, 48
24, 38, 25
45, 44, 50
38, 37, 49
44, 43, 46
35, 34, 54
96, 41, 26
34, 45, 53
47, 55, 57
49, 51, 59
95, 60, 62
54, 53, 64
53, 50, 63
71, 26, 66
25, 49, 66
72, 67, 69
451, 64, 70
93, 71, 72
70, 63, 73
67, 71, 74
66, 59, 74
73, 48, 57
75, 59, 76
92, 68, 78
70, 73, 80
68, 67, 77
74, 75, 77
79, 73, 82
75, 76, 81
82, 57, 84
451, 70, 85
89, 91, 86
86, 78, 89
86, 88, 92
86, 90, 87
92, 78, 86
77, 81, 78
79, 82, 90
81, 83, 89
82, 84, 87
85, 80, 91
88, 69, 92
80, 79, 86
26, 71, 60
65, 47, 98
101, 62, 99
60, 94, 61
452, 65, 100
94, 97, 99
122, 102, 104
122, 104, 106
453, 105, 108
108, 107, 110
110, 109, 112
115, 112, 113
111, 105, 104
111, 109, 107
104, 113, 111
104, 103, 114
111, 107, 105
116, 114, 102
116, 115, 114
127, 116, 117
119, 118, 130
119, 121, 120
453, 108, 121
108, 110, 120
117, 102, 123
123, 122, 124
110, 112, 118
115, 21, 112
18, 21, 116
40, 42, 125
30, 127, 129
112, 15, 125
30, 18, 127
454, 131, 133
455, 134, 136
456, 137, 139
457, 140, 142
139, 138, 144
154, 145, 147
133, 132, 149
145, 142, 146
136, 135, 151
147, 152, 154
153, 144, 154
151, 150, 152
149, 148, 147
164, 155, 157
173, 158, 160
163, 305, 161
162, 165, 163
162, 155, 165
169, 168, 458
169, 459, 170
172, 179, 166
171, 182, 172
164, 173, 171
165, 164, 166
174, 173, 175
299, 176, 178
167, 166, 180
177, 181, 174
175, 178, 177
171, 174, 182
298, 172, 184
184, 183, 186
182, 181, 188
172, 182, 183
187, 181, 189
194, 190, 192
183, 188, 185
194, 187, 190
188, 187, 193
191, 284, 195
284, 191, 285
193, 194, 197
300, 186, 198
198, 185, 199
197, 196, 201
323, 199, 197
203, 192, 202
194, 192, 196
323, 197, 204
200, 196, 205
203, 202, 205
327, 207, 209
205, 206, 211
310, 201, 212
217, 213, 215
307, 216, 217
330, 218, 220
208, 221, 219
218, 209, 219
221, 217, 222
224, 223, 460
223, 225, 461
222, 215, 227
215, 214, 226
222, 227, 230
244, 231, 233
232, 173, 157
231, 158, 232
168, 170, 235
233, 236, 238
239, 462, 235
234, 463, 239
157, 156, 236
232, 157, 233
245, 241, 243
244, 233, 241
464, 244, 245
237, 236, 246
255, 247, 249
248, 237, 250
248, 247, 252
241, 238, 242
242, 247, 256
243, 242, 257
249, 248, 258
261, 254, 260
257, 256, 262
230, 259, 264
262, 261, 265
263, 266, 268
254, 266, 259
272, 269, 271
260, 259, 269
265, 260, 272
264, 263, 273
277, 276, 274
274, 270, 277
278, 264, 275
460, 276, 224
269, 230, 270
219, 222, 264
219, 264, 220
282, 281, 251
251, 247, 282
237, 248, 281
282, 238, 281
287, 283, 285
289, 286, 287
176, 288, 289
299, 290, 292
298, 293, 180
297, 295, 290
297, 160, 159
296, 295, 297
172, 298, 179
178, 175, 299
189, 177, 289
190, 189, 287
190, 287, 191
302, 186, 301
303, 184, 302
293, 298, 303
294, 304, 180
288, 176, 292
304, 305, 167
221, 306, 217
211, 210, 307
208, 308, 221
311, 212, 253
279, 310, 311
200, 306, 212
266, 249, 267
201, 310, 207
256, 255, 261
280, 266, 253
308, 280, 309
327, 312, 207
279, 311, 249
308, 310, 280
200, 211, 306
267, 258, 314
246, 240, 316
250, 246, 317
273, 268, 319
268, 267, 318
275, 273, 320
258, 250, 313
329, 321, 218
322, 198, 199
198, 301, 300
322, 199, 324
328, 325, 312
321, 326, 209
326, 328, 327
325, 324, 204
465, 329, 330
466, 467, 331
467, 375, 377
375, 466, 378
332, 468, 333
331, 469, 332
466, 375, 467
331, 333, 466
342, 334, 336
336, 335, 338
348, 339, 341
378, 342, 343
361, 335, 344
347, 338, 346
343, 336, 347
350, 348, 349
366, 348, 351
470, 471, 352
471, 373, 346
373, 470, 374
353, 472, 354
352, 473, 353
470, 373, 471
352, 354, 470
356, 350, 355
369, 351, 356
338, 337, 345
367, 358, 360
358, 361, 359
366, 363, 365
348, 366, 339
335, 361, 337
337, 358, 357
474, 368, 369
368, 363, 351
475, 362, 344
376, 370, 372
372, 371, 374
377, 375, 376
341, 340, 376
355, 349, 374
349, 341, 372
370, 343, 371
371, 347, 373
375, 378, 370
447, 379, 381
436, 382, 384
476, 391, 385
385, 387, 476
387, 386, 477
386, 385, 478
479, 388, 390
476, 380, 391
394, 413, 392
393, 480, 394
392, 395, 393
436, 384, 392
388, 396, 389
481, 390, 398
482, 399, 401
431, 402, 404
398, 405, 481
398, 410, 406
406, 483, 405
445, 407, 409
416, 410, 412
423, 413, 414
389, 397, 398
406, 410, 417
437, 418, 438
428, 435, 420
420, 419, 428
419, 418, 437
417, 416, 422
420, 401, 418
439, 423, 424
430, 425, 427
419, 427, 428
432, 429, 430
432, 404, 429
410, 398, 411
396, 431, 397
397, 404, 415
411, 415, 430
437, 433, 419
433, 411, 427
425, 413, 434
429, 392, 425
403, 436, 429
403, 402, 436
482, 440, 399
440, 442, 441
449, 444, 409
443, 442, 408
442, 447, 446
447, 381, 448
408, 446, 409
446, 448, 449
407, 381, 408
444, 448, 445
