# Project Zomboid Skinned Mesh
# File Version:
1.0
# Model Name:
Cylinder
# Vertex Stride Element Count:
3
# Vertex Stride Size (in bytes):
76
# Vertex Stride Data:
# (Int)    Offset
# (String) Type
0
VertexArray
12
NormalArray
24
TextureCoordArray
# Vertex Count:
252
# Vertex Buffer:
-0.00473363, 0.23877974, 0.02255005
-0.77340007, 0.63365579, -0.01608326
0.37864339, 0.97667719
-0.00322951, 0.23901506, 0.01967018
-0.49903867, 0.67659533, -0.54142886
0.38550204, 0.97429604
-0.00322951, 0.23053096, 0.01897694
-0.49903867, -0.57972962, -0.64409316
0.37261879, 0.97204638
-0.00012275, 0.23909484, 0.01869388
0.06765953, 0.69115269, -0.71950436
0.40210479, 0.97150157
-0.00012275, 0.23061073, 0.01800064
0.06765953, -0.56517226, -0.82216865
0.3776786, 0.96931158
0.00276671, 0.23897234, 0.02019304
0.59471416, 0.66878259, -0.44605854
0.36845541, 0.98608496
0.00374626, 0.23871933, 0.02328948
0.77340007, 0.62263864, 0.11874752
0.34769142, 0.98332569
0.00374626, 0.23023522, 0.02259624
0.77340007, -0.63365579, 0.01611377
0.3537685, 0.98332569
0.00224211, 0.23848401, 0.02616934
0.49903867, 0.57972962, 0.64409316
0.36078838, 0.98543002
0.00224211, 0.22999991, 0.02547609
0.49903867, -0.67659533, 0.54142886
0.34881169, 0.98365272
-0.00086465, 0.23840423, 0.02714564
-0.06765953, 0.56517226, 0.82216865
0.3717081, 0.98274123
-0.00375411, 0.23852673, 0.02564648
-0.59471416, 0.58751184, 0.54869229
0.37459815, 0.97900581
-0.00473363, 0.23029564, 0.02185681
-0.77340007, -0.62263864, -0.11874752
0.36750838, 0.97383602
-0.00375411, 0.23004262, 0.02495324
-0.59471416, -0.66881311, 0.44605854
0.35749075, 0.9758475
0.00276671, 0.23048823, 0.0194998
0.59471416, -0.58751184, -0.54869229
0.41481248, 0.99989773
-0.00660148, 0.22469096, 0.03050811
-0.59077728, 0.64043093, -0.49067658
0.26899508, 0.48421443
-0.00625602, 0.22008498, 0.03791326
-0.81408125, 0.33994567, 0.47080904
0.25212529, 0.48520726
-0.00182928, 0.22402781, 0.038624
-0.05148473, 0.75603503, 0.65245521
0.25764808, 0.50386322
-0.00660148, 0.21057428, 0.02935462
-0.6631062, 0.06094546, -0.74602497
0.26718861, 0.45763761
-0.00660148, 0.19645759, 0.02820114
-0.59077728, -0.55229348, -0.58812219
0.2703436, 0.43131346
-0.00625602, 0.1998003, 0.03625578
-0.81408125, -0.41187781, 0.40937528
0.25393644, 0.42993677
0.00428443, 0.19638003, 0.02915037
0.67580187, -0.56132692, -0.47767571
0.29288986, 0.43231356
0.00259746, 0.19973721, 0.03702778
0.72502822, -0.42283395, 0.54359567
0.30964175, 0.43151969
-0.00182928, 0.19579445, 0.03631704
-0.05148473, -0.8519547, 0.52107304
0.30442196, 0.41293526
0.00428443, 0.21049671, 0.03030385
0.7830134, 0.05063021, -0.61992246
0.29452556, 0.45879209
0.0042844, 0.2246134, 0.03145733
0.67580187, 0.63142794, -0.3802301
0.29150125, 0.48497766
0.00259746, 0.2200219, 0.03868526
0.72502822, 0.32898954, 0.60502946
0.30775177, 0.48620081
0.00233748, 0.20422962, 0.04037627
0.83446759, -0.4768517, 0.27607045
0.32153365, 0.44226348
-0.00208926, 0.20214196, 0.03981714
-0.0527665, -0.84231085, 0.53636283
0.32540122, 0.42624938
-0.00115853, 0.22465219, 0.03098272
0.06161687, 0.76210821, -0.64445937
0.28128409, 0.49174678
0.00186086, 0.20402537, 0.0458255
0.79967648, -0.60039061, -0.00210578
0.33953527, 0.44386357
-0.00256587, 0.20203163, 0.04527405
0.00439467, -0.99130225, -0.13138218
0.34098575, 0.42932177
-0.00651599, 0.21510863, 0.04048807
-0.87633902, 0.43787956, 0.20062868
0.23998038, 0.4744724
-0.00208926, 0.21719624, 0.04104723
-0.0527665, 0.74407178, 0.66597492
0.23625827, 0.49077249
0.00361368, 0.20987235, 0.03794514
0.99365216, -0.00912503, 0.11194189
0.31417501, 0.45931411
0.00233748, 0.21504556, 0.04126008
0.83446759, 0.42570269, 0.34983367
0.3201564, 0.47662514
-0.00727224, 0.20994991, 0.03699591
-0.99807733, 0.00503555, -0.06170843
0.24734813, 0.45713997
-0.00651599, 0.2042927, 0.03960427
-0.87633902, -0.46464431, 0.12689596
0.24129546, 0.43956119
0.00186087, 0.21436243, 0.04667015
0.79967648, 0.59276098, 0.09537034
0.33798876, 0.47664005
0.00099429, 0.21490572, 0.05665261
0.81057161, 0.58076721, 0.07519761
0.36746177, 0.48047668
0.00201048, 0.20838003, 0.05620859
0.99670398, -0.00656148, 0.08066042
0.36794353, 0.46171057
-0.00753221, 0.2097079, 0.03995757
-0.99636829, 0.00689718, -0.0847499
0.2394091, 0.45687759
-0.00699261, 0.20408845, 0.0450535
-0.79564804, -0.58900726, -0.14120914
0.22310153, 0.43948418
-0.00699261, 0.2144255, 0.04589815
-0.79564804, 0.60411388, -0.04373302
0.22162487, 0.47301167
-0.00256587, 0.21641926, 0.04644967
0.00436415, 0.9994812, 0.03125095
0.2203051, 0.48791015
0.0033537, 0.20963036, 0.0409068
0.99600208, -0.00726341, 0.08896145
0.32199517, 0.45958954
-0.00887541, 0.20845759, 0.05525936
-0.99560535, 0.00759911, -0.09305093
0.19234151, 0.45485431
-0.00785919, 0.20193189, 0.05481534
-0.80306405, -0.57377851, -0.16074099
0.19280623, 0.43552244
-0.00915905, 0.20099969, 0.06964624
-0.80864894, -0.58384961, -0.07193213
0.15080695, 0.43537998
0.00099428, 0.20186882, 0.05558735
0.81057161, -0.58525348, -0.02005066
0.36937365, 0.44296408
-0.00785919, 0.21496882, 0.0558806
-0.80306405, 0.5922727, -0.06549272
0.19097003, 0.47417355
0.00071061, 0.20717005, 0.07101679
0.99563587, -0.00756859, 0.09295938
0.40806448, 0.46376652
-0.00030558, 0.21341795, 0.07143811
0.80056155, 0.57631153, 0.16409802
0.40810394, 0.48066771
-0.00110717, 0.21163128, 0.0804848
0.56132692, 0.3970153, 0.72612691
0.42885166, 0.47549891
-0.00915905, 0.21348102, 0.0706661
-0.80864894, 0.5877865, 0.02377392
0.14909427, 0.47028416
-0.00473232, 0.21589497, 0.07125192
-0.00753807, 0.98590046, 0.16705832
0.14616512, 0.48448914
-0.00030558, 0.2009366, 0.07041825
0.80056155, -0.59529406, 0.06836146
0.4098517, 0.44695508
-0.00473232, 0.19852267, 0.06983242
-0.00753807, -0.99993896, 0.00479141
0.41275144, 0.43326944
-0.0055339, 0.20646267, 0.07967389
-0.08713035, -0.0811182, 0.99285865
0.11339759, 0.45099062
-0.01097686, 0.20650144, 0.07919928
-0.80086672, -0.04876858, 0.59682
0.1291862, 0.45179683
-0.00996064, 0.20129399, 0.07886297
-0.67284155, -0.50083923, 0.54441971
0.12932107, 0.44075894
-0.00110717, 0.2012309, 0.07963498
0.56132692, -0.50962859, 0.65202796
0.42995638, 0.45424765
-0.0055339, 0.19922473, 0.07908248
-0.0585345, -0.79268777, 0.60676903
0.4376522, 0.44335479
-0.01017528, 0.2072476, 0.07006755
-0.99670398, 0.006592, -0.08072146
0.15087907, 0.452869
-0.00996064, 0.21169437, 0.07971279
-0.67284155, 0.40583515, 0.61848813
0.12820561, 0.46280318
-0.0055339, 0.21370053, 0.08026534
-0.0585345, 0.68367565, 0.72740865
0.12022731, 0.47414345
-9.097e-05, 0.20642389, 0.08014851
0.6847133, -0.05932798, 0.72637105
0.42899254, 0.46485251
-0.00800883, 0.20926425, 0.04538724
-0.99618518, 0.00708029, -0.08685568
0.22240011, 0.45620102
0.00287705, 0.20918669, 0.04633646
0.99618518, -0.00708029, 0.08685568
0.33868071, 0.46029937
-0.00115853, 0.2105355, 0.02982924
0.08713035, 0.0811182, -0.99285865
0.28087464, 0.4582054
-0.00115853, 0.19641881, 0.02867576
0.06161687, -0.64738911, -0.75963622
0.28069949, 0.42463934
-0.0055339, 0.21370053, 0.08026534
-0.0585345, 0.68367565, 0.72740865
0.4353742, 0.48712862
-0.0055339, 0.20646267, 0.07967389
-0.08713035, -0.0811182, 0.99285865
0.44420609, 0.4656437
-0.00473232, 0.21589497, 0.07125192
-0.00753807, 0.98590046, 0.16705832
0.40956852, 0.49457109
-0.00473232, 0.19852267, 0.06983242
-0.00753807, -0.99993896, 0.00479141
0.14928392, 0.42099309
-0.0055339, 0.19922473, 0.07908248
-0.0585345, -0.79268777, 0.60676903
0.1225555, 0.42870843
-0.00343245, 0.19934611, 0.05499264
0.00677511, -0.98730427, -0.15863521
0.19321358, 0.42049569
-0.00343245, 0.21749151, 0.05647531
0.00677511, 0.99996948, 0.00372326
0.36707896, 0.49504894
-0.00256587, 0.21641926, 0.04644967
0.00436415, 0.9994812, 0.03125095
0.33798739, 0.49105585
-0.00256587, 0.20203163, 0.04527405
0.00439467, -0.99130225, -0.13138218
0.2231649, 0.42471111
-0.00208926, 0.21719624, 0.04104723
-0.0527665, 0.74407178, 0.66597492
0.32244614, 0.49244946
-0.00182928, 0.22402781, 0.038624
-0.05148473, 0.75603503, 0.65245521
0.30189645, 0.50306356
-0.00208926, 0.20214196, 0.03981714
-0.0527665, -0.84231085, 0.53636283
0.23908152, 0.42344379
-0.00182928, 0.19579445, 0.03631704
-0.05148473, -0.8519547, 0.52107304
0.26004279, 0.41293526
-0.01170537, 0.15830788, 0.06408946
-0.548204, 0.77712333, -0.30906093
0.71397775, 0.3975516
-0.01726415, 0.12857646, 0.12540901
-0.63945431, 0.26487014, 0.72173226
0.11339759, 0.41273069
-0.00392213, 0.12848142, 0.1265724
0.50859094, 0.25669119, 0.82183295
0.17016678, 0.38954693
-0.01106587, 0.14112067, 0.0553512
-0.50859094, -0.25669119, -0.82183295
0.78759122, 0.38574517
-0.01662465, 0.11138926, 0.11667068
-0.60435802, -0.76891387, 0.20853297
0.18701102, 0.40092427
0.00227615, 0.1410256, 0.05651459
0.63945431, -0.26487014, -0.72173226
0.73082203, 0.40892887
-0.00328263, 0.1112942, 0.11783413
0.548204, -0.77712333, 0.30906093
0.20160304, 0.40892875
0.00163665, 0.15821283, 0.06525286
0.60435802, 0.76891387, -0.20856349
0.69938588, 0.38954693
-0.00704306, 0.0675798, -0.02034544
-0.57701343, 0.48088014, -0.66011536
0.19641329, 0.62741894
-0.00859973, 0.06613076, -0.00261171
-0.71175265, 0.47144994, 0.5206458
0.20578994, 0.63997948
0.00919305, 0.06600399, -0.00106021
0.61751151, 0.46198919, 0.63655508
0.2207626, 0.6268703
-0.00246078, 0.04970136, -0.01577063
-0.56813258, -0.3084811, -0.76290172
0.15986337, 0.67223325
-0.00365635, 0.04838202, -0.00216753
-0.72106081, -0.1180456, 0.68269908
0.21489833, 0.68563575
-0.00277514, 0.04135811, -0.01284722
-0.69747001, -0.08142339, -0.71193576
0.16147482, 0.71899027
0.00519246, 0.04964682, -0.01510328
0.68715477, -0.31742302, -0.65346235
0.32906607, 0.64343861
0.01074972, 0.06745303, -0.01879395
0.68929106, 0.47184667, -0.54969937
0.19605327, 0.50406775
0.00399689, 0.04832749, -0.00150018
0.590289, -0.12738426, 0.79705191
0.24431923, 0.68330419
0.00400753, 0.04028672, -0.00227914
0.64522231, -0.06576739, 0.76113164
0.2516003, 0.7231341
-0.00364571, 0.04034131, -0.00294649
-0.76808983, -0.05569628, 0.63789791
0.21270515, 0.72316128
-0.00366312, -6.212e-05, -0.00604829
-0.82564777, 0.13550219, 0.54762411
0.2079611, 0.94096579
0.0048781, 0.04130359, -0.01217987
0.80895412, -0.09213538, -0.58058411
0.31132165, 0.71584213
0.00519246, 0.04964682, -0.01510328
0.68715477, -0.31742302, -0.65346235
0.11339764, 0.6521799
0.0048781, 0.04130359, -0.01217987
0.80895412, -0.09213538, -0.58058411
0.11339759, 0.71731135
-0.0028106, -0.00628876, -0.01633381
-0.5591296, -0.27457502, -0.7822504
0.16700853, 0.94587263
-0.00307915, -0.00905972, -0.01348046
-0.63673818, -0.60649437, -0.47608876
0.17747264, 0.9565438
0.00399012, -0.00011665, -0.00538095
0.72023684, 0.12451552, 0.68242437
0.2373611, 0.94265347
0.00484264, -0.00634329, -0.01566646
0.68214971, -0.28342539, -0.67400128
0.14497277, 0.95556554
0.00457409, -0.00911424, -0.01281311
0.7008881, -0.61604661, -0.359447
0.16333611, 0.96996957
0.00355079, -0.01436367, -0.00150676
0.88531142, -0.28522599, -0.36719871
0.18975075, 0.9852364
-0.00410245, -0.01430913, -0.00217411
-0.81231117, -0.27314067, -0.51524401
0.20259382, 0.97849665
-0.00380528, -0.00271568, -0.00463477
-0.82168037, 0.45957825, 0.3370159
0.20705625, 0.95102306
0.00384796, -0.0027702, -0.00396742
0.75737786, 0.4483169, 0.47471541
0.23303205, 0.95340697
0.00457409, -0.00911424, -0.01281311
0.7008881, -0.61604661, -0.359447
0.26363233, 0.97452174
-0.00414247, -0.00422921, -0.00089144
-0.72640157, 0.66191596, 0.18472853
0.21124078, 0.96511949
-0.00577914, -0.01064483, 0.01735382
-0.71416366, 0.67076629, 0.20004883
0.21768171, 0.98270758
0.0018741, -0.01069935, 0.01802116
0.6781823, 0.66081727, 0.32145146
0.22168675, 0.98254291
0.00351077, -0.00428374, -0.00022409
0.69277018, 0.65181434, 0.3084811
0.2260685, 0.96664998
0.00355079, -0.01436367, -0.00150676
0.88531142, -0.28522599, -0.36719871
0.23183906, 0.98366729
-0.00573911, -0.02072477, 0.01607118
-0.86745811, -0.49702445, 0.02136296
0.2179856, 0.98627829
-0.00732135, -0.02839383, 0.03358987
-0.81911677, -0.04214606, -0.57206947
0.21820739, 0.99123718
-0.00736138, -0.01831401, 0.03487252
-0.72096926, 0.65123445, 0.23673208
0.21863985, 0.98945068
0.00191413, -0.0207793, 0.01673853
0.84356213, -0.50920135, 0.17056794
0.22056355, 0.98644197
0.00243945, -0.02743893, 0.01016983
0.67842644, -0.11960204, 0.72484511
0.22133471, 0.98937621
0.00033189, -0.02844837, 0.03425722
0.91222876, -0.09680471, -0.39802241
0.21859948, 0.9912819
0.00029186, -0.01836853, 0.03553987
0.67824334, 0.6412549, 0.35874507
0.21888766, 0.98950921
-0.00080392, -0.02429127, 0.04762247
0.67442852, 0.6272164, 0.38947722
0.21837942, 0.99146534
-0.00845715, -0.02423673, 0.04695512
-0.72270882, 0.63716543, 0.26764733
0.2186669, 0.9916555
-0.00892597, -0.02710193, 0.05209742
-0.67238379, 0.46293527, 0.57750177
0.21852349, 0.99218224
-0.00127273, -0.02715645, 0.05276477
0.56877345, 0.45411542, 0.68572038
0.21849312, 0.99195782
-0.00076389, -0.03437131, 0.04633979
0.7916196, -0.26947844, 0.54835659
0.21809475, 0.9931734
0.00439778, -0.03845304, 0.04539741
0.84923857, 0.35685292, 0.38908046
0.21800147, 0.99464124
0.00549355, -0.03769203, 0.03289304
0.86773276, 0.49467453, -0.0479751
0.2180822, 0.99324879
-0.00841713, -0.03431679, 0.04567245
-0.84371471, -0.2438734, 0.4781335
0.21853478, 0.9932143
-0.00146742, -0.03539013, 0.05432473
0.50407422, -0.57011628, 0.64870143
0.21855748, 0.99229457
-0.00912066, -0.03533561, 0.05365739
-0.61674857, -0.56215096, 0.55095065
0.21852933, 0.99256813
-0.00521378, -0.02738441, 0.00950248
-0.79525131, -0.10910367, 0.59633166
0.21561523, 0.98867189
-0.00417295, -0.02606574, -0.00232624
-0.58845788, 0.18677327, -0.78664511
0.20622256, 0.98876117
-0.00748787, -0.03365666, -0.00346413
-0.62785727, 0.254738, -0.73543507
0.21055229, 0.99126717
0.00348029, -0.02612028, -0.0016589
0.71828365, 0.17746513, -0.67268896
0.20122716, 0.99326504
0.00752883, -0.03508971, 0.00976481
0.85634935, 0.45564136, 0.24289681
0.21937571, 0.99207976
-0.010264, -0.03496294, 0.00821328
-0.87896359, 0.46800134, 0.09143345
0.21556425, 0.99176553
-0.01227172, -0.03750647, 0.03103036
-0.83858758, 0.4915311, -0.23474838
0.21786939, 0.9931473
0.00683448, -0.03375871, -0.00221526
0.74919891, 0.24491104, -0.6153447
0.22253613, 0.99256401
0.00683448, -0.03375871, -0.00221526
0.74919891, 0.24491104, -0.6153447
0.20761371, 0.997615
-0.01225156, -0.0487835, 0.0298776
-0.72182381, -0.68163091, -0.119541
0.21741429, 0.99444124
-0.01339506, -0.03832626, 0.04384591
-0.89220864, 0.38712728, 0.23245949
0.21845843, 0.99463971
-0.00745516, -0.04821423, -0.00502876
-0.4728843, -0.5658437, -0.67540514
0.21410653, 0.99376668
0.00686719, -0.04831628, -0.00377988
0.57460248, -0.57329023, -0.58406323
0.2169812, 0.99600301
0.00756155, -0.04778904, 0.00835199
0.73113191, -0.68218023, 0.00412
0.21751291, 0.99426077
0.00554128, -0.04891028, 0.0314291
0.72252572, -0.69109166, 0.01843318
0.21775758, 0.99402483
-0.01023126, -0.04766227, 0.00680049
-0.73039949, -0.67177343, -0.1233253
0.21580027, 0.99366535
0.00040204, -0.053271, 0.05448785
0.47962889, -0.66701257, 0.57008576
0.21819197, 0.99989773
0.00039952, -0.03931408, 0.05565714
0.4671163, 0.52211064, 0.71355325
0.21860796, 0.99716708
-0.01124533, -0.03923111, 0.05464173
-0.53736991, 0.5414899, 0.6465041
0.21809979, 0.99725567
-0.01124281, -0.05318803, 0.05347244
-0.5550096, -0.67360455, 0.48805201
0.21762046, 0.99709276
-0.00736532, 0.23332459, -0.00368227
-0.69219029, 0.65895563, -0.29428998
0.00407626, 0.00010228
-0.00882147, 0.23196912, 0.01290638
-0.70439774, 0.70976895, -0.00381481
0.00010227, 0.13045859
0.00900826, 0.23184209, 0.01446109
0.70439774, 0.69972837, 0.11899167
0.09062476, 0.15812337
-0.00736534, 0.06657847, -0.01730725
-0.69219029, -0.60243535, -0.397351
0.07653388, 0.88120402
-0.0088215, 0.12274766, 0.00398177
-0.95468003, -0.28394422, 0.08911405
0.03885641, 0.65413469
0.01046439, 0.06645143, -0.01575253
0.74193549, -0.6126591, -0.27231666
0.10321222, 0.87591258
0.00935409, 0.06541791, -0.00310389
0.60478532, -0.74474317, 0.28202155
0.09557554, 0.85985728
-0.00847564, 0.06554495, -0.00465861
-0.65492719, -0.73577076, 0.17218544
0.0829136, 0.86147346
0.01046442, 0.23319755, -0.00212755
0.74193549, 0.64873195, -0.16922514
0.10321218, 0.08981967
0.0090083, 0.12262071, 0.0055365
0.92071289, -0.29731131, 0.25266275
0.11316273, 0.65045208
-0.01042972, 0.18235628, 0.02729578
-0.8849147, 0.25125888, 0.39210182
0.03654756, 0.44242424
0.00844089, 0.2334066, -0.004686
0.36991486, 0.68141729, -0.63145846
0.07849945, 0.08672833
-0.0088215, 0.09768277, 0.0019337
-0.87627798, 0.23868527, 0.41850033
0.05699611, 0.76946516
-0.00928674, 0.09415966, 0.00698125
-0.74367505, 0.59538561, 0.30399486
0.06739391, 0.79265746
0.00854306, 0.09403269, 0.00853598
0.68819237, 0.58519244, 0.42884609
0.1047387, 0.79090278
0.00740005, 0.18222924, 0.0288505
0.80715352, 0.23920408, 0.53962827
0.08818346, 0.44314152
-0.01432058, 0.15767379, 0.06989986
-0.66060364, 0.37443158, 0.65065461
0.08206513, 0.5484806
0.00740008, 0.11459784, 0.02332428
0.72716451, -0.64613789, -0.23169652
0.10062645, 0.63118637
-0.01042975, 0.2304721, 0.03122735
-0.62544632, 0.53267008, 0.57008576
0.02908003, 0.19281143
0.00740005, 0.23034507, 0.03278207
0.52482682, 0.52449113, 0.67040008
0.06310806, 0.2013973
-0.01432058, 0.09449177, 0.06473723
-0.72603536, -0.20340587, 0.65684986
0.08671463, 0.68930048
0.00350916, 0.09436482, 0.06629196
0.59843743, -0.2128666, 0.77233189
0.07812038, 0.69041082
-0.01297563, 0.10151208, 0.04988674
-0.7606433, -0.409711, -0.5035249
0.08389539, 0.68126816
-0.01391365, 0.08393472, 0.05920789
-0.76003295, -0.3271279, 0.56151003
0.08198716, 0.73660627
0.00391609, 0.08380768, 0.06076261
0.64665669, -0.33716848, 0.68416393
0.09330396, 0.73805389
0.00350919, 0.1575467, 0.07145458
0.54322946, 0.3658559, 0.7556383
0.0597634, 0.55118522
0.00485411, 0.10138516, 0.0514415
0.83043915, -0.42103335, -0.36475724
0.07892826, 0.68253317
0.0090083, 0.09755576, 0.00348843
0.79390848, 0.22678304, 0.56413466
0.11069179, 0.76616159
-0.00986965, 0.09060077, 0.01337539
-0.73458052, 0.62730795, 0.25855282
0.07700815, 0.81087531
0.00796015, 0.09047377, 0.01493011
0.68752098, 0.61717582, 0.38254952
0.09890281, 0.81084289
0.00888885, 0.07005208, 0.00261019
0.76787621, -0.58229315, 0.26688436
0.09865062, 0.84978504
-0.00894088, 0.07017912, 0.00105547
-0.81066316, -0.57103181, 0.12924589
0.07987831, 0.84995688
0.00830594, 0.0699538, 0.0092871
0.78356272, -0.61040074, -0.11581774
0.09756587, 0.84902091
0.00683589, 0.08449748, 0.02733495
0.68053222, 0.63179415, 0.37104404
0.092746, 0.82700044
-0.0095238, 0.07008084, 0.00773238
-0.76024657, -0.59941405, -0.25043488
0.08225948, 0.84703112
-0.01099391, 0.08462445, 0.02578023
-0.72545546, 0.6418348, 0.24842067
0.08648439, 0.82460409
-0.01209716, 0.07857644, 0.03793831
-0.73387861, 0.64235359, 0.22086245
0.09114591, 0.82429482
0.00573263, 0.07844946, 0.03949304
0.69356364, 0.63219094, 0.34534746
0.09072361, 0.82977802
0.00718168, 0.06199995, 0.02153038
0.71938229, -0.6281625, -0.2964263
0.09276948, 0.86220981
-0.01064806, 0.06212699, 0.01997563
-0.66603595, -0.61827451, -0.41724905
0.0896557, 0.85459177
0.00631626, 0.05716203, 0.03106054
0.70641196, -0.67448956, -0.21445356
0.09336702, 0.88865143
0.00535921, 0.05370776, 0.04175384
0.73921931, -0.64442885, -0.19544053
0.09646728, 0.93583544
-0.01247059, 0.0538348, 0.04019911
-0.70326853, -0.63414413, -0.32123783
0.09384327, 0.8844637
-0.01151354, 0.05728906, 0.02950582
-0.66811121, -0.66469312, -0.33429974
0.09201274, 0.8681848
-0.01273957, 0.05236604, 0.04316384
-0.60338145, -0.76909697, 0.21066926
0.07532758, 0.90128697
-0.01345289, 0.07229676, 0.05297285
-0.76488543, -0.31690419, 0.5607776
0.0823583, 0.80424409
-0.0131839, 0.07376549, 0.05000812
-0.86889249, 0.43833736, -0.22986542
0.09581753, 0.80482271
0.00464589, 0.07363851, 0.05156285
0.90166938, 0.42570269, -0.07547227
0.08601787, 0.81327258
0.00509023, 0.05223907, 0.04471857
0.54689169, -0.77727592, 0.3109836
0.11319304, 0.99989773
0.00437691, 0.07216975, 0.0545276
0.65172279, -0.32700583, 0.68431652
0.10956226, 0.81522177
-0.01366628, 0.0853833, 0.05648939
-0.7662282, 0.0400708, -0.64128542
0.09067971, 0.73068231
0.00416346, 0.08525632, 0.05804411
0.86614579, 0.02844325, -0.49894711
0.08129779, 0.73324862
-0.01042972, 0.11472479, 0.02176955
-0.68514055, -0.63609731, -0.35486922
0.05149144, 0.63410029
0.00844092, 0.06666049, -0.01831098
0.36994538, -0.56987214, -0.73372602
0.08720046, 0.86647019
-0.00492678, 0.06675573, -0.01947661
-0.24536881, -0.56550801, -0.78737754
0.09205311, 0.8685952
-0.00492681, 0.08978199, -0.01759513
-0.58397168, -0.14902188, -0.79796749
0.10752215, 0.76974703
0.00844092, 0.1034521, -0.01530472
0.71108127, 0.26734215, -0.65025789
0.06431859, 0.70260292
-0.00492681, 0.10354734, -0.01647036
-0.58397168, 0.27655873, -0.76317638
0.10870516, 0.70183384
-0.00492681, 0.21123077, -0.00767142
-0.58958709, -0.15619373, -0.79244363
0.09383322, 0.12336367
-0.00492681, 0.22770934, -0.00632495
-0.58958709, 0.282754, -0.75655383
0.05512801, 0.04079074
-0.00492681, 0.23350185, -0.00585164
-0.24536881, 0.68581194, -0.68511003
0.02281947, 0.03052497
-0.00266146, 0.22816627, -0.011917
-0.46211126, 0.70009458, -0.54429764
0.06359623, 0.0620833
-0.00266146, 0.2116877, -0.01326347
-0.65163124, -0.66945404, -0.35657826
0.07992634, 0.11342514
-0.00131432, 0.21993105, -0.01517759
-0.7275002, 0.43192846, -0.53303629
0.07284823, 0.09139627
0.00844089, 0.22761409, -0.00515931
0.71556747, 0.27347636, -0.64275032
0.07211465, 0.07937449
0.00718424, 0.22809611, -0.01105847
0.55922115, 0.6928007, -0.4552446
0.06724892, 0.07968253
0.00844089, 0.21113546, -0.00650579
0.71556747, -0.16550188, -0.67864007
0.04999613, 0.13454288
0.00718424, 0.21161748, -0.01240495
0.69399089, -0.67903686, -0.2392346
0.06077281, 0.11824322
-0.00131432, 0.21189773, -0.01583399
-0.63054293, -0.73641163, -0.24503312
0.07454726, 0.10706294
-0.00032364, 0.21281992, -0.02711997
-0.52482682, -0.52449113, -0.67040008
0.07075732, 0.10250252
0.00729611, 0.21276562, -0.02645554
0.62544632, -0.53267008, -0.57008576
0.06897926, 0.10318565
0.00630543, 0.21987678, -0.01451316
0.81481367, 0.4209418, -0.39854121
0.06580534, 0.09666103
0.00630543, 0.21184339, -0.01516957
0.65297401, -0.7455672, -0.13312174
0.06586283, 0.10975653
-0.00032364, 0.22085325, -0.02646357
-0.52482682, 0.62636191, -0.57637256
0.07043415, 0.09910983
0.00729611, 0.22079895, -0.02579914
0.62544632, 0.61815238, -0.47605821
0.06885428, 0.10010344
0.00702986, 0.10391378, -0.02095489
0.56215096, 0.71434677, -0.41673025
0.07666031, 0.71536362
-0.00255283, 0.0902167, -0.02291526
-0.64708394, -0.6852321, -0.33417767
0.09593021, 0.75659201
-0.00255283, 0.10398205, -0.02179048
-0.47135839, 0.72170174, -0.50685143
0.09740563, 0.71559581
-0.00138004, 0.09819134, -0.0251166
-0.73986024, 0.47950682, -0.47184667
0.0928158, 0.73592308
0.00702986, 0.09014845, -0.02207966
0.68541521, -0.69472337, -0.21799371
0.07967993, 0.75630318
0.00844092, 0.0896868, -0.01642949
0.71108127, -0.15823847, -0.68501848
0.06911514, 0.7696064
0.00636871, 0.09039312, -0.02507361
0.66808069, -0.73680836, -0.10361034
0.08352948, 0.74933338
-0.00138004, 0.09044831, -0.02574929
-0.65041047, -0.72740865, -0.21860409
0.09172562, 0.7493571
-0.00044715, 0.09131663, -0.03637683
-0.52482682, -0.52449113, -0.67040008
0.08859842, 0.74422309
0.00636871, 0.0981361, -0.02444093
0.81707203, 0.46839809, -0.33606982
0.08211856, 0.73607183
0.0073016, 0.09126151, -0.03570116
0.62544632, -0.53267008, -0.57008576
0.08653343, 0.74422681
-0.00044715, 0.09905969, -0.03574414
-0.52482682, 0.62636191, -0.57637256
0.08872395, 0.74110502
0.0073016, 0.09900448, -0.03506847
0.62544632, 0.61815238, -0.47605821
0.08633365, 0.74113128
-0.00086465, 0.22992013, 0.0264524
-0.06765953, -0.69115269, 0.71950436
0.32927066, 0.9852738
-0.00343245, 0.19934611, 0.05499264
0.00677511, -0.98730427, -0.15863521
0.37050185, 0.42838079
-0.00343245, 0.21749151, 0.05647531
0.00677511, 0.99996948, 0.00372326
0.18993008, 0.48922426
0.00484264, -0.00634329, -0.01566646
0.68214971, -0.28342539, -0.67400128
0.28606644, 0.96141257
0.00348029, -0.02612028, -0.0016589
0.71828365, 0.17746513, -0.67268896
0.22724889, 0.98826319
# Number of Faces:
452
# Face Data:
0, 1, 2
2, 1, 3
4, 3, 5
5, 6, 7
6, 8, 9
9, 8, 10
1, 0, 8
11, 0, 12
10, 11, 13
12, 4, 14
15, 16, 17
18, 19, 20
21, 22, 23
24, 25, 26
22, 27, 28
18, 15, 29
27, 30, 31
16, 32, 33
34, 26, 35
36, 20, 37
38, 39, 40
41, 37, 42
32, 43, 44
45, 35, 38
46, 47, 48
31, 30, 49
42, 47, 46
44, 43, 50
51, 52, 53
50, 54, 55
40, 39, 52
49, 56, 57
58, 59, 60
56, 61, 62
63, 48, 60
54, 64, 65
63, 59, 64
64, 59, 58
40, 51, 56
51, 66, 61
43, 67, 46
46, 63, 54
45, 68, 30
41, 67, 43
30, 68, 40
36, 41, 32
34, 45, 27
19, 18, 69
24, 34, 22
18, 36, 16
21, 70, 69
53, 71, 72
52, 73, 71
48, 74, 75
72, 62, 61
47, 76, 74
39, 77, 73
78, 77, 39
79, 76, 47
35, 80, 78
26, 81, 80
37, 82, 79
69, 29, 25
20, 83, 82
19, 70, 83
25, 29, 81
84, 85, 86
84, 87, 88
89, 90, 88
91, 86, 90
85, 88, 90
89, 87, 84
92, 93, 94
95, 96, 93
96, 95, 97
98, 99, 94
93, 96, 100
95, 92, 99
101, 102, 103
100, 96, 102
100, 101, 104
95, 105, 106
103, 107, 108
104, 101, 109
97, 106, 110
97, 107, 103
111, 112, 113
103, 114, 115
109, 115, 116
110, 111, 108
117, 118, 119
114, 108, 113
114, 117, 120
115, 120, 121
122, 123, 124
121, 120, 119
121, 125, 126
113, 122, 118
127, 128, 129
118, 124, 128
125, 119, 128
125, 127, 123
130, 131, 132
133, 134, 135
123, 136, 130
128, 124, 130
137, 132, 131
133, 129, 132
133, 137, 138
136, 138, 131
139, 140, 141
122, 139, 126
112, 142, 140
113, 140, 139
143, 144, 145
126, 143, 146
139, 144, 143
142, 147, 141
145, 148, 149
123, 127, 135
123, 145, 149
136, 149, 134
150, 151, 152
147, 151, 150
144, 141, 150
143, 152, 151
135, 134, 153
143, 135, 153
154, 152, 153
144, 154, 148
155, 153, 156
156, 157, 158
153, 155, 158
134, 149, 157
149, 148, 158
153, 134, 156
146, 143, 151
154, 144, 150
159, 160, 161
159, 162, 163
164, 165, 166
164, 167, 168
160, 163, 169
159, 167, 170
171, 172, 173
174, 169, 175
163, 168, 176
160, 177, 178
168, 161, 174
178, 177, 169
175, 179, 180
175, 181, 179
179, 182, 183
176, 184, 185
163, 171, 186
172, 187, 188
186, 173, 189
171, 166, 190
166, 165, 189
191, 188, 192
190, 193, 187
189, 173, 188
189, 191, 193
194, 195, 196
191, 197, 198
187, 194, 192
193, 198, 194
199, 200, 201
198, 202, 195
197, 192, 196
197, 199, 202
201, 203, 204
195, 205, 206
195, 202, 201
196, 206, 200
204, 203, 207
206, 208, 207
200, 207, 203
204, 182, 209
180, 183, 210
204, 208, 183
208, 206, 210
206, 205, 209
211, 176, 185
209, 182, 179
181, 185, 210
212, 213, 214
167, 164, 215
216, 159, 217
164, 162, 213
218, 219, 170
217, 218, 220
221, 220, 222
223, 224, 220
225, 217, 221
225, 226, 224
227, 228, 229
220, 224, 230
226, 231, 230
221, 227, 231
228, 232, 233
222, 232, 228
230, 233, 232
230, 231, 229
216, 217, 225
216, 215, 234
235, 236, 237
214, 235, 238
239, 238, 234
214, 216, 236
240, 241, 242
234, 243, 237
238, 240, 243
238, 235, 241
244, 242, 245
241, 237, 245
243, 246, 245
240, 244, 246
12, 0, 2
4, 2, 3
14, 4, 5
14, 5, 7
7, 6, 9
247, 9, 10
5, 3, 1
8, 6, 5
11, 10, 8
8, 0, 11
8, 5, 1
13, 11, 12
247, 10, 13
247, 13, 12
12, 9, 247
12, 14, 7
12, 2, 4
7, 9, 12
29, 15, 17
36, 18, 20
70, 21, 23
34, 24, 26
23, 22, 28
69, 18, 29
28, 27, 31
17, 16, 33
45, 34, 35
41, 36, 37
68, 38, 40
67, 41, 42
33, 32, 44
68, 45, 38
63, 46, 48
248, 31, 49
67, 42, 46
249, 44, 50
66, 51, 53
249, 50, 55
51, 40, 52
248, 49, 57
75, 58, 60
57, 56, 62
59, 63, 60
55, 54, 65
54, 63, 64
65, 64, 58
49, 40, 56
56, 51, 61
50, 43, 46
50, 46, 54
27, 45, 30
32, 41, 43
49, 30, 40
16, 36, 32
22, 34, 27
70, 19, 69
21, 24, 22
15, 18, 16
24, 21, 69
66, 53, 72
53, 52, 71
60, 48, 75
66, 72, 61
48, 47, 74
52, 39, 73
38, 78, 39
42, 79, 47
38, 35, 78
35, 26, 80
42, 37, 79
24, 69, 25
37, 20, 82
20, 19, 83
26, 25, 81
91, 84, 86
85, 84, 88
87, 89, 88
89, 91, 90
86, 85, 90
91, 89, 84
99, 92, 94
92, 95, 93
102, 96, 97
100, 98, 94
94, 93, 100
105, 95, 99
109, 101, 103
101, 100, 102
98, 100, 104
97, 95, 106
114, 103, 108
250, 104, 109
107, 97, 110
102, 97, 103
108, 111, 113
109, 103, 115
250, 109, 116
107, 110, 108
120, 117, 119
117, 114, 113
115, 114, 120
116, 115, 121
118, 122, 124
125, 121, 119
251, 121, 126
117, 113, 118
133, 127, 129
119, 118, 128
127, 125, 128
122, 125, 123
129, 130, 132
127, 133, 135
124, 123, 130
129, 128, 130
138, 137, 131
137, 133, 132
136, 133, 138
130, 136, 131
144, 139, 141
125, 122, 126
113, 112, 140
122, 113, 139
135, 143, 145
251, 126, 146
126, 139, 143
140, 142, 141
145, 123, 135
136, 123, 149
133, 136, 134
154, 150, 152
141, 147, 150
152, 143, 153
148, 154, 153
145, 144, 148
155, 156, 158
148, 153, 158
156, 134, 157
157, 149, 158
167, 159, 161
163, 160, 159
162, 171, 163
171, 162, 166
162, 164, 166
186, 165, 164
167, 161, 168
168, 186, 164
169, 177, 160
163, 211, 169
219, 159, 170
186, 171, 173
184, 174, 175
211, 163, 176
161, 160, 178
174, 176, 168
161, 178, 174
174, 178, 169
184, 175, 180
211, 175, 169
175, 211, 181
180, 179, 183
184, 180, 185
184, 176, 174
168, 163, 186
173, 172, 188
165, 186, 189
172, 171, 190
190, 166, 189
197, 191, 192
172, 190, 187
191, 189, 188
190, 189, 193
192, 194, 196
193, 191, 198
188, 187, 192
187, 193, 194
202, 199, 201
194, 198, 195
199, 197, 196
198, 197, 202
205, 201, 204
196, 195, 206
205, 195, 201
199, 196, 200
208, 204, 207
200, 206, 207
201, 200, 203
205, 204, 209
185, 180, 210
182, 204, 183
183, 208, 210
210, 206, 209
181, 211, 185
181, 209, 179
209, 181, 210
239, 212, 214
223, 170, 167
167, 215, 225
225, 223, 167
239, 164, 212
164, 239, 215
214, 213, 162
162, 216, 214
159, 219, 218
159, 216, 162
159, 218, 217
212, 164, 213
223, 218, 170
221, 217, 220
227, 221, 222
218, 223, 220
226, 225, 221
223, 225, 224
231, 227, 229
222, 220, 230
224, 226, 230
226, 221, 231
229, 228, 233
227, 222, 228
222, 230, 232
233, 230, 229
215, 216, 225
236, 216, 234
241, 235, 237
239, 214, 238
215, 239, 234
235, 214, 236
244, 240, 242
236, 234, 237
234, 238, 243
240, 238, 241
246, 244, 245
242, 241, 245
237, 243, 245
243, 240, 246
