# Project Zomboid Skinned Mesh
# File Version:
1.0
# Model Name:
Cube.000
# Vertex Stride Element Count:
3
# Vertex Stride Size (in bytes):
76
# Vertex Stride Data:
# (Int)    Offset
# (String) Type
0
VertexArray
12
NormalArray
24
TextureCoordArray
# Vertex Count:
402
# Vertex Buffer:
-0.00618642, 0.04454469, 0.04843648
-0.00720237, -0.59300518, 0.8051393
0.35408446, 0.4408856
-0.00981933, 0.04455078, 0.04840846
-0.74388868, -0.39716789, 0.53743094
0.36133739, 0.44133121
-0.00782502, 0.03421672, 0.04081479
-0.52983183, -0.84261602, 0.09607227
0.36157486, 0.42224514
0.00735118, 0.26604387, -0.03095046
0.71468246, 0.66957611, -0.20212409
0.20943177, 0.01251727
-0.00394347, 0.2650713, -0.0379056
-0.5228126, 0.77983946, -0.34424877
0.21110588, 0.00911844
-0.00973659, 0.26607251, -0.03108227
-0.70360422, 0.65630054, -0.27228615
0.2056545, 0.00523907
-0.00259628, 0.05992934, 0.05735777
-0.00274667, 0.84084594, 0.54124576
0.36018753, 0.47911376
-0.0062292, 0.05993544, 0.05732974
-0.00274667, 0.84081542, 0.54124576
0.36297375, 0.47293049
-0.00624115, 0.05906041, 0.05868896
-0.00714133, 0.21597949, 0.97634816
0.36091074, 0.47199243
0.00183824, 0.08664418, 0.00522375
0.00225837, 0.99707019, -0.07638783
0.68808067, 0.40665162
0.00387264, 0.08664077, 0.00523944
0.64757228, 0.76009399, -0.05331584
0.68702316, 0.41061538
0.00389244, 0.08644073, 0.00262978
0.73137605, 0.68034911, -0.04651021
0.6921168, 0.4123956
-0.00571705, 0.06233437, -0.00854669
-0.00219733, -0.99758905, 0.06894131
0.46605438, 0.37487996
-0.00574671, 0.06260422, -0.00464293
-0.00219733, -0.99758905, 0.06894131
0.45990077, 0.38062978
-0.00742668, 0.06260704, -0.00465589
-0.66869104, -0.72457045, 0.16681418
0.46237624, 0.38312393
0.00187356, 0.06259144, -0.00458415
-0.00219733, -0.99758905, 0.06894131
0.68643677, 0.46954161
0.00190322, 0.06232159, -0.00848792
-0.00219733, -0.99758905, 0.06894131
0.69363594, 0.47306812
0.00393762, 0.06231818, -0.00847222
0.51695305, -0.85366374, 0.06292917
0.69545549, 0.46937805
-0.00980131, 0.06539446, -0.06632432
-0.29444259, -0.54963833, -0.78176212
0.33905062, 0.40547174
-0.00979124, 0.07774284, -0.06494498
-0.57277137, 0.63631094, -0.51670891
0.33462074, 0.38911039
0.00729654, 0.07771418, -0.06481317
0.91271704, 0.23773919, 0.33225501
0.31646225, 0.39162058
0.0029064, -0.10212175, -0.00160035
0.65993226, -0.02114933, 0.75099945
0.1980032, 0.97960428
-0.0064978, -0.10210598, -0.00167288
-0.67149878, -0.01892148, 0.74074525
0.19011733, 0.97880432
-0.0064972, -0.11030554, -0.0035329
-0.70308542, -0.26813564, 0.65858942
0.19053857, 0.98508594
0.00181972, 0.06212081, 0.00229423
0.58800012, -0.78511918, -0.19446394
0.67161834, 0.46369082
-0.00216764, 0.0621275, 0.00226348
0.00021363, -0.97036654, -0.24155401
0.66978621, 0.47220445
-0.00214345, 0.06286804, -0.00071113
-0.00097659, -0.99615467, -0.08737449
0.67575318, 0.47373301
-0.00219182, 0.06138693, 0.00523808
0.00180059, -0.90133363, -0.43305764
0.43761283, 0.38664323
-0.00666473, 0.06139443, 0.00520357
-0.67070526, -0.61510056, -0.41444135
0.44108409, 0.39546925
-0.00580056, 0.06213359, 0.00223545
-0.56889552, -0.77730644, -0.26856288
0.446971, 0.39097333
0.0034202, 0.05695168, 0.05744161
0.70183414, -0.37882626, 0.60322887
0.56671095, 0.41737294
0.00341351, 0.05904421, 0.05876352
0.57188636, 0.17529832, 0.801355
0.56669843, 0.41483706
0.00137911, 0.05904763, 0.05874774
-0.00717185, 0.21601, 0.97634816
0.56481606, 0.41351497
-0.0061111, 0.01710513, -0.02588555
-0.95886105, -0.15652944, -0.23670156
0.16010658, 0.51651031
-0.0038114, 0.01733555, -0.02796525
-0.70546585, -0.61854917, -0.3459273
0.15479368, 0.52180457
-0.00387202, -0.00830892, -0.02568235
-0.60914946, -0.3744621, -0.69905698
0.19134595, 0.57714713
0.002907, -0.11032132, -0.00346036
0.69191563, -0.27048555, 0.66936249
0.19684494, 0.98855524
-0.00647621, -0.11568931, -0.0074253
-0.61018705, -0.73198646, 0.30301827
0.19123738, 0.9913401
0.00139249, 0.05486256, 0.05610401
-0.00729392, -0.56389052, 0.82576984
0.56327426, 0.42155635
0.00342689, 0.05485915, 0.0561197
0.67479473, -0.37287515, 0.63682973
0.56715715, 0.42139518
0.0071978, 0.08036419, -0.05143543
0.70494705, 0.05349895, -0.70720541
0.30471733, 0.35309678
-0.00988999, 0.08039284, -0.05156723
-0.69377726, 0.05584887, -0.718009
0.34655067, 0.35627788
-0.0098459, 0.13446327, -0.04552724
-0.70152897, 0.07965331, -0.70815152
0.34655073, 0.21082413
-0.00252706, 0.05975152, 0.04834502
-0.00018311, 0.97161776, 0.23648793
0.38240004, 0.47744608
-0.00615998, 0.05975768, 0.04831694
-0.00018311, 0.97161776, 0.23648793
0.38000402, 0.46921498
-0.00618862, 0.06028404, 0.0521437
0.00271615, 0.99066132, -0.13623463
0.37182525, 0.47239262
0.00724188, 0.13443461, -0.04539544
0.7126072, 0.07730339, -0.69725639
0.30373383, 0.21864647
0.0068147, 0.12839513, 0.00867337
0.817011, -0.19806513, 0.5414899
0.19886009, 0.22146267
0.00380787, 0.08392259, 0.01304586
0.64677876, 0.66359448, 0.37583545
0.67108911, 0.40886205
0.00578395, 0.07301667, 0.00769296
0.99670398, -0.07727286, -0.02371288
0.6713503, 0.43472767
0.00581853, 0.0748461, 0.00360727
0.99954224, -0.02478103, 0.01608326
0.68111539, 0.43504977
-0.0021689, 0.0868509, 0.00780265
0.0, 0.9764092, 0.21585742
0.68417799, 0.39729893
-0.00221388, 0.08393262, 0.01299941
-0.00228889, 0.87191379, 0.48960844
0.67139274, 0.39650756
0.00177348, 0.08392594, 0.01303016
-0.00231941, 0.87191379, 0.48960844
0.67116106, 0.40477872
-0.006912, 0.04243438, -0.05578364
-0.60908842, 0.12067018, -0.78383738
0.32907313, 0.43759435
-0.00122564, 0.06748604, -0.04082761
0.91033661, -0.07766961, -0.40647602
0.31927687, 0.41119778
0.00356095, 0.03607441, -0.05641134
0.71498764, -0.06369213, -0.69621873
0.30334798, 0.45154351
-0.0099589, 0.19624957, -0.01744306
-0.90188301, 0.33460495, -0.27314067
0.18955383, 0.09186852
-0.00992223, 0.19676806, -0.02208454
-0.90661335, 0.26767784, 0.32612079
0.18084998, 0.08911884
-0.0099814, 0.16865146, -0.0205259
-0.99993896, 0.001648, -0.00769066
0.14891727, 0.1385535
0.00364598, 0.25630409, -0.04900164
0.59746087, -0.4191412, -0.68361461
0.21442889, 0.01203424
-0.00387211, 0.25631669, -0.04905963
-0.58824426, -0.4171575, -0.69273967
0.21499239, 0.0114764
-0.00386595, 0.26341301, -0.04831564
-0.58693194, 0.55519271, -0.58922088
0.21358825, 0.01082355
0.00033623, 0.120759, 0.02578017
0.83959472, -0.22486037, -0.49443036
0.6446647, 0.2945928
0.00032208, 0.12140677, 0.02775585
0.60487688, 0.31980345, 0.72927028
0.64067662, 0.29431069
0.00029714, 0.0919877, 0.02459363
0.64598531, -0.2794885, 0.71031833
0.64305425, 0.3759647
0.0032931, 0.01708937, -0.02581301
0.94399852, -0.19910276, -0.26303902
0.21111459, 0.51038724
0.00323168, -0.00856646, -0.0234284
0.89638966, -0.06442457, -0.43852046
0.19360842, 0.57797104
0.0004838, -0.00831623, -0.02564875
0.57820368, -0.37192908, -0.72615743
0.19107045, 0.57718721
-0.00905265, 0.17954642, 0.12584163
-0.64766383, 0.73610646, -0.19656973
0.63864303, 0.71081576
-0.00911085, 0.15561549, 0.12818354
-0.65031892, -0.75780511, -0.05264443
0.59036851, 0.71081591
-0.0104748, 0.155958, 0.13164914
-0.73198646, -0.67711419, -0.07516709
0.59036863, 0.7183246
-0.00714918, 0.16976316, -0.0468504
-0.57231361, 0.63881344, -0.5141148
0.52654213, 0.30448371
-0.00721356, 0.16885296, -0.03870133
-0.70650351, 0.7039094, 0.07303079
0.54069942, 0.28351271
0.00447046, 0.16883337, -0.03861121
0.70763266, 0.70152897, 0.0839259
0.48958853, 0.27927113
0.00716555, 0.19673941, -0.02195274
0.90237129, 0.26465651, 0.34006774
0.21181233, 0.09273207
-0.00349865, 0.09546423, 0.00412466
-0.60261852, -0.76751, 0.218482
0.38705584, 0.34012502
-0.00352436, 0.09649727, 0.00768254
-0.77010405, -0.63780636, 0.01065096
0.37821764, 0.34162503
-0.0035222, 0.09915315, 0.00797921
-0.72099978, 0.61476487, 0.31965086
0.37712854, 0.34827477
-0.00988999, 0.08039284, -0.05156723
-0.69377726, 0.05584887, -0.718009
0.04318358, 0.33694178
-0.01031715, 0.07435337, 0.00250159
-0.65755183, -0.28125858, 0.69893491
0.16657402, 0.33417392
-0.01027307, 0.12842378, 0.00854157
-0.82592243, -0.19531846, 0.52882475
0.17206734, 0.21876931
0.00030978, 0.09277203, 0.0231253
0.78139591, 0.23288675, -0.57890558
0.64612228, 0.37520516
-0.00400814, 0.09277927, 0.02309199
-0.77156895, 0.23548082, -0.59089941
0.65531093, 0.375875
-0.00398168, 0.12076624, 0.02574687
-0.83263648, -0.22205268, -0.50733972
0.65406442, 0.29351038
-0.00577637, 0.06287412, -0.00073915
-0.58574176, -0.80974764, 0.03399762
0.45337766, 0.38726878
-0.00942201, 0.07487166, 0.00348971
-0.9994812, -0.02761925, -0.01586962
0.46544686, 0.41506112
-0.00939729, 0.07463671, 0.000233
-0.99780267, -0.06598102, -0.0028077
0.4701483, 0.41027093
-0.00981991, 0.16631374, -0.0419694
-0.70180362, 0.07873775, -0.70796835
0.30779806, 0.12481129
-0.00975242, 0.24711564, -0.03315112
-0.79976803, -0.09506515, -0.59266943
0.22922723, 0.00680757
0.00733535, 0.247087, -0.03301932
0.81786555, -0.1281167, -0.56089967
0.21379738, 0.01997453
-0.0102094, 0.04873735, -0.01703855
-0.78890347, -0.31516466, 0.52751243
0.15301012, 0.40637463
0.00687838, 0.04870869, -0.01690675
0.77892393, -0.30842006, 0.54597616
0.20550393, 0.40610957
0.00674975, 0.14339936, 0.02035708
0.69594407, -0.32743308, 0.63905758
0.19252446, 0.19570988
0.00680775, 0.1724456, 0.01915388
0.57506025, 0.59364605, 0.56288338
0.19355372, 0.16947657
-0.01028004, 0.17247425, 0.01902207
-0.5816828, 0.59556872, 0.55397201
0.18575376, 0.16874737
-0.0061381, 0.03189076, -0.01888815
-0.68172246, -0.15744498, 0.71443832
0.16649075, 0.46171862
-0.006912, 0.04243438, -0.05578364
-0.60908842, 0.12067018, -0.78383738
0.04647459, 0.45788246
-0.00377829, -0.00698379, -0.03754525
-0.67491686, -0.37958923, 0.63274026
0.18049102, 0.59193856
-0.00615282, 0.01651537, -0.02060568
-0.73900568, 0.0036317, 0.67363507
0.1734737, 0.51472774
-0.00617252, -0.0085507, -0.02350093
-0.91024506, -0.05694754, -0.41010773
0.18720129, 0.57853523
-0.00824889, 0.14482063, 0.01408779
-0.70949429, -0.70204777, 0.06103702
0.59111273, 0.48072338
-0.00225886, 0.08101441, 0.01819618
-0.00268563, 0.8456679, 0.53364664
0.45672461, 0.45650232
-0.00589177, 0.0810205, 0.01816816
-0.00268563, 0.8456679, 0.53364664
0.4544217, 0.44931668
-0.00602588, 0.07038906, 0.03324255
-0.00305185, 0.8171941, 0.57631153
0.41800871, 0.45931304
-0.00396254, 0.08240975, 0.0149252
-0.57008576, -0.10449538, -0.81487471
0.64704448, 0.39517552
-0.00397645, 0.08124413, 0.01647499
-0.57954651, -0.8074587, 0.10992767
0.6455794, 0.39616847
-0.00786858, 0.06028692, 0.05213073
-0.70513016, 0.70168155, -0.10177923
0.37072495, 0.46931815
-0.00789721, 0.06081328, 0.05595748
-0.63670766, 0.75395977, 0.16156499
0.36543405, 0.47117573
-0.0099126, 0.25301623, -0.01110188
-0.90237129, -0.26465651, -0.34006774
0.20347355, 0.01902699
-0.00987593, 0.25353476, -0.01574338
-0.90710163, -0.33158362, 0.25916317
0.20186312, 0.017959
0.00721184, 0.25350612, -0.01561158
0.90188301, -0.33460495, 0.27311015
0.20465431, 0.02051234
0.00043345, 0.09649063, 0.00771307
0.7676931, -0.64036989, 0.02249214
0.36897394, 0.36126614
0.00043562, 0.09914651, 0.00800974
0.71803951, 0.61235392, 0.3307291
0.37306848, 0.3569383
0.00040464, 0.09745934, 0.0116596
0.74950409, 0.63942379, 0.17133091
0.36406612, 0.35326612
-0.00752676, 0.08394153, 0.01295843
-0.6502884, 0.66576129, 0.36582538
0.46463978, 0.44230092
-0.00748178, 0.08685987, 0.00776167
-0.5970031, 0.78395945, 0.1701712
0.47487572, 0.43808395
-0.00345304, -0.04958602, -0.0184371
-0.49055451, -0.37205115, -0.78795737
0.19465436, 0.7464644
-0.00332511, -0.03947514, -0.04412382
-0.66487622, -0.4165166, 0.62001401
0.18743502, 0.72177976
0.0002974, -0.03948122, -0.04409589
0.63283181, -0.42188787, 0.64922023
0.198328, 0.72138241
0.00710637, 0.16862282, -0.02039413
0.99993896, -0.001648, 0.00769066
0.23444685, 0.14760476
0.00714219, 0.16810414, -0.02515146
0.99993896, -0.001648, 0.00769066
0.24131548, 0.14681572
0.00346605, 0.06026777, 0.05221831
0.70900601, 0.69930112, -0.0908536
0.57496464, 0.41335732
0.00143166, 0.06027124, 0.0522026
0.00271615, 0.99066132, -0.13623463
0.57496905, 0.40982795
0.00140303, 0.06079759, 0.05602935
0.0, 0.97637868, 0.21591845
0.56872654, 0.41079295
-0.00770584, 0.07039188, 0.03322957
-0.00308237, 0.8171941, 0.57631153
0.4171249, 0.45607817
-0.00783995, 0.0597605, 0.04830397
-0.75093842, 0.63414413, 0.18414868
0.37876487, 0.46546179
0.00718421, 0.2196155, -0.01939735
0.90188301, -0.33460495, 0.27314067
0.20589274, 0.06027532
-0.00990356, 0.21964416, -0.01952915
-0.90710163, -0.33158362, 0.25916317
0.19164535, 0.05827183
-0.00622778, 0.05487534, 0.05604523
-0.00729392, -0.56389052, 0.82576984
0.35753649, 0.46473181
-0.00259486, 0.05486924, 0.05607325
-0.00729392, -0.56389052, 0.82576984
0.35034546, 0.46762174
-0.00260155, 0.05696178, 0.05739516
-0.007416, -0.53404337, 0.84539324
0.35285747, 0.47306019
0.00181845, 0.08684421, 0.0078334
-3.052e-05, 0.9764092, 0.21585742
0.6829567, 0.40545946
-0.0021491, 0.08665086, 0.00519299
0.00225837, 0.99707019, -0.07638783
0.68985301, 0.39830446
0.00034147, 0.08123688, 0.01650829
0.57509077, -0.80941188, 0.11880856
0.64639175, 0.39480859
0.00143386, 0.0445319, 0.04849526
-0.00720237, -0.59300518, 0.8051393
0.56681788, 0.44572562
0.00147522, 0.03420118, 0.04088654
-0.00274667, -0.98989838, 0.14157537
0.57880014, 0.46397483
0.00350962, 0.03419772, 0.04090222
0.52546769, -0.8443861, 0.10422071
0.58052087, 0.46087343
0.00339377, -0.1013286, -0.0646118
0.69948423, -0.09146398, -0.70873135
0.20222504, 0.95161242
0.00336656, -0.10739381, -0.06240306
0.61104161, -0.6153447, -0.49790949
0.19794308, 0.95701355
-0.00603764, -0.10737803, -0.0624756
-0.60536516, -0.61333048, -0.50727868
0.1980004, 0.9623004
0.00035538, 0.08240251, 0.0149585
0.58223212, -0.10641804, -0.80599385
0.64563864, 0.3941865
-0.00225886, 0.08101441, 0.01819618
-0.00268563, 0.8456679, 0.53364664
0.6588102, 0.39667428
0.0017285, 0.08100772, 0.01822693
-0.00268563, 0.8456679, 0.53364664
0.65903485, 0.40490752
-0.00722445, 0.0774654, -0.05716056
-0.57325971, -0.50871301, -0.64229256
0.53129464, 0.44530314
0.00453484, 0.16974357, -0.04676028
0.58232367, 0.63689077, -0.50520343
0.50476569, 0.30757391
-0.00258433, 0.06080429, 0.05599853
0.0, 0.9764092, 0.21588793
0.56498533, 0.40398282
-0.00259628, 0.05992934, 0.05735777
-0.00274667, 0.84084594, 0.54124576
0.56177497, 0.4059791
0.00376289, 0.08100431, 0.01824263
0.63423568, 0.65123445, 0.41660818
0.65916741, 0.40905052
-0.00990175, 0.26631767, -0.00961604
-0.70580155, 0.70824307, -0.01348918
0.20315757, 0.00631094
-0.00986555, 0.26626384, -0.01432145
-0.70583206, 0.70824307, -0.0135197
0.20388792, 0.00965756
-0.00994023, 0.21912569, -0.01488766
-0.90237129, -0.26465651, -0.34006774
0.19894011, 0.0618242
-0.00993194, 0.2292929, -0.0137519
-0.90188301, 0.33460495, -0.27314067
0.20107645, 0.04025126
-0.00989527, 0.22981131, -0.01839342
-0.90661335, 0.26767784, 0.32612079
0.19559008, 0.03800887
-0.00746199, 0.08665977, 0.00515201
-0.64415419, 0.76223028, -0.06329539
0.47872958, 0.43525606
-0.0074422, 0.08645974, 0.00254235
-0.72835475, 0.6827296, -0.0577105
0.48278758, 0.43193817
0.00439519, 0.07653561, -0.04892137
0.70650351, -0.7039094, -0.07303079
0.48958853, 0.47497118
0.00356397, 0.25245565, -0.03920668
0.61143833, -0.5553453, -0.56361586
0.21483172, 0.01402295
-0.00260155, 0.05696178, 0.05739516
-0.007416, -0.53404337, 0.84539324
0.55582237, 0.41394091
-0.00259486, 0.05486924, 0.05607325
-0.00729392, -0.56389052, 0.82576984
0.55412722, 0.42015946
-0.00211379, 0.06259812, -0.00461491
-0.00219733, -0.99758905, 0.06894131
0.6829896, 0.47698212
0.00043345, 0.09649063, 0.00771307
0.7676931, -0.64036989, 0.02249214
0.37812236, 0.33181798
0.00040372, 0.09562949, 0.01137993
0.68623918, -0.7212134, -0.09421064
0.36950275, 0.33124053
0.00325138, 0.01649959, -0.02053314
0.72853786, 0.00112918, 0.68498796
0.19787623, 0.51216823
0.00451465, 0.04241522, -0.0556955
0.99267554, -0.11996826, -0.01287881
0.29707396, 0.43579638
0.00728647, 0.06536581, -0.06619251
0.99679554, -0.06039613, 0.05191198
0.30616993, 0.40171665
0.00719237, 0.07635668, -0.05160357
0.92107916, 0.28485978, -0.26535845
0.30302426, 0.36735433
0.00326392, 0.031875, -0.01881563
0.67433697, -0.15088351, 0.72280037
0.19698235, 0.45942765
-0.00355318, 0.09746598, 0.01162907
-0.74990082, 0.64192635, 0.15976439
0.36822119, 0.34412205
0.00374605, 0.12812375, 0.01112543
0.51786858, -0.8406018, 0.1586047
0.19277819, 0.21625847
0.00367306, 0.12709174, 0.02036462
0.5663625, -0.61195713, 0.5519883
0.18918073, 0.20995021
-0.00731652, 0.12711017, 0.02027985
-0.57686085, -0.61003447, 0.54316843
0.18336707, 0.20938623
0.00357463, 0.26505867, -0.0378476
0.58864099, 0.75579089, -0.28678244
0.21148027, 0.01162016
0.00179553, 0.06138024, 0.00526883
0.61577195, -0.69924009, -0.36307871
0.66455394, 0.46255946
0.00366977, 0.0477873, 0.02309339
0.65248573, -0.60087895, -0.46168402
0.61696434, 0.46327835
0.00163538, 0.04779072, 0.02307767
0.00332652, -0.79497665, -0.60658592
0.61703956, 0.46698922
0.00584325, 0.07461116, 0.00035055
0.99993896, -0.00161748, 0.00766015
0.68765545, 0.43813801
0.00586798, 0.07437615, -0.00290615
0.99844354, -0.05450606, 0.01144444
0.69413948, 0.44117576
-0.00994912, 0.26638782, -0.00346006
-0.69115269, 0.71175265, 0.12524796
0.20383658, 0.00016952
-0.00671425, 0.25980571, 0.02138748
-0.54414505, 0.45960876, 0.70186466
0.20230891, 0.00946712
0.00349882, 0.2597886, 0.02146626
0.53477585, 0.45780817, 0.71019626
0.20128365, 0.01001495
0.00139107, 0.05992259, 0.05738851
-0.00274667, 0.84081542, 0.54124576
0.56658518, 0.41200382
-0.00260823, 0.05905432, 0.05871698
-0.00714133, 0.21597949, 0.97634816
0.55914867, 0.40870619
-0.00621954, -0.00921548, -0.01754977
-0.71803951, 0.10165715, 0.68849754
0.18518578, 0.58207515
-0.00645322, -0.10123352, -0.00726222
-0.8463698, -0.15506455, -0.50950652
0.19185469, 0.97488799
0.00339405, 0.26350215, -0.00467272
0.99993896, -0.001648, 0.00769066
0.60545588, 0.39449447
0.00340833, 0.28100324, -0.00271774
0.77687919, 0.62501907, 0.07593005
0.59515887, 0.36236638
0.00209445, 0.28065985, 0.00036604
0.54515213, 0.56450087, 0.61976987
0.59219468, 0.36250448
-0.00819069, 0.16875155, 0.01174588
-0.70464188, 0.70586258, -0.07208472
0.88212192, 0.72738391
-0.00905265, 0.17954642, 0.12584163
-0.64766383, 0.73610646, -0.19656973
0.65202844, 0.7273837
0.00379093, 0.17952487, 0.1259407
0.65309608, 0.73390913, -0.18655965
0.65202844, 0.75316989
0.00184391, 0.06286135, -0.00068037
0.50636309, -0.85827202, 0.08301035
0.67862201, 0.46538973
-0.00789151, 0.05862878, 0.05474245
-0.99993896, 0.00167852, -0.00769066
0.36579895, 0.4680413
-0.00790918, 0.05993826, 0.05731679
-0.70903653, 0.59575182, 0.3772698
0.36364147, 0.47090161
-0.00095951, 0.28149936, -0.00712688
0.006592, 0.71254617, -0.70155948
0.59855646, 0.3538025
0.00214333, 0.281351, -0.00582143
0.55375838, 0.68636125, -0.47135839
0.59738576, 0.35994661
0.00212907, 0.26384982, -0.00777639
0.7126072, 0.07730339, -0.69725639
0.61517709, 0.38930184
0.00292799, -0.11570508, -0.00735277
0.60298473, -0.7340312, 0.31238747
0.19388454, 0.99983045
0.00574936, 0.07118727, 0.01177863
0.99868768, -0.03997925, -0.03125095
0.66188836, 0.43426818
0.00542122, 0.04452522, 0.04852601
0.73418379, -0.39967039, 0.54884487
0.57437241, 0.4427641
-0.00208413, 0.06232828, -0.00851867
-0.00219733, -0.99758905, 0.06894131
0.69016933, 0.48038411
-0.0058468, 0.08393872, 0.01297138
-0.00228889, 0.87191379, 0.48960844
0.46582457, 0.44538128
-0.00580182, 0.08685699, 0.00777463
0.0, 0.9764092, 0.21585742
0.47642827, 0.44078225
-0.01049865, 0.1562672, 0.1348085
-0.58305615, -0.5173803, 0.62636191
0.59036857, 0.72469798
-0.01044047, 0.1801981, 0.13246663
-0.58024842, 0.63179415, 0.51390117
0.63864303, 0.72469795
0.00346079, 0.05730028, 0.05225563
0.99993896, -0.001648, 0.00769066
0.57442963, 0.41832328
0.00349469, 0.05974141, 0.04839155
0.75011444, 0.63164157, 0.19574572
0.58363807, 0.41457433
-0.00766486, 0.04780631, 0.02300596
-0.64699239, -0.60213017, -0.4677572
0.3960675, 0.40798604
-0.0059849, 0.0478035, 0.02301889
0.00332652, -0.79497665, -0.60658592
0.3951166, 0.40501016
-0.00614505, 0.03421397, 0.04082776
-0.00271615, -0.98989838, 0.14157537
0.35940245, 0.42025828
-0.00293222, -0.10089663, -0.00943072
-0.66756189, 0.30719933, -0.6781823
0.19202918, 0.97465992
-0.00601043, -0.10131282, -0.06468434
-0.68877226, -0.08911405, -0.71944332
0.1890678, 0.95697635
0.0071925, 0.22978264, -0.01826162
0.90237129, 0.26465651, 0.34006774
0.20489322, 0.03996497
-0.00373776, 0.01837673, -0.0372861
-0.71837521, -0.64229256, 0.26706746
0.13074031, 0.52863121
-0.00600506, 0.01860441, -0.03930768
-0.97567677, -0.1423078, 0.16660054
0.12142173, 0.52475449
-0.00604479, -0.00674475, -0.03966849
-0.9103061, -0.04510636, 0.41145054
0.16747142, 0.59695059
-0.00211379, 0.06259812, -0.00461491
-0.00219733, -0.99758905, 0.06894131
0.45451507, 0.37481433
0.00349057, 0.01988118, -0.05080744
0.73689991, -0.1536607, -0.65828425
0.287507, 0.5084087
0.00342385, -0.00584957, -0.04775152
0.74825281, 0.0220954, -0.66301459
0.25440452, 0.60072428
-0.00598035, -0.0058338, -0.04782405
-0.73787653, 0.0245674, -0.67445904
0.28995168, 0.60927847
-0.00256787, -0.09376516, -0.05511598
-0.62895596, 0.22122867, 0.74526203
0.19209331, 0.9482789
-0.00017066, -0.09376917, -0.05509748
0.61830503, 0.21985534, 0.75450909
0.19372945, 0.94699972
0.00390796, 0.06258804, -0.00456846
0.64918971, -0.74532306, 0.15158543
0.68828303, 0.46597457
-0.00399584, 0.12141401, 0.02772255
-0.61497849, 0.32184821, 0.71984011
0.63170695, 0.2933802
-0.00402078, 0.09199494, 0.02456032
-0.65779597, -0.27729118, 0.70027775
0.63421375, 0.37722552
0.00677062, 0.07432471, 0.0026334
0.64574116, -0.28342539, 0.70897549
0.19312812, 0.33559936
-0.00214345, 0.06286804, -0.00071113
-0.00097659, -0.99615467, -0.08737449
0.44818568, 0.38059306
0.00212507, 0.25641707, 0.01250569
0.57325971, 0.50871301, 0.64229256
0.71702594, 0.36136198
-0.00398551, 0.25642732, 0.01245856
-0.58137763, 0.51063567, 0.63338113
0.70560032, 0.36276495
-0.00403703, 0.19324103, 0.00540028
-0.58232367, -0.63689077, 0.50520343
0.70860046, 0.45582128
-0.00395412, 0.25246826, -0.03926468
-0.53642386, -0.55772579, -0.63338113
0.21806461, 0.01033282
-0.00355409, 0.09563613, 0.0113494
-0.68712425, -0.718894, -0.10480056
0.36914095, 0.34019673
-0.00728883, 0.0765552, -0.04901149
-0.70763266, -0.70152897, -0.0839259
0.55378813, 0.48038411
-0.00989541, 0.07638533, -0.05173537
-0.91680652, 0.28464612, -0.28000733
0.03801821, 0.35158652
0.0015944, 0.07037627, 0.03330139
-0.00305185, 0.8171941, 0.57631153
0.62122804, 0.40704513
-0.00239296, 0.07038296, 0.03327062
-0.00305185, 0.8171941, 0.57631153
0.62073308, 0.39881009
-0.00252706, 0.05975152, 0.04834502
-0.00018311, 0.97161776, 0.23648793
0.58256054, 0.40118778
0.00335941, -0.00676052, -0.03959595
0.88070315, -0.04693747, 0.47126684
0.22157988, 0.59464365
0.00334769, -0.09348445, -0.05693202
0.80489516, -0.2938017, 0.51554918
0.19762373, 0.94148664
0.00385285, 0.08684086, 0.0078491
0.59694207, 0.78194523, 0.17935728
0.68231004, 0.40925008
0.00032733, 0.1001873, 0.02227507
0.55388045, 0.68361461, 0.47523424
0.35019815, 0.34013653
-0.00363049, 0.10019394, 0.02224454
-0.55885494, 0.68547624, 0.46662802
0.35204342, 0.33973604
-0.00363215, 0.09886783, 0.02217168
-0.61760306, -0.42323068, 0.662862
0.35225564, 0.33890229
0.00043132, 0.12861609, 0.01516113
0.56428725, 0.05652028, -0.82360303
0.64341456, 0.27523834
0.00042077, 0.12946014, 0.01671211
0.60515153, 0.79403061, 0.05706961
0.64436024, 0.27562612
0.00718602, 0.266289, -0.00948424
0.70830411, 0.70586258, -0.00259407
0.20492752, 0.01209676
0.00713237, 0.25865746, -0.0041886
0.99468976, -0.03109836, 0.09805597
0.20321724, 0.01438594
0.00717517, 0.25298756, -0.01097007
0.90661335, -0.26767784, -0.32612079
0.20226419, 0.02083713
0.00354436, 0.17071408, -0.00075901
0.36344492, -0.21469772, 0.9065218
0.19712757, 0.14799809
0.0070595, 0.16930136, -0.0141702
0.99780267, 0.03158666, 0.05777154
0.21897899, 0.1481182
0.00711365, 0.23567027, -0.00675639
0.99081391, -0.01559496, 0.13425092
0.19935071, 0.03536332
-0.0025535, 0.04453859, 0.0484645
-0.00720237, -0.59300518, 0.8051393
0.34688985, 0.44045228
-0.00790776, 0.05487815, 0.05603227
-0.68578142, -0.37058625, 0.62636191
0.36064312, 0.46400577
-0.00235198, 0.0477974, 0.02304691
0.00332652, -0.79497665, -0.60658592
0.39286569, 0.39832181
-0.0098459, 0.13446327, -0.04552724
-0.70152897, 0.07965331, -0.70815152
0.06161226, 0.20049858
-0.01026113, 0.14306769, 0.01017738
-0.97836238, -0.15320292, 0.13885921
0.17561318, 0.19476634
0.00339914, 0.01858864, -0.03923514
0.95889157, -0.18472853, 0.21530809
0.24915951, 0.50860092
-0.00019384, 0.01732948, -0.02793734
0.69701225, -0.59398174, -0.40162358
0.21744405, 0.51578683
-0.00723316, 0.14084333, 0.01245946
-0.86965543, -0.37314981, 0.32309946
0.17749567, 0.19921404
-0.00729288, 0.14108424, 0.02025324
-0.51200902, -0.25138095, 0.82134467
0.1833723, 0.19811469
-0.01033802, 0.143428, 0.02022528
-0.70680869, -0.32508317, 0.62825406
0.18242034, 0.19478726
-0.00399584, 0.12141401, 0.02772255
-0.61497849, 0.32184821, 0.71984011
0.65882206, 0.29222894
-0.00389715, 0.12946738, 0.0166788
-0.6032899, 0.79607534, 0.04776147
0.64316076, 0.27278912
0.00344313, 0.05860975, 0.05482998
0.99993896, -0.001648, 0.00769066
0.57081544, 0.41609478
0.00343742, 0.06079412, 0.05604505
0.63667715, 0.75182348, 0.17139195
0.56953645, 0.41334087
0.00342547, 0.05991917, 0.05740427
0.70509964, 0.59337139, 0.38816491
0.56803608, 0.41413987
-0.00937256, 0.07440171, -0.0030237
-0.9917295, -0.11996826, 0.04492325
0.47490957, 0.40556866
0.00359446, 0.25571579, 0.00864119
0.3205359, -0.92574847, 0.20050661
0.20053539, 0.01037145
-0.0066257, 0.25573292, 0.00856236
-0.32670066, -0.92464978, 0.19550157
0.20596968, 0.0098806
0.00445957, 0.07744581, -0.05707044
0.58137763, -0.51063567, -0.63338113
0.50885773, 0.4487623
-0.00221388, 0.08393262, 0.01299941
-0.00228889, 0.87191379, 0.48960844
0.46860546, 0.45233709
-0.0021689, 0.0868509, 0.00780265
0.0, 0.9764092, 0.21585742
0.48004514, 0.44704407
0.00045916, 0.09545759, 0.00415519
0.59660631, -0.76952422, 0.22772911
0.38643894, 0.33124053
0.00349469, 0.05974141, 0.04839155
0.75011444, 0.63164157, 0.19574572
0.58367866, 0.4147799
-0.00671569, 0.17073128, -0.00083815
-0.37818536, -0.21378216, 0.90069276
0.1857776, 0.1466291
-0.00997416, 0.23569894, -0.00688819
-0.99279761, -0.01226844, 0.11896115
0.20263079, 0.03452891
0.00714754, 0.21909705, -0.01475586
0.90661335, -0.26767784, -0.32612079
0.19820118, 0.06233943
0.00318466, -0.00923125, -0.01747723
0.70766318, 0.09924619, 0.69948423
0.19542082, 0.58164707
0.00295099, -0.10124929, -0.00718967
0.85345012, -0.15732291, -0.49681082
0.19615793, 0.97584954
-0.01041662, 0.17988886, 0.12930726
-0.72875148, 0.65321815, -0.20535906
0.64501649, 0.72469795
0.00510241, 0.17986283, 0.12942696
0.7340312, 0.65077668, -0.1940672
0.64501643, 0.75585563
-0.0025557, 0.06027794, 0.05217178
0.00271615, 0.99066132, -0.13623463
0.37325457, 0.48038411
-0.00621725, 0.06081045, 0.05597048
0.0, 0.9764092, 0.21588793
0.3653166, 0.47350544
-0.0025535, 0.04453859, 0.0484645
-0.00720237, -0.59300518, 0.8051393
0.55908072, 0.44874132
0.00725383, 0.1490785, -0.04375966
0.7126072, 0.07730339, -0.69725639
0.29118955, 0.1812892
0.00682665, 0.14303902, 0.01030918
0.97558516, -0.15646839, 0.15393536
0.19923739, 0.19693387
-0.0001202, 0.01837067, -0.0372582
0.69170201, -0.62834561, 0.35593736
0.24013625, 0.51626179
0.00057753, -0.0069911, -0.03751165
0.6284982, -0.37134922, 0.68340099
0.20562047, 0.59027573
0.00504421, 0.15593196, 0.13176884
0.73079622, -0.67958617, -0.06387524
0.59036863, 0.76222901
0.00510241, 0.17986283, 0.12942696
0.7340312, 0.65077668, -0.1940672
0.63864303, 0.76222907
0.00507856, 0.18017207, 0.13258633
0.57438886, 0.62987149, 0.52278209
0.63864303, 0.75585563
-0.00949118, 0.07121283, 0.01166107
-0.99969482, -0.00961333, -0.02157659
0.4477379, 0.42186373
-0.00757174, 0.08102331, 0.0181552
-0.63838619, 0.6533708, 0.40681174
0.45341319, 0.44605649
0.00349502, 0.25291613, 0.02069451
0.52504045, -0.68330944, 0.5073092
0.20117182, 0.01011199
-0.00791444, 0.05697069, 0.05735419
-0.71230203, -0.3764458, 0.59233373
0.36141276, 0.46805632
-0.00623447, 0.05696787, 0.05736714
-0.00738548, -0.53404337, 0.84539324
0.35912183, 0.46899182
-0.00591363, 0.01989695, -0.05087997
-0.72719502, -0.15115818, -0.66954559
0.08496416, 0.53573713
-0.00598035, -0.0058338, -0.04782405
-0.73787653, 0.0245674, -0.67445904
0.1378796, 0.60618833
0.00211707, 0.19384608, -6.134e-05
0.70650351, -0.7039094, -0.07303079
0.7352553, 0.48038411
0.00207355, 0.19323078, 0.00544742
0.57231361, -0.63881344, 0.5141148
0.72029406, 0.45418411
-0.00358873, 0.09544022, 0.01579815
-0.65443891, -0.73809016, 0.1638844
0.36098626, 0.33846653
-0.0035836, 0.09718294, 0.01551101
-0.76445812, 0.6339305, -0.11700796
0.36033735, 0.34166044
-0.00409687, 0.26386026, -0.00782442
-0.70152897, 0.07965331, -0.70815152
0.63136786, 0.37406385
-0.0040826, 0.28136146, -0.00586945
-0.54411453, 0.68822289, -0.479812
0.59149402, 0.34787661
-0.00251213, 0.03420787, 0.04085578
-0.00274667, -0.98989838, 0.14157537
0.57477278, 0.47076398
0.00713865, 0.26635915, -0.00332827
0.6915189, 0.70943326, 0.13589892
0.20417364, 0.01022708
-0.00599848, -0.09233286, -0.06428148
-0.68562883, 0.08505508, -0.72292244
0.16880199, 0.94933397
-0.00605651, -0.09346867, -0.05700456
-0.81386763, -0.29169592, 0.50248724
0.18571898, 0.9447543
-0.00724352, 0.12814218, 0.01104066
-0.52305675, -0.83886224, 0.15057832
0.17876175, 0.2148909
-0.00945659, 0.07304224, 0.00757541
-0.99832147, -0.04351939, -0.03753777
0.45652351, 0.41835165
0.00146029, 0.05974483, 0.04837584
-0.00018311, 0.97161776, 0.23648793
0.58335006, 0.40990955
-0.0025557, 0.06027794, 0.05217178
0.00271615, 0.99066132, -0.13623463
0.57369137, 0.4017635
-0.00413149, 0.28067032, 0.00031802
-0.55275124, 0.56633198, 0.61128575
0.5866251, 0.36038899
-0.00539647, 0.28101799, -0.00278566
-0.77584153, 0.62764364, 0.0639668
0.58523786, 0.35465431
-0.00541075, 0.2635169, -0.00474063
-0.99993896, 0.001648, -0.00769066
0.56312698, 0.38745821
0.00036908, 0.09543359, 0.01582868
0.64937282, -0.74028748, 0.1739555
0.35942894, 0.33168912
-0.01002827, 0.16933, -0.01430201
-0.99847406, 0.03494369, 0.04235969
0.16412818, 0.14246583
-0.01012949, 0.1707228, -0.00087716
-0.70711386, 0.70241404, -0.08093509
0.18131252, 0.15359777
0.00016699, -0.03710689, -0.02059975
0.69017607, -0.13235877, -0.71141696
0.18806702, 0.71409741
2.96e-05, -0.04959186, -0.01841024
0.48176518, -0.37406537, -0.79241312
0.19033191, 0.74653381
-0.00258433, 0.06080429, 0.05599853
0.0, 0.9764092, 0.21588793
0.36365843, 0.48038411
0.00154618, 0.09043663, -0.05132462
0.8539384, -0.49067658, 0.17319255
0.31838509, 0.3971734
0.0036967, 0.14106581, 0.02033801
0.49842829, -0.25305948, 0.82912683
0.19107641, 0.19885826
-0.00578202, 0.08665696, 0.00516497
0.00222785, 0.99707019, -0.07638783
0.48065487, 0.43792641
-0.0021491, 0.08665086, 0.00519299
0.00225837, 0.99707019, -0.07638783
0.48470798, 0.44410849
-0.00212931, 0.08645083, 0.00258333
0.00225837, 0.99707019, -0.07638783
0.48924941, 0.4410336
-0.00251213, 0.03420787, 0.04085578
-0.00274667, -0.98989838, 0.14157537
0.35418299, 0.41587055
-0.00584107, 0.03609017, -0.05648386
-0.62495804, -0.13571581, -0.76873076
0.04923931, 0.48396254
-0.01023725, 0.17235546, 0.013449
-0.69527268, 0.71669668, -0.05365154
0.18645406, 0.16537905
0.00715583, 0.22926414, -0.01362012
0.90710163, 0.33158362, -0.25916317
0.19977991, 0.04088211
0.00685053, 0.1723268, 0.0135808
0.69841611, 0.71437728, -0.04290903
0.1934078, 0.16610843
-0.0038866, 0.12862334, 0.01512782
-0.55131686, 0.05841243, -0.83220923
0.64475828, 0.27342713
-0.00792113, 0.05906322, 0.05867609
-0.58360547, 0.1772515, 0.79244363
0.36212537, 0.47055703
-0.00584107, 0.03609017, -0.05648386
-0.62495804, -0.13571581, -0.76873076
0.33021858, 0.45619935
-0.00975242, 0.24711564, -0.03315112
-0.79976803, -0.09506515, -0.59266943
0.18995748, 0.01194602
-0.00341349, -0.03313818, -0.04284073
-0.69692069, -0.15161595, 0.70091861
0.18782502, 0.7077578
0.00502036, 0.15624118, 0.1349282
0.57158118, -0.51933348, 0.63524276
0.59036857, 0.75585563
0.00375641, 0.14082491, 0.01254422
0.8633076, -0.37604907, 0.33646658
0.19666283, 0.20098639
-0.00983395, 0.14910716, -0.04389146
-0.70152897, 0.07965331, -0.70815152
0.33258519, 0.16628659
-0.00576223, 0.08645692, 0.00255531
0.00225837, 0.99707019, -0.07638783
0.48498139, 0.43472987
0.00037422, 0.0971763, 0.01554154
0.76827294, 0.63136691, -0.10516679
0.35576192, 0.34924775
-0.00102865, 0.28052196, 0.00162349
-0.00555437, 0.54017764, 0.84151739
0.58919609, 0.36266792
-0.00104292, 0.26302069, -0.00033151
-0.00784326, -0.11099582, 0.99377424
0.58343011, 0.39616847
0.00032567, 0.09886119, 0.02220221
0.60588396, -0.42527542, 0.67229223
0.34688985, 0.33925247
0.00379093, 0.17952487, 0.1259407
0.65309608, 0.73390913, -0.18655965
0.63864303, 0.76973782
-0.00783995, 0.0597605, 0.04830397
-0.75093842, 0.63414413, 0.18414868
0.37873802, 0.4652493
0.00373273, 0.15559396, 0.12828261
0.64851832, -0.76000243, -0.04260384
0.57698333, 0.75316989
0.00504421, 0.15593196, 0.13176884
0.73079622, -0.67958617, -0.06387524
0.58399522, 0.75585566
-0.0104748, 0.155958, 0.13164914
-0.73198646, -0.67711419, -0.07516709
0.58399522, 0.72469798
-0.00239296, 0.07038296, 0.03327062
-0.00305185, 0.8171941, 0.57631153
0.42006528, 0.46665621
-0.00260823, 0.05905432, 0.05871698
-0.00714133, 0.21597949, 0.97634816
0.35710865, 0.47721761
0.00035204, -0.0331445, -0.04281169
0.64522231, -0.15707877, 0.74764246
0.19814299, 0.70755938
0.00185803, 0.08644415, 0.00261408
0.00225837, 0.99707019, -0.07638783
0.69348603, 0.4081322
0.00712888, 0.19622092, -0.01731126
0.90710163, 0.33158362, -0.25916317
0.20270242, 0.0936566
0.00726786, 0.16628507, -0.0418376
0.71291238, 0.07635731, -0.69707328
0.27448836, 0.14030576
-0.00357977, -0.03710061, -0.02062865
-0.71611685, -0.12771997, -0.68617815
0.19655059, 0.71406788
-0.00402078, 0.09199494, 0.02456032
-0.65779597, -0.27729118, 0.70027775
0.65882206, 0.37730724
0.00722222, 0.26623517, -0.01418965
0.70833462, 0.70586258, -0.00259407
0.20530246, 0.0138104
-0.00409687, 0.26386026, -0.00782442
-0.70152897, 0.07965331, -0.70815152
0.55412722, 0.38024473
-0.00824889, 0.14482063, 0.01408779
-0.70949429, -0.70204777, 0.06103702
0.34688985, 0.72738409
0.00459469, 0.1447991, 0.01418685
0.70610678, -0.70439774, 0.07196265
0.34688991, 0.75317027
0.00459469, 0.1447991, 0.01418685
0.70610678, -0.70439774, 0.07196265
0.59111309, 0.99983038
0.00465289, 0.16873002, 0.01184494
0.70802939, 0.70348215, -0.06118961
0.63938761, 0.99983045
0.00340572, -0.09234863, -0.06420894
0.69698173, 0.08273568, -0.71224099
0.21184245, 0.94118131
-0.00394198, 0.25704268, 0.00694981
-0.70650351, 0.7039094, 0.07303079
0.69579452, 0.34217083
-0.0099554, 0.2586861, -0.00432038
-0.99618518, -0.02777184, 0.08270516
0.20390429, 0.0093596
-0.00672159, 0.25293326, 0.02061572
-0.53508103, -0.68153936, 0.49913022
0.2028773, 0.0101586
-0.00235198, 0.0477974, 0.02304691
0.00332652, -0.79497665, -0.60658592
0.61704612, 0.47475702
-0.00219182, 0.06138693, 0.00523808
0.00180059, -0.90133363, -0.43305764
0.66370898, 0.47114837
0.0013858, 0.05695509, 0.05742592
-0.007416, -0.53404337, 0.84539324
0.56371778, 0.41696858
-0.00216764, 0.0621275, 0.00226348
0.00021363, -0.97036654, -0.24155401
0.44309601, 0.38401115
-0.00053501, -0.10090064, -0.00941223
0.67918944, 0.30570391, -0.6672262
0.19571, 0.97533543
0.0069583, 0.17069414, -0.00074535
0.7106235, 0.70003355, -0.06997894
0.2004496, 0.15553302
0.00045916, 0.09545759, 0.00415519
0.59660631, -0.76952422, 0.22772911
0.37198997, 0.36875677
0.00046375, 0.10108782, 0.00478412
0.58537555, 0.69237339, 0.42179632
0.38090622, 0.36043757
-0.00349406, 0.10109445, 0.00475359
-0.58946502, 0.69435716, 0.41273233
0.38482594, 0.35263669
0.00362879, 0.07037285, 0.03331712
-0.00308237, 0.8171941, 0.57631153
0.62149024, 0.41124678
-0.00601043, -0.10131282, -0.06468434
-0.68877226, -0.08911405, -0.71944332
0.21263579, 0.96395789
-0.00787385, 0.05731937, 0.05216813
-0.99993896, 0.00167852, -0.00769066
0.36863098, 0.46470612
-0.00739702, 0.06233719, -0.00855965
-0.52073735, -0.85192418, 0.05493332
0.46850219, 0.377518
-0.00994558, 0.16813281, -0.02528326
-0.99993896, 0.001648, -0.00769066
0.14290118, 0.13658112
-0.00981991, 0.16631374, -0.0419694
-0.70180362, 0.07873775, -0.70796835
0.11278703, 0.12313843
-0.00983395, 0.14910716, -0.04389146
-0.70152897, 0.07965331, -0.70815152
0.08313121, 0.16120952
-0.00399351, 0.19385633, -0.00010848
-0.70763266, -0.70152897, -0.0839259
0.69579452, 0.47571045
0.00040372, 0.09562949, 0.01137993
0.68623918, -0.7212134, -0.09421064
0.36201924, 0.3569904
-0.00989541, 0.07638533, -0.05173537
-0.91680652, 0.28464612, -0.28000733
0.34226969, 0.36948431
0.00365214, 0.26340041, -0.04825765
0.59782708, 0.55320901, -0.58009583
0.2134086, 0.01159763
0.0021686, 0.25703242, 0.00699694
0.70763266, 0.70152897, 0.08395642
0.72642076, 0.34577721
-0.01041662, 0.17988886, 0.12930726
-0.72875148, 0.65321815, -0.20535906
0.63864303, 0.71832451
-0.00819069, 0.16875155, 0.01174588
-0.70464188, 0.70586258, -0.07208472
0.63938725, 0.48072326
0.00208019, 0.26315859, -0.00158896
0.70152897, -0.07965331, 0.70815152
0.59452748, 0.39616847
0.00465289, 0.16873002, 0.01184494
0.70802939, 0.70348215, -0.06118961
0.88212186, 0.7531701
-0.00097377, 0.26399818, -0.00908186
0.00784326, 0.11099582, -0.99377424
0.62376428, 0.38208592
-0.00208413, 0.06232828, -0.00851867
-0.00219733, -0.99758905, 0.06894131
0.4607453, 0.3690958
-0.00591363, 0.01989695, -0.05087997
-0.72719502, -0.15115818, -0.66954559
0.31977829, 0.51685348
-0.00414576, 0.26316902, -0.00163698
-0.7126072, -0.07730339, 0.69725639
0.57296467, 0.39251953
0.00036908, 0.09543359, 0.01582868
0.64937282, -0.74028748, 0.1739555
0.35334328, 0.35203159
0.00373273, 0.15559396, 0.12828261
0.64851832, -0.76000243, -0.04260384
0.59036857, 0.76973775
-0.00911085, 0.15561549, 0.12818354
-0.65031892, -0.75780511, -0.05264443
0.57698321, 0.72738373
-0.00212931, 0.08645083, 0.00258333
0.00225837, 0.99707019, -0.07638783
0.69545549, 0.39959723
-0.00599848, -0.09233286, -0.06428148
-0.68562883, 0.08505508, -0.72292244
0.23570342, 0.94918695
-0.00980131, 0.06539446, -0.06632432
-0.29444259, -0.54963833, -0.78176212
0.00016955, 0.39387155
# Number of Faces:
644
# Face Data:
0, 1, 2
3, 4, 5
6, 7, 8
9, 10, 11
12, 13, 14
15, 16, 17
18, 19, 20
21, 22, 23
24, 25, 26
27, 28, 29
30, 31, 32
33, 34, 35
36, 23, 37
38, 39, 30
40, 41, 42
43, 44, 45
40, 46, 47
48, 49, 50
51, 52, 53
54, 55, 56
57, 58, 59
60, 61, 62
63, 64, 65
66, 67, 68
69, 70, 71
72, 73, 74
75, 58, 57
76, 77, 78
79, 80, 81
82, 83, 84
85, 86, 87
88, 89, 90
80, 91, 92
93, 94, 95
96, 91, 97
68, 35, 98
99, 33, 100
101, 70, 69
102, 103, 104
83, 105, 106
45, 107, 108
109, 110, 111
112, 113, 114
115, 116, 86
117, 118, 119
120, 121, 75
122, 123, 124
104, 125, 126
75, 127, 128
129, 130, 131
132, 9, 133
82, 65, 134
135, 136, 137
138, 139, 140
105, 141, 134
52, 142, 143
144, 72, 145
124, 146, 147
148, 48, 53
109, 149, 150
151, 152, 153
86, 154, 155
145, 74, 156
3, 90, 157
158, 159, 38
26, 160, 15
77, 161, 162
96, 99, 163
164, 165, 166
167, 56, 164
113, 78, 168
83, 82, 141
169, 170, 171
172, 157, 60
173, 174, 175
173, 24, 49
176, 177, 11
178, 179, 180
181, 147, 182
183, 100, 184
185, 186, 187
188, 189, 190
191, 26, 15
192, 193, 108
194, 195, 196
140, 139, 197
44, 126, 107
174, 198, 199
15, 160, 200
115, 201, 202
71, 203, 204
205, 206, 122
207, 208, 209
210, 184, 117
23, 211, 140
212, 153, 152
213, 214, 215
216, 13, 12
111, 212, 90
217, 218, 219
220, 221, 119
50, 191, 222
86, 116, 154
92, 91, 96
64, 223, 224
65, 224, 106
81, 80, 225
226, 85, 13
227, 228, 229
5, 4, 230
77, 231, 168
72, 144, 232
80, 79, 233
234, 235, 236
218, 237, 238
132, 239, 10
176, 50, 222
185, 196, 195
240, 241, 242
63, 243, 244
245, 246, 247
248, 249, 250
251, 0, 209
252, 1, 0
27, 253, 208
254, 81, 255
256, 66, 257
258, 259, 260
84, 261, 262
263, 264, 265
266, 14, 85
85, 14, 13
248, 267, 268
269, 156, 232
201, 270, 271
207, 2, 1
77, 76, 272
174, 173, 198
199, 273, 39
274, 268, 275
276, 151, 128
277, 21, 278
48, 239, 132
189, 279, 280
281, 45, 282
4, 62, 61
148, 143, 234
159, 283, 135
46, 284, 285
286, 287, 237
263, 205, 122
288, 289, 290
291, 292, 115
268, 267, 293
294, 295, 8
214, 296, 297
183, 22, 21
143, 142, 235
298, 299, 229
231, 300, 301
152, 109, 247
302, 303, 194
222, 17, 177
175, 136, 304
256, 237, 218
246, 305, 180
297, 306, 307
258, 308, 171
129, 295, 294
28, 291, 309
28, 27, 208
310, 236, 311
24, 191, 50
312, 313, 314
50, 176, 10
198, 148, 273
163, 277, 67
162, 315, 300
166, 20, 19
316, 255, 317
280, 279, 204
318, 319, 119
36, 197, 139
320, 282, 7
18, 321, 55
285, 284, 120
243, 63, 84
259, 322, 93
323, 324, 325
253, 326, 209
327, 296, 214
194, 303, 313
255, 260, 328
127, 212, 329
330, 94, 93
64, 244, 262
243, 331, 262
47, 169, 308
294, 332, 193
333, 56, 217
230, 61, 60
153, 212, 111
334, 153, 110
149, 178, 305
287, 98, 335
204, 203, 336
47, 285, 337
103, 292, 125
214, 213, 34
323, 202, 271
46, 42, 338
207, 1, 291
154, 323, 339
317, 328, 330
242, 300, 315
168, 301, 340
130, 129, 0
187, 341, 342
330, 93, 285
337, 322, 170
340, 240, 343
344, 289, 288
1, 252, 345
115, 292, 103
174, 137, 136
23, 210, 220
138, 221, 36
202, 323, 154
346, 347, 348
39, 38, 135
103, 102, 270
29, 309, 86
171, 170, 322
349, 104, 44
335, 215, 118
131, 350, 8
206, 310, 123
318, 67, 319
34, 213, 98
41, 40, 166
237, 287, 351
133, 9, 352
353, 57, 151
293, 180, 179
338, 88, 354
348, 347, 336
100, 35, 355
84, 83, 356
39, 205, 263
355, 35, 68
357, 150, 149
313, 303, 358
359, 360, 346
252, 294, 192
301, 300, 242
361, 362, 344
198, 49, 48
219, 218, 363
364, 228, 227
75, 90, 127
5, 150, 357
247, 111, 357
355, 335, 118
282, 108, 193
110, 150, 5
123, 311, 146
337, 285, 93
365, 366, 179
192, 108, 107
367, 368, 173
340, 301, 241
182, 158, 369
370, 29, 85
135, 283, 304
210, 371, 221
316, 317, 274
372, 249, 248
317, 372, 248
193, 332, 8
373, 374, 113
342, 341, 312
264, 124, 181
3, 172, 4
375, 78, 113
265, 181, 32
97, 91, 233
163, 99, 183
376, 234, 310
365, 268, 366
257, 68, 287
109, 275, 365
363, 138, 377
250, 329, 247
267, 246, 293
90, 89, 230
266, 87, 155
126, 378, 107
31, 30, 265
379, 14, 266
292, 291, 345
187, 186, 195
312, 341, 187
187, 313, 312
187, 195, 194
365, 178, 149
380, 381, 382
255, 316, 59
59, 380, 382
255, 59, 382
173, 368, 25
285, 249, 372
284, 354, 121
285, 120, 249
121, 120, 284
260, 259, 93
95, 328, 260
81, 47, 308
58, 334, 381
383, 229, 228
334, 128, 153
58, 381, 380
334, 58, 128
165, 20, 166
384, 114, 340
330, 328, 95
385, 19, 18
33, 214, 34
256, 217, 56
167, 163, 66
184, 23, 22
307, 306, 211
211, 220, 307
210, 23, 184
211, 23, 220
238, 138, 363
278, 21, 36
36, 371, 278
221, 138, 238
36, 221, 371
215, 335, 98
307, 220, 118
118, 215, 307
67, 318, 68
278, 371, 319
319, 67, 278
119, 238, 237
237, 351, 119
119, 221, 238
371, 210, 319
117, 184, 100
100, 355, 117
33, 99, 96
214, 33, 96
380, 59, 58
354, 75, 121
90, 212, 127
3, 357, 111
81, 308, 258
90, 75, 354
4, 172, 386
298, 387, 227
268, 365, 275
274, 317, 248
166, 40, 225
316, 275, 57
275, 109, 152
151, 57, 275
275, 152, 151
353, 250, 249
245, 305, 246
250, 276, 329
250, 353, 276
250, 247, 246
353, 249, 120
250, 246, 267
256, 56, 167
209, 0, 2
357, 3, 5
350, 6, 8
352, 9, 11
379, 12, 14
222, 15, 17
321, 18, 20
36, 21, 23
191, 24, 26
370, 27, 29
369, 30, 32
100, 33, 35
197, 36, 37
369, 38, 30
46, 40, 42
281, 43, 45
225, 40, 47
239, 48, 50
132, 51, 53
333, 54, 56
316, 57, 59
386, 60, 62
82, 63, 65
257, 66, 68
388, 69, 71
145, 72, 74
353, 75, 57
375, 76, 78
254, 79, 81
63, 82, 84
354, 88, 90
225, 80, 92
260, 93, 95
327, 96, 97
287, 68, 98
183, 99, 100
389, 101, 69
349, 102, 104
356, 83, 106
282, 45, 108
247, 109, 111
384, 112, 114
309, 115, 86
319, 117, 119
353, 120, 75
264, 122, 124
44, 104, 126
58, 75, 128
295, 129, 131
51, 132, 133
141, 82, 134
199, 135, 137
377, 138, 140
106, 105, 134
53, 52, 143
269, 144, 145
181, 124, 147
143, 148, 53
110, 109, 150
128, 151, 153
87, 86, 155
269, 145, 156
172, 3, 157
369, 158, 38
231, 77, 162
167, 96, 163
92, 164, 166
92, 167, 164
114, 113, 168
105, 83, 141
308, 169, 171
386, 172, 60
198, 173, 49
10, 176, 11
305, 178, 180
32, 181, 182
22, 183, 184
390, 185, 187
391, 188, 190
222, 191, 15
392, 194, 196
37, 140, 197
45, 44, 107
137, 174, 199
16, 15, 200
116, 115, 202
388, 71, 204
2, 207, 209
319, 210, 117
37, 23, 140
329, 212, 152
98, 213, 215
393, 216, 12
3, 111, 90
394, 217, 219
118, 220, 119
167, 92, 96
65, 64, 224
134, 65, 106
47, 81, 225
216, 226, 13
299, 227, 229
89, 5, 230
78, 77, 168
73, 72, 232
91, 80, 233
310, 234, 236
363, 218, 238
9, 132, 10
186, 185, 195
343, 240, 242
64, 63, 244
357, 245, 247
267, 248, 250
326, 251, 209
129, 252, 0
382, 254, 255
286, 256, 257
255, 258, 260
331, 84, 262
30, 263, 265
87, 266, 85
274, 248, 268
144, 269, 232
202, 201, 271
161, 77, 272
316, 274, 275
127, 276, 128
67, 277, 278
53, 48, 132
190, 189, 280
320, 281, 282
230, 4, 61
376, 148, 234
38, 159, 135
47, 46, 285
256, 286, 237
264, 263, 122
336, 288, 290
309, 291, 115
366, 268, 293
332, 294, 8
215, 214, 297
277, 183, 21
234, 143, 235
383, 298, 229
168, 231, 301
329, 152, 247
392, 302, 194
176, 222, 177
367, 175, 304
217, 256, 218
293, 246, 180
215, 297, 307
259, 258, 171
252, 129, 294
29, 28, 309
207, 28, 208
123, 310, 311
49, 24, 50
395, 312, 314
239, 50, 10
199, 198, 273
66, 163, 67
231, 162, 300
385, 166, 19
290, 280, 204
351, 318, 119
138, 36, 139
6, 320, 7
54, 18, 55
331, 243, 84
339, 323, 325
208, 253, 209
96, 327, 214
187, 194, 313
317, 255, 328
276, 127, 329
223, 64, 262
244, 243, 262
192, 294, 193
394, 333, 217
157, 230, 60
110, 153, 111
245, 149, 305
351, 287, 335
290, 204, 336
169, 47, 337
104, 103, 125
324, 323, 271
284, 46, 338
28, 207, 291
155, 154, 339
372, 317, 330
343, 242, 315
114, 168, 340
251, 130, 0
390, 187, 342
372, 330, 285
169, 337, 170
396, 340, 343
397, 344, 288
291, 1, 345
201, 115, 103
175, 174, 136
116, 202, 154
398, 346, 348
199, 39, 135
201, 103, 270
85, 29, 86
259, 171, 322
43, 349, 44
295, 131, 8
122, 206, 123
35, 34, 98
385, 41, 166
399, 133, 352
276, 353, 151
366, 293, 179
284, 338, 354
203, 348, 336
261, 84, 356
30, 39, 263
318, 355, 68
245, 357, 149
314, 313, 358
398, 359, 346
378, 252, 192
241, 301, 242
397, 361, 344
148, 198, 48
400, 219, 363
387, 364, 227
117, 355, 118
7, 282, 193
334, 110, 5
124, 123, 146
322, 337, 93
178, 365, 179
378, 192, 107
175, 367, 173
240, 340, 241
32, 182, 369
226, 370, 85
136, 135, 304
220, 210, 221
7, 193, 8
112, 373, 113
395, 342, 312
265, 264, 181
374, 375, 113
31, 265, 32
401, 97, 233
277, 163, 183
206, 376, 310
286, 257, 287
400, 363, 377
157, 90, 230
109, 365, 149
24, 173, 25
364, 383, 228
396, 384, 340
94, 330, 95
255, 81, 258
62, 4, 386
299, 298, 227
92, 166, 225
66, 256, 167
