# Project Zomboid Skinned Mesh
# File Version:
1.0
# Model Name:
Cube
# Vertex Stride Element Count:
3
# Vertex Stride Size (in bytes):
76
# Vertex Stride Data:
# (Int)    Offset
# (String) Type
0
VertexArray
12
NormalArray
24
TextureCoordArray
# Vertex Count:
658
# Vertex Buffer:
-0.01083476, 0.11007582, 0.01661673
-0.87820065, -0.30283517, 0.37012848
0.96701193, 0.8644831
0.01208958, 0.08185183, 0.01637428
0.83501697, 0.26349682, 0.48298594
0.91018337, 0.79882239
0.01208957, 0.11007583, 0.01661672
0.87820065, -0.30283517, 0.37012848
0.91018337, 0.86447315
0.01208958, 0.08185183, -0.00693818
0.90615559, -0.29709768, -0.3009125
0.99231422, 0.86448082
-0.01083475, 0.0818518, -0.01714615
-0.57734919, -0.57734919, -0.57734919
0.96701193, 0.81095904
0.01208958, 0.08185183, -0.01714615
0.57734919, -0.57734919, -0.57734919
0.96701193, 0.8644831
-0.01083475, 0.17365016, -0.00679452
-0.90450758, -0.30149236, -0.30149236
0.38637537, 0.60683152
-0.01083476, 0.11007582, 0.01661673
-0.87820065, -0.30283517, 0.37012848
0.32815996, 0.45846552
-0.01083476, 0.11279471, 0.02613664
-0.82403028, 0.27530748, 0.49510178
0.30459261, 0.46484178
-0.00676037, 0.54120076, -0.01152412
-0.68623918, 0.60997343, -0.3961913
0.599024, 0.09547287
-0.00676037, 0.54120076, -0.00276504
-0.68623918, 0.60997343, 0.3961913
0.599024, 0.07505143
0.00841081, 0.54120076, -0.00276504
0.68623918, 0.60997343, 0.3961913
0.5614152, 0.07505542
0.00841081, 0.19117406, -0.00276504
0.68623918, -0.60997343, 0.3961913
0.64640498, 0.11241823
-0.00676037, 0.19117406, -0.01152412
-0.68623918, -0.60997343, -0.3961913
0.64640498, 0.0715192
0.00082522, 0.19117406, -0.01590367
0.0, -0.60997343, -0.7923826
0.62760144, 0.08174628
-0.00676037, 0.54120076, -0.00276504
-0.68623918, 0.60997343, 0.3961913
0.6366328, 1.0
0.00082522, 0.19117406, 0.00161451
0.0, -0.60997343, 0.7923826
0.61785161, 0.18445837
0.00082522, 0.54120076, 0.00161451
0.0, 0.60997343, 0.7923826
0.61785156, 0.9991931
-0.00676037, 0.54120076, -0.01152412
-0.68623918, 0.60997343, -0.3961913
0.87987983, 1.0
-0.00676037, 0.19117406, -0.00276504
-0.68623918, -0.60997343, 0.3961913
0.85818672, 0.182742
-0.00676037, 0.54120076, -0.00276504
-0.68623918, 0.60997343, 0.3961913
0.85818672, 0.99999555
0.00841081, 0.54120076, -0.01152413
0.68623918, 0.60997343, -0.3961913
0.59902394, 0.99983147
0.00082522, 0.19117406, -0.01590367
0.0, -0.60997343, -0.7923826
0.58021957, 0.18284678
0.00082522, 0.54120076, -0.01590367
0.0, 0.60997343, -0.7923826
0.58021951, 1.0
-0.00676037, 0.19117406, -0.01152412
-0.68623918, -0.60997343, -0.3961913
0.56141508, 0.18267822
-0.00676037, 0.54120076, -0.01152412
-0.68623918, 0.60997343, -0.3961913
0.56141502, 0.99983147
0.00841081, 0.54120076, -0.00276504
0.68623918, 0.60997343, 0.3961913
0.83648223, 0.18274641
0.00841081, 0.19117406, -0.01152413
0.68623918, -0.60997343, -0.3961913
0.85818666, 0.99999704
0.00841081, 0.54120076, -0.01152413
0.68623918, 0.60997343, -0.3961913
0.85818666, 0.18274337
0.00841081, 0.19117406, -0.00276504
0.68623918, -0.60997343, 0.3961913
0.599024, 0.18525922
0.00841081, 0.54120076, -0.00276504
0.68623918, 0.60997343, 0.3961913
0.599024, 0.99999415
-0.01083477, 0.34204298, -0.00679452
-0.57631153, 0.58354443, -0.57209998
0.69349223, 1.0
0.01208958, 0.19145325, -0.00679452
0.90450758, 0.30149236, -0.30149236
0.75032103, 0.64844149
-0.01083476, 0.19145322, -0.00679452
-0.90450758, 0.30149236, -0.30149236
0.69349229, 0.64844137
0.0101751, 0.17365018, -0.00679452
0.57734919, -0.57731867, -0.57734919
0.6953311, 0.46384805
0.01208958, 0.1114358, -0.00679452
0.90450758, 0.30149236, -0.30149236
0.70007706, 0.31860578
0.0101751, 0.11143579, -0.00679452
0.57731867, 0.57734919, -0.57734919
0.6953311, 0.31860578
-0.00843934, 0.11143577, -0.03918733
-0.67467266, 0.60481584, -0.42301705
0.48601717, 0.34378856
0.0007002, 0.10105011, -0.04361012
0.0, -0.6209296, -0.78383738
0.46045563, 0.32244897
-0.00843934, 0.10105011, -0.03918733
-0.67467266, -0.60481584, -0.42301705
0.4602749, 0.34378856
-0.01083476, 0.19145322, -0.00679452
-0.90450758, 0.30149236, -0.30149236
0.99248779, 0.79882239
0.01208957, 0.19145325, -0.01714615
0.57734919, 0.57734919, -0.57734919
0.96686375, 0.7452946
-0.01083477, 0.19145322, -0.01714615
-0.57734919, 0.57731867, -0.57734919
0.96686381, 0.79881965
-0.00885028, 0.17365016, -0.00679452
-0.57734919, -0.57734919, -0.57734919
0.56079745, 0.53715378
-0.01083475, 0.11143577, -0.00679452
-0.90450758, 0.30149236, -0.30149236
0.55587798, 0.39191151
-0.01083475, 0.17365016, -0.00679452
-0.90450758, -0.30149236, -0.30149236
0.55587804, 0.53715378
-0.00885028, 0.17365016, -0.01139158
-0.56617939, -0.79598379, -0.2140263
0.94809359, 0.71695057
-0.00571006, 0.11143579, -0.01495172
-0.23987548, 0.81240273, -0.53144932
0.95724827, 0.57165533
-0.00885028, 0.11143577, -0.01139158
-0.56617939, 0.79598379, -0.2140263
0.94809359, 0.57169044
0.00735702, 0.11143579, -0.01495172
0.24961089, 0.81939149, -0.51597643
0.9571234, 0.57165533
0.0101751, 0.17365018, -0.01139158
0.58018738, -0.78902555, -0.2018189
0.94809955, 0.42636335
0.0101751, 0.11143579, -0.01139158
0.58018738, 0.78905606, -0.2018189
0.94809955, 0.5716235
0.0101751, 0.11143579, -0.00679452
0.57731867, 0.57734919, -0.57734919
0.93670833, 0.57162508
0.0101751, 0.17365018, -0.00679452
0.57734919, -0.57731867, -0.57734919
0.93670833, 0.4263649
0.00735702, 0.17365018, -0.01495172
0.24961089, -0.81939149, -0.51597643
0.91227269, 0.33863759
-0.00571006, 0.11143579, -0.01495172
-0.23987548, 0.81240273, -0.53144932
0.87987983, 0.19339532
-0.00571006, 0.17365018, -0.01495172
-0.23987548, -0.81240273, -0.53144932
0.87987977, 0.33863765
-0.00885028, 0.17365016, -0.00679452
-0.57734919, -0.57734919, -0.57734919
0.93670833, 0.71694824
-0.00885028, 0.11143577, -0.00679452
-0.57734919, 0.57734919, -0.57734919
0.93670833, 0.57168809
0.00983974, 0.17365018, -0.03947635
0.67882323, -0.60658592, -0.41376996
0.96910125, 0.29595852
0.00070019, 0.18603852, -0.04418816
0.0, 0.61702323, -0.78691977
1.0, 0.31729805
0.00983974, 0.18603854, -0.03947635
0.67882323, 0.60658592, -0.41376996
0.99980754, 0.29595852
0.00070019, 0.17365018, -0.04418816
0.0, -0.61702323, -0.78691977
0.96929383, 0.31729805
-0.00843935, 0.18603852, -0.03947635
-0.67882323, 0.60658592, -0.41376996
0.99980748, 0.33863765
-0.00702558, 0.18668038, -0.03834438
-0.85631883, -0.14911343, -0.49439985
0.43080086, 0.8496477
0.00048225, 0.21638836, -0.05139998
0.0, -0.13626514, -0.99066132
0.44941252, 0.9195047
0.00048225, 0.18668038, -0.04267903
0.0, -0.14911343, -0.98879969
0.44941252, 0.84981452
0.00048225, 0.10056251, -0.02534045
0.0, 0.17715995, 0.9841609
0.52408105, 0.88701225
-0.01190341, 0.08447602, -0.02685888
-0.85494554, 0.15939817, 0.49360636
0.49338552, 0.92417219
0.00048225, 0.08447602, -0.01970802
0.0, 0.15939817, 0.98721272
0.52405131, 0.92548952
-0.00702558, 0.10056251, -0.03834439
-0.85232091, 0.17715995, -0.49208045
0.43080086, 0.64860168
0.00799008, 0.18668038, -0.02967509
0.85631883, -0.14911343, 0.49439985
0.7820664, 0.85003887
0.00799008, 0.10056251, -0.03834439
0.85232091, 0.17715995, -0.49208045
0.76058447, 0.64897102
0.00799008, 0.18668038, -0.03834438
0.85631883, -0.14911343, -0.49439985
0.76058447, 0.85004179
0.00048225, 0.18668038, -0.02534045
0.0, -0.14911343, 0.98879969
0.52408105, 0.68656117
0.00799008, 0.10056251, -0.0296751
0.85232091, 0.17715995, 0.49208045
0.54271561, 0.88621964
0.00799008, 0.18668038, -0.02967509
0.85631883, -0.14911343, 0.49439985
0.54271561, 0.68576854
-0.00702558, 0.18668038, -0.02967509
-0.85631883, -0.14911343, 0.49439985
0.50549239, 0.68576267
-0.00702558, 0.18668038, -0.03834438
-0.85631883, -0.14911343, -0.49439985
0.80340046, 0.68668061
-0.00702558, 0.10056251, -0.0296751
-0.85232091, 0.17715995, 0.49208045
0.82487112, 0.8877558
-0.00702558, 0.18668038, -0.02967509
-0.85631883, -0.14911343, 0.49439985
0.82487118, 0.68668506
0.00799008, 0.18668038, -0.03834438
0.85631883, -0.14911343, -0.49439985
0.46802419, 0.8496477
0.00048225, 0.10056251, -0.04267904
0.0, 0.17715995, -0.9841609
0.44941252, 0.64876845
0.00048225, 0.21638836, -0.0166195
0.0, -0.13626514, 0.99066132
0.52403492, 0.61901239
-0.01457813, 0.25086838, -0.02531462
-0.68623918, 0.60997343, 0.3961913
0.48674676, 0.53715375
-0.01457813, 0.21638836, -0.02531462
-0.85793632, -0.13626514, 0.4953154
0.48674679, 0.61741066
0.01554264, 0.21638836, -0.02531462
0.85793632, -0.13626514, 0.4953154
0.79341286, 0.91948908
-0.01457814, 0.21638836, -0.04270485
-0.85793632, -0.13626514, -0.4953154
0.79341292, 0.61722645
0.01554264, 0.21638836, -0.04270486
0.85793632, -0.13626514, -0.4953154
0.48674676, 0.91917014
0.01384671, 0.25086838, -0.02629377
-0.4717246, 0.8386181, -0.27234718
0.78350729, 0.47431588
0.00048225, 0.24984834, -0.0185778
0.0, 0.60997343, -0.7923826
0.78066367, 0.50552005
0.00048225, 0.25086838, -0.0185778
0.0, 0.8386181, -0.54469436
0.78319204, 0.50552005
-0.01457813, 0.21638836, -0.02531462
-0.85793632, -0.13626514, 0.4953154
0.83648223, 0.61723527
-0.01457814, 0.25086838, -0.04270486
-0.68623918, 0.60997343, -0.3961913
0.79341286, 0.53672132
0.01554264, 0.25086838, -0.04270487
0.68623918, 0.60997343, -0.3961913
0.48674676, 0.9996653
-0.01457814, 0.25086838, -0.04270486
-0.68623918, 0.60997343, -0.3961913
0.41207826, 0.99966523
0.00048225, 0.25086838, -0.05139998
0.0, 0.60997343, -0.7923826
0.44941252, 1.0
0.01554264, 0.21638836, -0.04270486
0.85793632, -0.13626514, -0.4953154
0.75032103, 0.91949499
0.01554264, 0.25086838, -0.02531463
0.68623918, 0.60997343, 0.3961913
0.79341286, 0.99999409
0.01554264, 0.21638836, -0.02531462
0.85793632, -0.13626514, 0.4953154
0.56141508, 0.61742243
0.00048225, 0.25086838, -0.01661951
0.0, 0.60997343, 0.7923826
0.52403492, 0.53875554
0.00048225, 0.05246479, -0.01970802
0.0, -0.60997343, 0.7923826
0.52405131, 1.0
-0.00702558, 0.10056251, -0.03834439
-0.85232091, 0.17715995, -0.49208045
0.80340046, 0.88775138
-0.01190341, 0.08447602, -0.02685888
-0.85494554, 0.15939817, 0.49360636
0.83237016, 0.92525913
0.01286791, 0.08447602, -0.04116062
0.85494554, 0.15939817, -0.49360636
0.48011622, 0.61115542
0.00048225, 0.08447602, -0.04831147
0.0, 0.15939817, -0.98721272
0.44941252, 0.61143059
-0.01190341, 0.08447602, -0.04116061
-0.85494554, 0.15939817, -0.49360636
0.41870886, 0.61115539
0.01286791, 0.08447602, -0.02685889
0.85494554, 0.15939817, 0.49360636
0.78939444, 0.61146507
0.01286791, 0.08447602, -0.04116062
0.85494554, 0.15939817, -0.49360636
0.75395572, 0.61146992
0.01286791, 0.08447602, -0.02685889
0.85494554, 0.15939817, 0.49360636
0.5547927, 0.92418189
0.00048225, 0.05246479, -0.02161774
0.0, -0.8386181, -0.54469436
0.48301053, 0.51136649
0.01121404, 0.05387003, -0.02781375
-0.68623918, -0.60997343, -0.3961913
0.48674673, 0.48630923
0.01121404, 0.05246479, -0.02781375
-0.4717246, -0.8386181, -0.27234718
0.48326367, 0.48630923
-0.01190341, 0.08447602, -0.04116061
-0.85494554, 0.15939817, -0.49360636
0.79694992, 0.92525182
-0.01190341, 0.05246479, -0.02685888
-0.68623918, -0.60997343, 0.3961913
0.83237016, 1.0
0.00048225, 0.05246479, -0.04831147
0.0, -0.60997343, -0.7923826
0.44941255, 0.53669891
-0.01190341, 0.05246479, -0.04116061
-0.68623918, -0.60997343, -0.3961913
0.41870886, 0.53642371
0.01286791, 0.05246479, -0.04116062
0.68623918, -0.60997343, -0.3961913
0.75395572, 0.53672904
0.01286791, 0.05246479, -0.02685889
0.68623918, -0.60997343, 0.3961913
0.5547927, 0.99869242
-0.00843934, 0.11143577, -0.01714615
-0.30149236, 0.90450758, -0.30149236
0.9927575, 0.98234953
-0.00843934, 0.10105011, -0.03918733
-0.67467266, -0.60481584, -0.42301705
0.96701205, 0.93094011
-0.00843934, 0.10105011, -0.01714615
-0.30149236, -0.30149236, -0.90450758
0.96701205, 0.98235483
-0.00843935, 0.18603852, -0.01714615
-0.30149236, 0.30149236, -0.90450758
0.95724827, 0.57166165
-0.00843935, 0.17365016, -0.03947635
-0.67882323, -0.60658592, -0.41376996
0.98795825, 0.62374422
-0.00843934, 0.17365016, -0.01714615
-0.30149236, -0.90450758, -0.30149236
0.98795825, 0.57165533
0.00983974, 0.17365018, -0.01714615
0.30149236, -0.90450758, -0.30149236
0.98783344, 0.51813015
0.00983974, 0.18603854, -0.03947635
0.67882323, 0.60658592, -0.41376996
0.9571234, 0.46600986
0.00983974, 0.18603854, -0.01714615
0.30149236, 0.30149236, -0.90450758
0.95712352, 0.51812595
0.00983974, 0.10105011, -0.01714615
0.30149236, -0.30149236, -0.90450758
0.48195103, 0.1179173
0.00983974, 0.11143579, -0.03918733
0.67467266, 0.60481584, -0.42301705
0.45620561, 0.06647223
0.00983974, 0.11143579, -0.01714615
0.30149236, 0.90450758, -0.30149236
0.45620564, 0.11791378
0.00983974, 0.11143579, -0.03918733
0.67467266, 0.60481584, -0.42301705
0.48601723, 0.30110943
0.0007002, 0.11143579, -0.04361012
0.0, 0.6209296, -0.78383738
0.48619789, 0.32244897
-0.01083477, 0.19145322, -0.01714615
-0.57734919, 0.57731867, -0.57734919
0.45620555, 0.1179173
0.01208957, 0.19145325, -0.01714615
0.57734919, 0.57734919, -0.57734919
0.45620561, 0.06439209
-0.00843935, 0.18603852, -0.01714615
-0.30149236, 0.30149236, -0.90450758
0.44278449, 0.1123243
-0.00843935, 0.18603852, -0.01714615
-0.30149236, 0.30149236, -0.90450758
0.93670833, 0.42636335
0.00983974, 0.18603854, -0.03947635
0.67882323, 0.60658592, -0.41376996
0.98202157, 0.37429643
-0.00843935, 0.18603852, -0.03947635
-0.67882323, 0.60658592, -0.41376996
0.93670833, 0.37430137
0.00735702, 0.11143579, -0.01495172
0.24961089, 0.81939149, -0.51597643
0.89161164, 0.35766065
0.0101751, 0.11143579, -0.01139158
0.58018738, 0.78905606, -0.2018189
0.88462573, 0.34936106
0.00983974, 0.11143579, -0.01714615
0.30149236, 0.90450758, -0.30149236
0.88545704, 0.36277759
-0.00571006, 0.17365018, -0.01495172
-0.23987548, -0.81240273, -0.53144932
0.49945149, 0.1446597
-0.00885028, 0.17365016, -0.01139158
-0.56617939, -0.79598379, -0.2140263
0.49166715, 0.13634753
-0.00843934, 0.17365016, -0.01714615
-0.30149236, -0.90450758, -0.30149236
0.49268585, 0.14978218
-0.00843934, 0.10105011, -0.01714615
-0.30149236, -0.30149236, -0.90450758
0.96107394, 0.95518066
0.00983974, 0.10105011, -0.01714615
0.30149236, -0.30149236, -0.90450758
0.91576064, 0.95518068
0.01208958, 0.08185183, -0.01714615
0.57734919, -0.57734919, -0.57734919
0.91018337, 0.99999995
0.00983974, 0.10105011, -0.03918733
0.67467266, -0.60481584, -0.42301705
0.98202091, 0.18307191
0.00983974, 0.10105011, -0.01714615
0.30149236, -0.30149236, -0.90450758
0.98202091, 0.13161469
-0.00843934, 0.10105011, -0.03918733
-0.67467266, -0.60481584, -0.42301705
0.93670857, 0.18306786
0.00048225, 0.05246479, -0.04640175
0.0, -0.8386181, 0.54469436
0.80577916, 0.17828494
0.01286791, 0.05246479, -0.04116062
0.68623918, -0.60997343, -0.3961913
0.83648223, 0.16605175
0.01121404, 0.05246479, -0.04020575
-0.4717246, -0.8386181, 0.27234718
0.83238238, 0.16382217
0.01286791, 0.05246479, -0.02685889
0.68623918, -0.60997343, 0.3961913
0.83648223, 0.13266301
0.01121404, 0.05246479, -0.02781375
-0.4717246, -0.8386181, -0.27234718
0.83238238, 0.13489187
0.00048225, 0.05246479, -0.01970802
0.0, -0.60997343, 0.7923826
0.80577916, 0.1159659
0.00048225, 0.05246479, -0.02161774
0.0, -0.8386181, -0.54469436
0.80577916, 0.12042433
-0.01024954, 0.05246479, -0.02781374
0.4717246, -0.8386181, -0.27234718
0.77917594, 0.1348871
-0.01190341, 0.05246479, -0.02685888
-0.68623918, -0.60997343, 0.3961913
0.77507615, 0.13265753
-0.01024954, 0.05246479, -0.04020575
0.4717246, -0.8386181, 0.27234718
0.77917594, 0.16381741
-0.01190341, 0.05246479, -0.04116061
-0.68623918, -0.60997343, -0.3961913
0.77507609, 0.16604626
0.00048225, 0.05246479, -0.04831147
0.0, -0.60997343, -0.7923826
0.80577916, 0.18274337
0.00048225, 0.25086838, -0.04944169
0.0, 0.8386181, 0.54469436
0.5062412, 0.28944004
0.01554264, 0.25086838, -0.04270487
0.68623918, 0.60997343, -0.3961913
0.46890706, 0.27373743
0.00048225, 0.25086838, -0.05139998
0.0, 0.60997343, -0.7923826
0.5062412, 0.29400575
0.01384671, 0.25086838, -0.04172572
-0.4717246, 0.8386181, 0.27234718
0.47311121, 0.2714541
0.01554264, 0.25086838, -0.02531463
0.68623918, 0.60997343, 0.3961913
0.46890706, 0.23319274
0.00048225, 0.25086838, -0.0185778
0.0, 0.8386181, -0.54469436
0.5062412, 0.21748203
0.01384671, 0.25086838, -0.02629377
-0.4717246, 0.8386181, -0.27234718
0.47311121, 0.23547506
-0.0128822, 0.25086838, -0.02629377
0.4717246, 0.8386181, -0.27234718
0.53937119, 0.23546797
0.00048225, 0.25086838, -0.01661951
0.0, 0.60997343, 0.7923826
0.5062412, 0.21291637
-0.01288221, 0.25086838, -0.04172571
0.4717246, 0.8386181, 0.27234718
0.53937119, 0.271447
-0.01457813, 0.25086838, -0.02531462
-0.68623918, 0.60997343, 0.3961913
0.54357535, 0.2331847
-0.01457814, 0.25086838, -0.04270486
-0.68623918, 0.60997343, -0.3961913
0.54357535, 0.27372938
-0.01288221, 0.24984834, -0.04172571
0.68623918, 0.60997343, 0.3961913
0.66520852, 0.13039082
-0.0128822, 0.24984834, -0.02629377
0.68623918, 0.60997343, -0.3961913
0.63211626, 0.11241823
0.01384671, 0.24984834, -0.02629377
-0.68623918, 0.60997343, -0.3961913
0.599024, 0.16648579
-0.0128822, 0.24984834, -0.02629377
0.68623918, 0.60997343, -0.3961913
0.78097892, 0.53672421
-0.0128822, 0.25086838, -0.02629377
0.4717246, 0.8386181, -0.27234718
0.78350729, 0.53672421
-0.0128822, 0.25086838, -0.02629377
0.4717246, 0.8386181, -0.27234718
0.69659352, 0.28258938
-0.01288221, 0.24984834, -0.04172571
0.68623918, 0.60997343, 0.3961913
0.69406492, 0.31860536
-0.01288221, 0.25086838, -0.04172571
0.4717246, 0.8386181, 0.27234718
0.69659352, 0.31860572
0.00048225, 0.25086838, -0.04944169
0.0, 0.8386181, 0.54469436
0.55677307, 0.36066926
0.01384671, 0.24984834, -0.04172572
-0.68623918, 0.60997343, 0.3961913
0.56079745, 0.32950294
0.01384671, 0.25086838, -0.04172572
-0.4717246, 0.8386181, 0.27234718
0.55827665, 0.32950336
-0.01288221, 0.25086838, -0.04172571
0.4717246, 0.8386181, 0.27234718
0.55827671, 0.39191151
0.00048225, 0.24984834, -0.04944169
0.0, 0.60997343, 0.7923826
0.55929393, 0.36066884
0.01384671, 0.25086838, -0.04172572
-0.4717246, 0.8386181, 0.27234718
0.46375841, 0.30110943
0.01384671, 0.24984834, -0.02629377
-0.68623918, 0.60997343, -0.3961913
0.46628702, 0.26511133
0.01384671, 0.25086838, -0.02629377
-0.4717246, 0.8386181, -0.27234718
0.46375841, 0.26511186
0.01121404, 0.05387003, -0.02781375
-0.68623918, -0.60997343, -0.3961913
0.93887514, 0.28072006
-0.01024954, 0.05387003, -0.02781374
0.68623918, -0.60997343, -0.3961913
0.96547759, 0.23732007
0.00048225, 0.05387003, -0.04640175
0.0, -0.60997343, 0.7923826
0.91227269, 0.23732656
-0.01024954, 0.05246479, -0.02781374
0.4717246, -0.8386181, -0.27234718
0.48326367, 0.53642374
0.00048225, 0.05387003, -0.02161774
0.0, -0.60997343, -0.7923826
0.48649359, 0.51136649
-0.01024954, 0.05246479, -0.04020575
0.4717246, -0.8386181, 0.27234718
0.70007706, 0.28968424
-0.01024954, 0.05387003, -0.02781374
0.68623918, -0.60997343, -0.3961913
0.69659352, 0.31860524
-0.01024954, 0.05246479, -0.02781374
0.4717246, -0.8386181, -0.27234718
0.70007706, 0.31860572
0.01121404, 0.05246479, -0.04020575
-0.4717246, -0.8386181, 0.27234718
0.56079745, 0.27938807
0.00048225, 0.05387003, -0.04640175
0.0, -0.60997343, 0.7923826
0.5561173, 0.30441511
0.00048225, 0.05246479, -0.04640175
0.0, -0.8386181, 0.54469436
0.55959004, 0.30441457
-0.01024954, 0.05387003, -0.04020575
0.68623918, -0.60997343, 0.3961913
0.55732471, 0.329503
-0.01024954, 0.05246479, -0.04020575
0.4717246, -0.8386181, 0.27234718
0.56079745, 0.3295024
0.01121404, 0.05246479, -0.02781375
-0.4717246, -0.8386181, -0.27234718
0.46375841, 0.27220231
0.01121404, 0.05387003, -0.04020575
-0.68623918, -0.60997343, 0.3961913
0.4602749, 0.30110943
0.01121404, 0.05246479, -0.04020575
-0.4717246, -0.8386181, 0.27234718
0.46375841, 0.30110872
0.02594474, 0.11224031, 0.00702442
0.0, 0.0, 1.0
0.95394051, 0.20605332
0.02411423, 0.10660644, 0.00336328
-0.27637562, -0.85064244, 0.44718772
0.96537137, 0.19850522
0.03073722, 0.10875842, 0.00336328
0.72359383, -0.52571183, 0.44718772
0.94897211, 0.19344413
0.03073722, 0.11572221, 0.00336328
0.72359383, 0.52571183, 0.44718772
0.93883675, 0.20654398
0.02002088, 0.11224031, 0.00336328
-0.89440596, 0.0, 0.44718772
0.96537137, 0.21473336
0.02411423, 0.11787418, 0.00336328
-0.27637562, 0.85064244, 0.44718772
0.94897181, 0.21970147
0.03073722, 0.10875842, 0.00336328
0.72359383, -0.52571183, 0.44718772
0.47122428, 0.44884682
0.03186861, 0.11224031, -0.00256062
0.89440596, 0.0, -0.44718772
0.48582217, 0.4407019
0.03073722, 0.11572221, 0.00336328
0.72359383, 0.52571183, 0.44718772
0.47122428, 0.4325875
0.02411423, 0.10660644, 0.00336328
-0.27637562, -0.85064244, 0.44718772
0.48601723, 0.39445972
0.02777527, 0.10660644, -0.00256062
0.27637562, -0.85064244, -0.44718772
0.47133571, 0.38590759
0.03073722, 0.10875842, 0.00336328
0.72359383, -0.52571183, 0.44718772
0.47132361, 0.40128744
0.02002088, 0.11224031, 0.00336328
-0.89440596, 0.0, 0.44718772
0.47122428, 0.41448975
0.02115228, 0.10875842, -0.00256062
-0.72359383, -0.52571183, -0.44718772
0.4860172, 0.40634984
0.02411423, 0.10660644, 0.00336328
-0.27637562, -0.85064244, 0.44718772
0.47166419, 0.4012875
0.02411423, 0.11787418, 0.00336328
-0.27637562, 0.85064244, 0.44718772
0.47166419, 0.42759573
0.02115228, 0.11572221, -0.00256062
-0.98501539, -0.04232917, 0.16699728
0.4860172, 0.42260915
0.03073722, 0.11572221, 0.00336328
0.72359383, 0.52571183, 0.44718772
0.68425095, 0.12127328
0.02777527, 0.11787418, -0.00256062
0.50334179, 0.85280925, -0.13892025
0.67622793, 0.13446021
0.02411423, 0.11787418, 0.00336328
-0.27637562, 0.85064244, 0.44718772
0.69346863, 0.13405991
0.02777527, 0.10660644, -0.00256062
0.27637562, -0.85064244, -0.44718772
0.48611563, 0.45390403
0.02115228, 0.10875842, -0.00256062
-0.72359383, -0.52571183, -0.44718772
0.48601723, 0.37891567
0.02115228, 0.11572221, -0.00256062
-0.98501539, -0.04232917, 0.16699728
0.68497622, 0.14756119
0.02777527, 0.11787418, -0.00256062
0.50334179, 0.85280925, -0.13892025
0.48611563, 0.42759573
0.02777527, 0.10660644, -0.00256062
0.27637562, -0.85064244, -0.44718772
0.93883675, 0.19842142
0.02594474, 0.11224031, -0.00622176
0.12323374, -0.65517133, -0.74535358
0.92686898, 0.20666295
0.03186861, 0.11224031, -0.00256062
0.89440596, 0.0, -0.44718772
0.93883675, 0.21467972
0.02115228, 0.10875842, -0.00256062
-0.72359383, -0.52571183, -0.44718772
0.92241931, 0.19339532
0.02115228, 0.11572221, -0.00256062
-0.98501539, -0.04232917, 0.16699728
0.47265452, 0.34646368
0.01715176, 0.1208019, -0.00779732
-0.85912657, 0.44297618, 0.25617236
0.4800517, 0.36172128
0.01715176, 0.11383811, -0.00779732
-0.35923338, -0.91613513, 0.17770928
0.48601723, 0.34646368
0.02777527, 0.11787418, -0.00256062
0.50334179, 0.85280925, -0.13892025
0.55738932, 0.2315293
0.02115228, 0.11572221, -0.00256062
-0.98501539, -0.04232917, 0.16699728
0.54357535, 0.24127126
0.02594474, 0.11224031, -0.00622176
0.12323374, -0.65517133, -0.74535358
0.55738932, 0.24467796
0.02777527, 0.11787418, -0.00256062
0.50334179, 0.85280925, -0.13892025
0.92241907, 0.21970147
0.00960381, 0.11732, -0.01308681
0.4547258, 0.0, -0.89062166
0.67900229, 0.18343973
0.01715176, 0.1208019, -0.00779732
-0.85912657, 0.44297618, 0.25617236
0.68010509, 0.16168767
0.02194424, 0.11732, -0.01145847
-0.23306985, -0.48612934, -0.84221929
0.66563874, 0.1572451
0.02594474, 0.11224031, -0.00622176
0.12323374, -0.65517133, -0.74535358
0.8236227, 0.1159659
0.01715176, 0.11383811, -0.00779732
-0.35923338, -0.91613513, 0.17770928
0.82839197, 0.09556496
0.02194424, 0.11732, -0.01145847
-0.23306985, -0.48612934, -0.84221929
0.81533355, 0.10249192
0.02115228, 0.11572221, -0.00256062
-0.98501539, -0.04232917, 0.16699728
0.83648217, 0.10884976
0.00481134, 0.1208019, -0.00942567
0.25101474, 0.34977263, 0.90255439
0.48611566, 0.45390403
0.00481134, 0.11383811, -0.00942567
0.25101474, -0.34977263, 0.90255439
0.46890706, 0.45407486
0.00960381, 0.11732, -0.01308681
0.4547258, 0.0, -0.89062166
0.47834826, 0.46518975
0.00960381, 0.11732, -0.01308681
0.4547258, 0.0, -0.89062166
0.82342374, 0.07444668
0.01715176, 0.11383811, -0.00779732
-0.35923338, -0.91613513, 0.17770928
0.46890703, 0.48288149
0.01715176, 0.1208019, -0.00779732
-0.85912657, 0.44297618, 0.25617236
0.48611566, 0.4827106
0.02194424, 0.11732, -0.01145847
-0.23306985, -0.48612934, -0.84221929
0.48601723, 0.36172122
0.02777527, 0.11787418, -0.00256062
0.50334179, 0.85280925, -0.13892025
0.46953106, 0.37616056
0.02594474, 0.11224031, -0.00622176
0.12323374, -0.65517133, -0.74535358
0.48601723, 0.37891561
0.02115228, 0.11572221, -0.00256062
-0.98501539, -0.04232917, 0.16699728
0.91227269, 0.20654696
0.0120896, 0.07069738, 0.03452202
0.87185276, 0.27588731, 0.40464491
0.700077, 0.17033213
-0.01083474, 0.06252758, 0.06583341
-0.62660605, 0.43549913, 0.64625996
0.75690562, 0.09832352
0.01208961, 0.06252758, 0.06583341
0.63457137, 0.43125707, 0.64131594
0.700077, 0.0983597
-0.01083474, 0.06252758, 0.06583341
-0.62660605, 0.43549913, 0.64625996
0.48674676, 0.29400569
0.00670411, 0.01788463, 0.06110489
0.57573169, -0.32059693, 0.75212866
0.53026825, 0.39705038
0.01208961, 0.06252758, 0.06583341
0.63457137, 0.43125707, 0.64131594
0.54357535, 0.29400569
-0.00551373, -0.00446188, 0.04465652
-0.73210853, -0.23612171, 0.63893551
0.50007641, 0.44604605
0.00670411, -0.00446188, 0.04465652
0.73277992, -0.23075046, 0.64012575
0.53036404, 0.44604605
-0.00551372, -0.04360361, 0.04465652
-0.85326701, 0.45649585, 0.25199133
0.50009269, 0.53715378
0.00670413, -0.04360361, 0.04465652
0.85241246, 0.45823541, 0.25168616
0.53038031, 0.53715375
0.00670413, -0.04360361, 0.04465652
0.85241246, 0.45823541, 0.25168616
0.95724827, 0.6759969
-0.01083469, -0.04360361, 0.05605831
-0.70003355, 0.55778682, 0.44581437
0.98547179, 0.71695057
0.01208965, -0.04360361, 0.05605831
0.70116276, 0.55760366, 0.44425794
0.98547179, 0.66342551
0.01208965, -0.06514588, 0.05605831
0.74068421, 0.10644856, 0.66335034
0.6366328, 0.23770636
-0.01083467, -0.08633688, 0.05877777
-0.56752223, -0.56593525, 0.59797966
0.69346857, 0.18788403
0.01208967, -0.08633688, 0.05877777
0.56752223, -0.56593525, 0.59797966
0.63664001, 0.1878823
0.01208965, -0.06514585, -0.01358169
0.7317118, 0.07214576, -0.67775506
0.75032097, 0.50677192
-0.01083471, -0.00446191, -0.01358169
-0.61592454, 0.36616108, -0.69750053
0.69349223, 0.64844134
0.01208963, -0.00446188, -0.01358169
0.61592454, 0.36616108, -0.69750053
0.75032097, 0.64844137
-0.01083471, -0.00068247, -0.00810412
-0.84655291, 0.25379193, -0.46784875
0.48297134, 0.53640655
0.01208963, -0.00446188, -0.01358169
0.61592454, 0.36616108, -0.69750053
0.46890703, 0.48289871
-0.01083471, -0.00446191, -0.01358169
-0.61592454, 0.36616108, -0.69750053
0.46890703, 0.53642374
-0.01083467, -0.08359775, -0.01755545
-0.56700337, -0.51750237, -0.64082766
0.63665444, 0.46616143
0.01208967, -0.08359775, 0.02110121
0.71535385, -0.69826353, -0.02533036
0.6934604, 0.37590683
-0.01083467, -0.08359775, 0.02110121
-0.71535385, -0.69826353, -0.02533036
0.6366328, 0.3759138
-0.01083469, -0.06514588, -0.01358169
-0.7317118, 0.07214576, -0.67775506
0.69349223, 0.50677189
0.01208966, -0.08359772, -0.01755545
0.56700337, -0.51750237, -0.64082766
0.75032097, 0.46384811
-0.01083467, -0.08359775, -0.01755545
-0.56700337, -0.51750237, -0.64082766
0.69349229, 0.46384811
0.01208965, -0.04360361, 0.05605831
0.70116276, 0.55760366, 0.44425794
0.63664001, 0.28784889
-0.01083469, -0.06514588, 0.05605831
-0.74050111, 0.10571612, 0.66365552
0.69346136, 0.23770809
0.01208965, -0.06514588, 0.05605831
0.74068421, 0.10644856, 0.66335034
0.02375121, 0.95053114
0.01208967, -0.08633688, 0.05877777
0.56752223, -0.56593525, 0.59797966
0.01693442, 1.0
0.01208967, -0.08359775, 0.02110121
0.71535385, -0.69826353, -0.02533036
0.11030439, 0.99372261
-0.01083469, -0.06514588, -0.00821573
-0.99969482, 0.01513718, 0.01889096
0.38901517, 0.04927921
-0.01083467, -0.08359775, -0.01755545
-0.56700337, -0.51750237, -0.64082766
0.41207826, 0.00616968
-0.01083467, -0.08359775, 0.02110121
-0.71535385, -0.69826353, -0.02533036
0.31633979, 0.00628394
0.01208967, -0.08633688, 0.05877777
0.56752223, -0.56593525, 0.59797966
0.69348198, 0.28785062
-0.01083467, -0.08633688, 0.05877777
-0.56752223, -0.56593525, 0.59797966
0.63665444, 0.28785765
0.01208963, -0.00068244, -0.00810413
0.84673607, 0.25339517, -0.46772668
0.468907, 0.34378862
-0.01083476, 0.0818518, -0.00693818
-0.90615559, -0.29728079, -0.30072939
0.41207829, 0.53642368
0.01208958, 0.08185183, -0.00693818
0.90615559, -0.29709768, -0.3009125
0.468907, 0.53642374
-0.01083476, 0.2087239, 0.01636083
-0.73345137, 0.07681509, 0.67534411
0.69346136, 0.69124791
0.01208957, 0.17733926, 0.02359653
0.68663597, 0.09634694, 0.72054201
0.63666368, 0.61686385
0.01208957, 0.20872393, 0.01636082
0.73345137, 0.07681509, 0.67534411
0.6366328, 0.69124401
-0.01083476, 0.34137064, 0.01636756
-0.57942444, 0.5648976, 0.5874508
0.69349217, 1.0
0.01208957, 0.34137064, 0.01636755
0.57942444, 0.5648976, 0.5874508
0.63666362, 0.99999603
0.01208959, 0.11279471, 0.02613664
0.82403028, 0.27530748, 0.49510178
0.63666201, 0.46616143
-0.01083476, 0.17733924, 0.02359653
-0.68663597, 0.09634694, 0.72054201
0.69349223, 0.61686778
-0.01083476, 0.11279471, 0.02613664
-0.82403028, 0.27530748, 0.49510178
0.69349062, 0.46616536
0.01208959, 0.11279471, 0.02613664
0.82403028, 0.27530748, 0.49510178
0.77003002, 0.2442016
-0.01083475, 0.10719988, 0.03440094
-0.61549729, 0.37055573, 0.69554734
0.75032103, 0.19064677
0.0120896, 0.10719988, 0.03440094
0.61549729, 0.37055573, 0.69554734
0.75032103, 0.2441718
0.01208958, 0.08185183, 0.01637428
0.83501697, 0.26349682, 0.48298594
0.84296995, 0.07555312
-0.01083476, 0.07215092, 0.0318092
-0.96148562, 0.23905149, -0.13559374
0.87987983, 0.12913013
0.01208959, 0.07215092, 0.0318092
0.961272, 0.24036378, -0.13476974
0.87987983, 0.07560503
-0.01083476, 0.11166015, 0.02412903
-0.81698048, -0.56096071, -0.13345744
0.86131859, 0.182742
0.01208957, 0.11007583, 0.01661672
0.87820065, -0.30283517, 0.37012848
0.87987977, 0.12919301
0.01208959, 0.11166015, 0.02412902
0.81698048, -0.56096071, -0.13345744
0.86131859, 0.12921792
0.01015352, 0.11477023, 0.02356134
0.70500809, -0.70897549, 0.01663259
0.89661074, 0.11539495
-0.00928874, 0.11515029, 0.03974415
-0.57780695, -0.56608784, 0.58790857
0.93670857, 0.06999171
-0.00928874, 0.11477023, 0.02356134
-0.70500809, -0.70897549, 0.01663259
0.89661074, 0.07000083
-0.00928874, 0.1756026, 0.03887907
-0.57686085, 0.58839685, 0.56654561
0.41207826, 0.20291257
0.01015352, 0.1151503, 0.03974415
0.57780695, -0.56608784, 0.58790857
0.4602749, 0.34378856
0.01015352, 0.17560261, 0.03887907
0.57686085, 0.58839685, 0.56654561
0.4602749, 0.20291883
-0.00928874, 0.17522255, 0.02269626
-0.7091586, 0.70482498, -0.01654103
0.87987983, 0.42481428
-0.00928874, 0.11515029, 0.03974415
-0.57780695, -0.56608784, 0.58790857
0.91996801, 0.56563577
-0.00928874, 0.1756026, 0.03887907
-0.57686085, 0.58839685, 0.56654561
0.91996801, 0.4244749
0.01015352, 0.17522255, 0.02269626
0.7091586, 0.70482498, -0.01654103
0.87987977, 0.70713592
0.01015352, 0.1151503, 0.03974415
0.57780695, -0.56608784, 0.58790857
0.91998899, 0.56631675
0.01015352, 0.11477023, 0.02356134
0.70500809, -0.70897549, 0.01663259
0.87987977, 0.56597516
-0.00928874, 0.17522255, 0.02269626
-0.7091586, 0.70482498, -0.01654103
0.81518525, 0.07057106
0.01015352, 0.17560261, 0.03887907
0.57686085, 0.58839685, 0.56654561
0.77507609, 0.11596346
0.01015352, 0.17522255, 0.02269626
0.7091586, 0.70482498, -0.01654103
0.81518525, 0.1159659
0.0120896, 0.07069738, 0.03452202
0.87185276, 0.27588731, 0.40464491
0.41207826, 0.1179173
-0.01083475, 0.10719988, 0.03440094
-0.61549729, 0.37055573, 0.69554734
0.46890688, 0.20291263
-0.01083475, 0.07069738, 0.03452202
-0.87292093, 0.27838984, 0.40058595
0.46890685, 0.11792588
-0.01083476, 0.07215092, 0.0318092
-0.96148562, 0.23905149, -0.13559374
0.93670857, 0.19339532
0.01208959, 0.1055613, 0.03174867
0.81844538, -0.24927518, -0.51762444
0.87987983, 0.11539489
0.01208959, 0.07215092, 0.0318092
0.961272, 0.24036378, -0.13476974
0.87987977, 0.19339532
-0.01083476, 0.1055613, 0.03174867
-0.81844538, -0.24927518, -0.51762444
0.8422032, 0.1826542
0.01208959, 0.1055613, 0.03174867
0.81844538, -0.24927518, -0.51762444
0.8422032, 0.12913013
0.01208957, 0.34204298, -0.00679452
0.57631153, 0.58354443, -0.57209998
0.54357749, 0.07168949
-0.01083476, 0.34180412, 0.00527918
-0.90859705, 0.30396435, -0.28635517
0.4867489, 0.09981716
0.01208957, 0.34180412, 0.00527918
0.90859705, 0.30396435, -0.28635517
0.54357749, 0.09980881
0.0120896, 0.07069738, 0.03452202
0.87185276, 0.27588731, 0.40464491
0.07761753, 0.63342768
0.01208961, 0.06252758, 0.06583341
0.63457137, 0.43125707, 0.64131594
0.0, 0.65240476
0.00916702, 0.05417262, 0.04741115
0.7548753, -0.47868282, -0.44828638
0.04582772, 0.6720044
0.00916702, 0.05417262, 0.04741115
0.7548753, -0.47868282, -0.44828638
0.9174065, 0.79880646
-0.01075757, 0.05794315, 0.03764973
-0.7867977, -0.6164434, 0.02981658
0.96686381, 0.77590239
0.0120501, 0.05794318, 0.03764974
0.79119235, -0.60835594, 0.06210517
0.91032547, 0.77588178
0.00916705, 0.0175408, 0.03659882
0.73207802, 0.65083772, 0.20108646
0.96551889, 0.1248641
-0.01075753, 0.02016123, 0.02891266
-0.80147707, 0.40574357, 0.43925291
0.98419452, 0.07835799
-0.00843108, 0.01754079, 0.03659882
-0.76293224, 0.62416458, 0.16830958
0.96551889, 0.08377498
0.00916703, 0.02900841, 0.0539495
0.85937071, 0.01971496, -0.51094091
0.599024, 0.12367964
-0.00843111, 0.05417259, 0.04741115
-0.76851708, -0.46125674, -0.44334239
0.55539876, 0.18267816
0.00916702, 0.05417262, 0.04741115
0.7548753, -0.47868282, -0.44828638
0.599024, 0.18267822
0.00916705, 0.02120325, 0.04803981
0.83819085, 0.46031067, -0.29239783
0.93670857, 0.12487912
-0.00843109, 0.02120322, 0.0480398
-0.84734643, 0.45139927, -0.27961057
0.93670857, 0.08379
0.01205009, 0.04801719, 0.02012318
0.80986971, -0.20203254, 0.55067599
0.91018337, 0.73531491
-0.01075757, 0.05755583, 0.0293319
-0.79897457, -0.54826504, 0.24695578
0.96686381, 0.75649732
-0.01075757, 0.04801716, 0.02012318
-0.80941188, -0.20224616, 0.55125582
0.96672171, 0.7353355
0.01205009, 0.05755586, 0.0293319
0.79964596, -0.5472579, 0.2469863
0.91032547, 0.7564767
0.01205014, 0.02016125, 0.02891266
0.80004275, 0.39973143, 0.44730979
0.91021931, 0.8644831
-0.01075753, 0.03091392, 0.0212265
-0.77358317, 0.21262245, 0.59691155
0.96672267, 0.89092217
-0.01075753, 0.02016123, 0.02891266
-0.80147707, 0.40574357, 0.43925291
0.96675867, 0.8644831
-0.01083471, -0.00446191, -0.01358169
-0.61592454, 0.36616108, -0.69750053
0.40252835, 0.1909501
-0.01083471, -0.00068247, -0.00810412
-0.84655291, 0.25379193, -0.46784875
0.38897634, 0.19979066
0.01205009, 0.04801719, 0.02012318
0.80986971, -0.20203254, 0.55067599
0.91018474, 0.93093481
0.01205014, 0.03091395, 0.0212265
0.7739799, 0.21256141, 0.59642321
0.91018337, 0.89092217
0.00916705, 0.02120325, 0.04803981
0.83819085, 0.46031067, -0.29239783
0.599024, 0.10568553
-0.0084311, 0.02900839, 0.0539495
-0.8735618, 0.01397748, -0.48646504
0.55539876, 0.12367958
-0.01083474, 0.06252758, 0.06583341
-0.62660605, 0.43549913, 0.64625996
0.20609292, 0.34759402
-0.00843111, 0.05417259, 0.04741115
-0.76851708, -0.46125674, -0.44334239
0.25194564, 0.32800341
-0.0084311, 0.02900839, 0.0539495
-0.8735618, 0.01397748, -0.48646504
0.23565979, 0.26926863
0.01208963, -0.00446188, -0.01358169
0.61592454, 0.36616108, -0.69750053
0.196538, 0.8090625
0.01208965, -0.06514588, -0.00821573
0.99969482, 0.01532029, 0.01910459
0.18301776, 0.95073248
0.01208965, -0.06514585, -0.01358169
0.7317118, 0.07214576, -0.67775506
0.19631423, 0.95074922
-0.01083477, 0.19145322, -0.01714615
-0.57734919, 0.57731867, -0.57734919
0.4120782, 0.64836797
-0.01083476, 0.19145322, -0.00679452
-0.90450758, 0.30149236, -0.30149236
0.38644096, 0.64839861
0.01205014, 0.03091395, 0.0212265
0.7739799, 0.21256141, 0.59642321
0.11041902, 0.72635737
0.01205014, 0.02016125, 0.02891266
0.80004275, 0.39973143, 0.44730979
0.0913336, 0.75143903
0.01208963, -0.00068244, -0.00810413
0.84673607, 0.25339517, -0.46772668
0.18297891, 0.80022098
0.01208958, 0.1114358, -0.01714615
0.57731867, 0.57734919, -0.57734919
0.20579785, 0.53847227
0.01208958, 0.08185183, -0.00693818
0.90615559, -0.29709768, -0.3009125
0.18039413, 0.6075139
0.01208958, 0.08185183, -0.01714615
0.57734919, -0.57734919, -0.57734919
0.20568876, 0.60754585
0.01208959, 0.11279471, 0.02613664
0.82403028, 0.27530748, 0.49510178
0.09855116, 0.53516388
0.01208957, 0.11007583, 0.01661672
0.87820065, -0.30283517, 0.37012848
0.12213083, 0.54154181
0.01208958, 0.17365019, -0.00679452
0.90450758, -0.30149236, -0.30149236
0.18037665, 0.39317989
0.01208958, 0.17365019, -0.01714615
0.57734919, -0.57731867, -0.57734919
0.20602727, 0.39321232
0.01208958, 0.19145325, -0.00679452
0.90450758, 0.30149236, -0.30149236
0.18044229, 0.35161275
-0.01083475, 0.11143577, -0.01714615
-0.57734919, 0.57734919, -0.57734919
0.41178334, 0.46154094
-0.01083476, 0.0818518, -0.00693818
-0.90615559, -0.29728079, -0.30072939
0.38639286, 0.39249754
-0.01083475, 0.11143577, -0.00679452
-0.90450758, 0.30149236, -0.30149236
0.3861461, 0.46157151
-0.00551373, -0.00446188, 0.04465652
-0.73210853, -0.23612171, 0.63893551
0.25886527, 0.19105899
-0.00843108, 0.01754079, 0.03659882
-0.76293224, 0.62416458, 0.16830958
0.27858886, 0.24244243
-0.01075753, 0.02016123, 0.02891266
-0.80147707, 0.40574357, 0.43925291
0.29738435, 0.24856567
-0.01083476, 0.35482633, 0.00528591
-0.57734919, 0.57762384, -0.57704395
0.99903995, 0.88448536
-0.01083476, 0.34179533, 0.02518987
-0.71797848, -0.63112277, 0.29349652
0.96675867, 0.93093481
-0.01083476, 0.35481751, 0.0251966
-0.71803951, 0.63081759, 0.2939848
0.99903995, 0.93093037
-0.01083476, 0.35481751, 0.0251966
-0.71803951, 0.63081759, 0.2939848
0.91227269, 0.32714623
0.00697345, 0.35481751, 0.03012604
0.28995636, 0.63161105, 0.71898556
0.95641863, 0.33863419
0.01208957, 0.35481751, 0.0251966
0.71565902, 0.62855923, 0.30448318
0.96910131, 0.32714003
0.01208957, 0.35482633, 0.00528591
0.57734919, 0.57762384, -0.57704395
0.96547759, 0.23424864
0.01208957, 0.34179533, 0.02518987
0.71556747, -0.62889493, 0.30396435
0.99775881, 0.28072006
0.01208957, 0.34180412, 0.00527918
0.90859705, 0.30396435, -0.28635517
0.99775881, 0.23425078
0.00697345, 0.34179533, 0.03011931
0.28992584, -0.63197732, 0.71868038
0.66563874, 0.10930347
0.01208957, 0.35481751, 0.0251966
0.71565902, 0.62855923, 0.30448318
0.69877982, 0.12126815
0.00697345, 0.35481751, 0.03012604
0.28995636, 0.63161105, 0.71898556
0.69781911, 0.10929835
0.01208957, 0.34137064, 0.01636755
0.57942444, 0.5648976, 0.5874508
0.54357636, 0.12560636
-0.01083476, 0.34137064, 0.01636756
-0.57942444, 0.5648976, 0.5874508
0.4867478, 0.12561476
0.01208957, 0.34179533, 0.02518987
0.71556747, -0.62889493, 0.30396435
0.77507609, 0.22922695
0.00697345, 0.34179533, 0.03011931
0.28992584, -0.63197732, 0.71868038
0.78775859, 0.24073631
-0.01083476, 0.34179533, 0.02518987
-0.71797848, -0.63112277, 0.29349652
0.8319037, 0.22923195
0.01208957, 0.34180412, 0.00527918
0.90859705, 0.30396435, -0.28635517
0.9571234, 0.51813018
-0.01083476, 0.35482633, 0.00528591
-0.57734919, 0.57762384, -0.57704395
0.98940033, 0.57165533
0.01208957, 0.35482633, 0.00528591
0.57734919, 0.57762384, -0.57704395
0.98940033, 0.51813018
-0.01083476, 0.35481751, 0.0251966
-0.71803951, 0.63081759, 0.2939848
0.69877988, 0.06774312
-0.00599064, 0.34179533, 0.03011931
-0.30042422, -0.6297189, 0.71636099
0.66563886, 0.07903415
-0.00599064, 0.35481751, 0.03012604
-0.30045474, 0.62935269, 0.71666616
0.69781917, 0.07902902
-0.00188331, 0.34261093, 0.02435203
0.76387829, 0.59569079, 0.24817652
0.75032103, 0.18129075
-0.00341689, 0.34261093, 0.01963214
0.47209081, 0.59569079, -0.64980012
0.75755101, 0.19064671
-0.00837968, 0.34261093, 0.01963214
-0.47209081, 0.59569079, -0.64980012
0.76924944, 0.18706018
0.00705465, 0.23307785, 0.02738693
0.0, 0.24491104, 0.96951199
0.79616743, 0.28036094
0.01106963, 0.21770367, 0.03193498
0.73940247, -0.51524401, 0.43330181
0.7862336, 0.24374032
0.01106963, 0.23307785, 0.02446987
0.96591085, 0.08246101, 0.24527726
0.78619909, 0.28089595
-0.00188331, 0.34261093, 0.02435203
0.76387829, 0.59569079, 0.24817652
0.89183593, 1.0
-0.00341689, 0.23270348, 0.01963214
0.58775598, 0.0, -0.80901515
0.87989831, 0.74337363
-0.00341689, 0.34261093, 0.01963214
0.47209081, 0.59569079, -0.64980012
0.88003039, 0.99998908
-0.00589828, 0.34261093, 0.02726909
0.0, 0.59569079, 0.80318612
0.71007979, 0.46331227
-0.00188331, 0.23270348, 0.02435203
0.96591085, 0.08246101, 0.24527726
0.700077, 0.20802271
-0.00188331, 0.34261093, 0.02435203
0.76387829, 0.59569079, 0.24817652
0.70011145, 0.46384728
-0.00991326, 0.34261093, 0.02435203
-0.76387829, 0.59569079, 0.24817652
0.72001743, 0.46384805
-0.00589828, 0.23270348, 0.02726909
0.0, 0.24491104, 0.96951199
0.71004534, 0.2074877
-0.00837968, 0.34261093, 0.01963214
-0.47209081, 0.59569079, -0.64980012
0.78053534, 0.53671312
-0.00991326, 0.23270348, 0.02435203
-0.96591085, 0.08246101, 0.24527726
0.76879364, 0.28010869
-0.00991326, 0.34261093, 0.02435203
-0.76387829, 0.59569079, 0.24817652
0.76868105, 0.53672421
-0.00341689, 0.34261093, 0.01963214
0.47209081, 0.59569079, -0.64980012
0.93670833, 0.71695057
-0.00837968, 0.23270348, 0.01963214
-0.58775598, 0.0, -0.80901515
0.92440575, 0.46036661
-0.00837968, 0.34261093, 0.01963214
-0.47209081, 0.59569079, -0.64980012
0.92440569, 0.71695051
-0.00188331, 0.21732929, 0.03181713
0.73940247, -0.51524401, 0.43330181
0.70011151, 0.17086709
0.01106963, 0.3429853, 0.02446987
0.95104831, 0.0, 0.3089999
0.73197359, 0.46384805
0.00953604, 0.23307785, 0.01974998
0.58775598, 0.0, -0.80901515
0.72003597, 0.20722163
0.00953604, 0.3429853, 0.01974998
0.58775598, 0.0, -0.80901515
0.72016805, 0.46383715
0.00705465, 0.3429853, 0.02738693
0.0, 0.0, 1.0
0.79620194, 0.53618553
0.01106963, 0.3429853, 0.02446987
0.95104831, 0.0, 0.3089999
0.7862336, 0.53672063
0.00303967, 0.3429853, 0.02446987
-0.95104831, 0.0, 0.3089999
0.80613959, 0.53672135
0.00457326, 0.3429853, 0.01974998
-0.58775598, 0.0, -0.80901515
0.83635437, 0.53671029
0.00303967, 0.23307785, 0.02446987
-0.96591085, 0.08246101, 0.24527726
0.82461226, 0.28010589
0.00303967, 0.3429853, 0.02446987
-0.95104831, 0.0, 0.3089999
0.82450008, 0.53672135
0.00953604, 0.3429853, 0.01974998
0.58775598, 0.0, -0.80901515
0.54357535, 0.24467808
0.00457326, 0.23307785, 0.01974998
-0.58775598, 0.0, -0.80901515
0.55587798, 0.50126201
0.00457326, 0.3429853, 0.01974998
-0.58775598, 0.0, -0.80901515
0.55587798, 0.24467802
-0.00837968, 0.21732929, 0.01963213
-0.5200659, -0.59508044, -0.6126591
0.97334939, 0.62816834
-0.00188331, 0.21732929, 0.03181713
0.73940247, -0.51524401, 0.43330181
0.95724827, 0.65661538
-0.00991326, 0.21732929, 0.03181713
-0.73940247, -0.51524401, 0.43330181
0.9771539, 0.65661538
0.00457326, 0.21770367, 0.01974997
-0.5200659, -0.59508044, -0.6126591
0.97322452, 0.43075264
0.01106963, 0.21770367, 0.03193498
0.73940247, -0.51524401, 0.43330181
0.9571234, 0.45919967
0.00303967, 0.21770367, 0.03193498
-0.73940247, -0.51524401, 0.43330181
0.97702903, 0.45919967
-0.00341689, 0.23270348, 0.01963214
0.58775598, 0.0, -0.80901515
0.93670833, 0.46036661
-0.00837968, 0.21732929, 0.01963213
-0.5200659, -0.59508044, -0.6126591
0.92440575, 0.4244749
0.00953604, 0.23307785, 0.01974998
0.58775598, 0.0, -0.80901515
0.54357541, 0.50126204
0.00457326, 0.21770367, 0.01974997
-0.5200659, -0.59508044, -0.6126591
0.55587798, 0.53715375
-0.00991326, 0.21732929, 0.03181713
-0.73940247, -0.51524401, 0.43330181
0.72001743, 0.17086786
-0.00589828, 0.21732929, 0.03473419
0.0, -0.42463455, 0.90533161
0.71007985, 0.17033213
0.00303967, 0.21770367, 0.03193498
-0.73940247, -0.51524401, 0.43330181
0.80613953, 0.2437411
0.00705465, 0.21770367, 0.03485204
0.0, -0.42463455, 0.90533161
0.79620194, 0.24320537
-0.00188331, 0.23270348, 0.02435203
0.96591085, 0.08246101, 0.24527726
0.89170384, 0.7433846
-0.00341689, 0.21732929, 0.01963213
0.5200659, -0.59508044, -0.6126591
0.87987977, 0.70747751
-0.00837968, 0.21732929, 0.01963213
-0.5200659, -0.59508044, -0.6126591
0.78066367, 0.24420154
-0.00991326, 0.21732929, 0.03181713
-0.73940247, -0.51524401, 0.43330181
0.75032103, 0.24420154
0.01106963, 0.23307785, 0.02446987
0.96591085, 0.08246101, 0.24527726
0.7318415, 0.20723265
0.00953604, 0.21770367, 0.01974997
0.5200659, -0.59508044, -0.6126591
0.72001749, 0.1713255
0.00457326, 0.21770367, 0.01974997
-0.5200659, -0.59508044, -0.6126591
0.83648223, 0.2441988
0.00303967, 0.21770367, 0.03193498
-0.73940247, -0.51524401, 0.43330181
0.80613959, 0.2441988
-0.01083476, 0.08185181, 0.01637428
-0.83520007, 0.26288643, 0.48301646
0.96701193, 0.79883233
-0.01083476, 0.0818518, -0.00693818
-0.90615559, -0.29728079, -0.30072939
0.99231422, 0.81095675
-0.01083476, 0.34137064, 0.01636756
-0.57942444, 0.5648976, 0.5874508
0.32962945, 0.99849872
-0.01083476, 0.34180412, 0.00527918
-0.90859705, 0.30396435, -0.28635517
0.35709289, 0.99947812
-0.01083476, 0.2087239, 0.01636083
-0.73345137, 0.07681509, 0.67534411
0.32915726, 0.68879122
-0.01083476, 0.17733924, 0.02359653
-0.68663597, 0.09634694, 0.72054201
0.3111214, 0.61553475
-0.01083477, 0.34204298, -0.00679452
-0.57631153, 0.58354443, -0.57209998
0.38699594, 1.0
-0.01083476, 0.11166015, 0.02412903
-0.81698048, -0.56096071, -0.13345744
0.30956057, 0.46218687
0.00841081, 0.54120076, -0.01152413
0.68623918, 0.60997343, -0.3961913
0.5614152, 0.09547693
0.00082522, 0.54120076, -0.01590367
0.0, 0.60997343, -0.7923826
0.58021963, 0.10568553
0.00082522, 0.54120076, 0.00161451
0.0, 0.60997343, 0.7923826
0.58021963, 0.06484264
0.00841081, 0.19117406, -0.01152413
0.68623918, -0.60997343, -0.3961913
0.62760144, 0.1021958
0.00082522, 0.19117406, 0.00161451
0.0, -0.60997343, 0.7923826
0.66520846, 0.10219121
-0.00676037, 0.19117406, -0.00276504
-0.68623918, -0.60997343, 0.3961913
0.66520846, 0.08174169
-0.00676037, 0.19117406, -0.00276504
-0.68623918, -0.60997343, 0.3961913
0.6366328, 0.18526512
-0.00676037, 0.19117406, -0.01152412
-0.68623918, -0.60997343, -0.3961913
0.87987977, 0.18274647
0.00841081, 0.19117406, -0.01152413
0.68623918, -0.60997343, -0.3961913
0.599024, 0.18267822
0.00841081, 0.19117406, -0.00276504
0.68623918, -0.60997343, 0.3961913
0.83648229, 1.0
0.01208957, 0.34204298, -0.00679452
0.57631153, 0.58354443, -0.57209998
0.75032097, 0.99999993
0.01208958, 0.17365019, -0.00679452
0.90450758, -0.30149236, -0.30149236
0.700077, 0.46384805
0.01208958, 0.19145325, -0.00679452
0.90450758, 0.30149236, -0.30149236
0.99248779, 0.74529731
-0.00885028, 0.11143577, -0.00679452
-0.57734919, 0.57734919, -0.57734919
0.56079745, 0.39191151
-0.00571006, 0.17365018, -0.01495172
-0.23987548, -0.81240273, -0.53144932
0.95724827, 0.71691546
0.00735702, 0.17365018, -0.01495172
0.24961089, -0.81939149, -0.51597643
0.9571234, 0.42639518
0.00735702, 0.11143579, -0.01495172
0.24961089, 0.81939149, -0.51597643
0.91227269, 0.19339538
-0.00843935, 0.17365016, -0.03947635
-0.67882323, -0.60658592, -0.41376996
0.96910125, 0.33863765
-0.01457814, 0.21638836, -0.04270485
-0.85793632, -0.13626514, -0.4953154
0.41207826, 0.9191701
-0.00702558, 0.10056251, -0.0296751
-0.85232091, 0.17715995, 0.49208045
0.50549239, 0.88621373
0.00799008, 0.10056251, -0.0296751
0.85232091, 0.17715995, 0.49208045
0.78206635, 0.6489681
0.00799008, 0.10056251, -0.03834439
0.85232091, 0.17715995, -0.49208045
0.46802419, 0.64860165
0.01384671, 0.24984834, -0.02629377
-0.68623918, 0.60997343, -0.3961913
0.78097892, 0.47431588
-0.01457813, 0.25086838, -0.02531462
-0.68623918, 0.60997343, 0.3961913
0.83648223, 0.53673032
0.01554264, 0.25086838, -0.04270487
0.68623918, 0.60997343, -0.3961913
0.75032103, 1.0
0.01554264, 0.25086838, -0.02531463
0.68623918, 0.60997343, 0.3961913
0.56141508, 0.53716546
-0.01190341, 0.05246479, -0.02685888
-0.68623918, -0.60997343, 0.3961913
0.49338552, 0.99868272
-0.01190341, 0.05246479, -0.04116061
-0.68623918, -0.60997343, -0.3961913
0.79694992, 0.9999927
0.01286791, 0.05246479, -0.04116062
0.68623918, -0.60997343, -0.3961913
0.48011622, 0.53642371
0.01286791, 0.05246479, -0.02685889
0.68623918, -0.60997343, 0.3961913
0.78939444, 0.53672418
-0.00843934, 0.11143577, -0.03918733
-0.67467266, 0.60481584, -0.42301705
0.9927575, 0.93093481
-0.00843935, 0.18603852, -0.03947635
-0.67882323, 0.60658592, -0.41376996
0.95724827, 0.62375057
0.00983974, 0.17365018, -0.03947635
0.67882323, -0.60658592, -0.41376996
0.98783344, 0.46601403
0.00983974, 0.10105011, -0.03918733
0.67467266, -0.60481584, -0.42301705
0.48195103, 0.06647575
0.00983974, 0.10105011, -0.03918733
0.67467266, -0.60481584, -0.42301705
0.46027493, 0.30110943
0.01208958, 0.17365019, -0.01714615
0.57734919, -0.57731867, -0.57734919
0.41207835, 0.06439209
0.00983974, 0.18603854, -0.01714615
0.30149236, 0.30149236, -0.90450758
0.44278449, 0.06964517
0.00983974, 0.17365018, -0.01714615
0.30149236, -0.90450758, -0.30149236
0.41207826, 0.06964517
-0.00843934, 0.17365016, -0.01714615
-0.30149236, -0.90450758, -0.30149236
0.41207826, 0.1123243
-0.01083476, 0.17365016, -0.01714615
-0.57734919, -0.57734919, -0.57734919
0.41207826, 0.11791724
0.00070019, 0.18603852, -0.04418816
0.0, 0.61702323, -0.78691977
0.95936495, 0.3633135
0.00983974, 0.18603854, -0.01714615
0.30149236, 0.30149236, -0.90450758
0.98202151, 0.42635846
-0.01083475, 0.11143577, -0.01714615
-0.57734919, 0.57734919, -0.57734919
0.93670839, 0.36277211
-0.01083475, 0.11143577, -0.00679452
-0.90450758, 0.30149236, -0.30149236
0.93670839, 0.33863765
-0.00885028, 0.11143577, -0.01139158
-0.56617939, 0.79598379, -0.2140263
0.93178892, 0.34935606
-0.00885028, 0.11143577, -0.00679452
-0.57734919, 0.57734919, -0.57734919
0.93178892, 0.33863819
0.0007002, 0.11143579, -0.04361012
0.0, 0.6209296, -0.78383738
0.90811366, 0.4244749
-0.00843934, 0.11143577, -0.03918733
-0.67467266, 0.60481584, -0.42301705
0.93077022, 0.41416091
0.00983974, 0.11143579, -0.03918733
0.67467266, 0.60481584, -0.42301705
0.88545704, 0.41416574
-0.00843934, 0.11143577, -0.01714615
-0.30149236, 0.90450758, -0.30149236
0.93077022, 0.3627727
-0.00571006, 0.11143579, -0.01495172
-0.23987548, 0.81240273, -0.53144932
0.92400444, 0.35765719
0.01208958, 0.1114358, -0.00679452
0.90450758, 0.30149236, -0.30149236
0.87987983, 0.33864373
0.01208958, 0.1114358, -0.01714615
0.57731867, 0.57734919, -0.57734919
0.87987977, 0.36277819
0.0101751, 0.11143579, -0.00679452
0.57731867, 0.57734919, -0.57734919
0.88462573, 0.33864325
0.01208958, 0.17365019, -0.00679452
0.90450758, -0.30149236, -0.30149236
0.54357535, 0.12561989
0.0101751, 0.17365018, -0.00679452
0.57734919, -0.57731867, -0.57734919
0.53882951, 0.12561941
0.0101751, 0.17365018, -0.01139158
0.58018738, -0.78902555, -0.2018189
0.53882957, 0.1363517
0.01208958, 0.17365019, -0.01714615
0.57734919, -0.57731867, -0.57734919
0.54357535, 0.14978671
0.00070019, 0.17365018, -0.04418816
0.0, -0.61702323, -0.78691977
0.51534206, 0.21291637
0.00983974, 0.17365018, -0.03947635
0.67882323, -0.60658592, -0.41376996
0.5379982, 0.20191818
-0.00843935, 0.17365016, -0.03947635
-0.67882323, -0.60658592, -0.41376996
0.49268585, 0.20191413
0.00983974, 0.17365018, -0.01714615
0.30149236, -0.90450758, -0.30149236
0.5379982, 0.14978623
0.00735702, 0.17365018, -0.01495172
0.24961089, -0.81939149, -0.51597643
0.53184372, 0.14466262
-0.01083475, 0.17365016, -0.00679452
-0.90450758, -0.30149236, -0.30149236
0.4867478, 0.12561476
-0.01083476, 0.17365016, -0.01714615
-0.57734919, -0.57734919, -0.57734919
0.4867478, 0.14978164
-0.00885028, 0.17365016, -0.00679452
-0.57734919, -0.57734919, -0.57734919
0.49166715, 0.12561524
-0.01083475, 0.0818518, -0.01714615
-0.57734919, -0.57734919, -0.57734919
0.96701205, 1.0
-0.01083475, 0.11143577, -0.01714615
-0.57734919, 0.57734919, -0.57734919
0.96701205, 0.93093486
-0.00843934, 0.11143577, -0.01714615
-0.30149236, 0.90450758, -0.30149236
0.96107394, 0.93093486
0.00983974, 0.11143579, -0.01714615
0.30149236, 0.90450758, -0.30149236
0.91576064, 0.93093485
0.01208958, 0.1114358, -0.01714615
0.57731867, 0.57734919, -0.57734919
0.91018337, 0.93093481
-0.00843934, 0.10105011, -0.01714615
-0.30149236, -0.30149236, -0.90450758
0.93670857, 0.13161063
0.0007002, 0.10105011, -0.04361012
0.0, -0.6209296, -0.78383738
0.95936477, 0.19339532
0.01384671, 0.24984834, -0.04172572
-0.68623918, 0.60997343, 0.3961913
0.6321162, 0.18445837
0.00048225, 0.24984834, -0.04944169
0.0, 0.60997343, 0.7923826
0.66520846, 0.16641086
0.00048225, 0.24984834, -0.0185778
0.0, 0.60997343, -0.7923826
0.59902406, 0.13046575
-0.0128822, 0.24984834, -0.02629377
0.68623918, 0.60997343, -0.3961913
0.69406486, 0.28258902
-0.01288221, 0.24984834, -0.04172571
0.68623918, 0.60997343, 0.3961913
0.56079745, 0.39191115
0.01384671, 0.24984834, -0.04172572
-0.68623918, 0.60997343, 0.3961913
0.46628702, 0.3011089
0.01121404, 0.05387003, -0.04020575
-0.68623918, -0.60997343, 0.3961913
0.91227275, 0.26625776
0.00048225, 0.05387003, -0.02161774
0.0, -0.60997343, -0.7923826
0.96547765, 0.26625127
-0.01024954, 0.05387003, -0.04020575
0.68623918, -0.60997343, 0.3961913
0.9388752, 0.22285777
-0.01024954, 0.05387003, -0.02781374
0.68623918, -0.60997343, -0.3961913
0.48674676, 0.53642374
-0.01024954, 0.05387003, -0.04020575
0.68623918, -0.60997343, 0.3961913
0.69659352, 0.2896837
0.01121404, 0.05387003, -0.04020575
-0.68623918, -0.60997343, 0.3961913
0.55732471, 0.27938861
0.01121404, 0.05387003, -0.02781375
-0.68623918, -0.60997343, -0.3961913
0.4602749, 0.27220303
0.00481134, 0.1208019, -0.00942567
0.25101474, 0.34977263, 0.90255439
0.69346863, 0.1878823
0.01715176, 0.1208019, -0.00779732
-0.85912657, 0.44297618, 0.25617236
0.82819301, 0.09537572
0.00481134, 0.11383811, -0.00942567
0.25101474, -0.34977263, 0.90255439
0.83648217, 0.06751972
-0.01083475, 0.07069738, 0.03452202
-0.87292093, 0.27838984, 0.40058595
0.75690562, 0.17029601
-0.00551374, 0.01788463, 0.06110489
-0.56251717, -0.32493058, 0.76024657
0.49998069, 0.39705038
-0.00551372, -0.04360361, 0.04465652
-0.85326701, 0.45649585, 0.25199133
0.95724827, 0.70452383
0.01208963, -0.00068244, -0.00810413
0.84673607, 0.25339517, -0.46772668
0.48297134, 0.48288149
0.01208966, -0.08359772, -0.01755545
0.56700337, -0.51750237, -0.64082766
0.69348198, 0.46615446
-0.01083469, -0.04360361, 0.05605831
-0.70003355, 0.55778682, 0.44581437
0.69346857, 0.28785062
0.01208966, -0.08359772, -0.01755545
0.56700337, -0.51750237, -0.64082766
0.20609289, 0.99384367
-0.01083467, -0.08633688, 0.05877777
-0.56752223, -0.56593525, 0.59797966
0.22301857, 0.0
-0.01083469, -0.06514588, 0.05605831
-0.74050111, 0.10571612, 0.66365552
0.22983177, 0.04946935
-0.01083469, -0.06514588, -0.01358169
-0.7317118, 0.07214576, -0.67775506
0.40230471, 0.04926342
-0.01083471, -0.00068247, -0.00810412
-0.84655291, 0.25379193, -0.46784875
0.41207826, 0.34378862
-0.01083476, 0.11279471, 0.02613664
-0.82403028, 0.27530748, 0.49510178
0.77003002, 0.19067651
-0.01083476, 0.08185181, 0.01637428
-0.83520007, 0.26288643, 0.48301646
0.84297001, 0.12907815
-0.01083476, 0.11007582, 0.01661673
-0.87820065, -0.30283517, 0.37012848
0.87987977, 0.18271708
0.01015352, 0.1151503, 0.03974415
0.57780695, -0.56608784, 0.58790857
0.93670857, 0.11538577
-0.00928874, 0.11515029, 0.03974415
-0.57780695, -0.56608784, 0.58790857
0.41207829, 0.34378237
-0.00928874, 0.11477023, 0.02356134
-0.70500809, -0.70897549, 0.01663259
0.87987977, 0.56597513
0.01015352, 0.17560261, 0.03887907
0.57686085, 0.58839685, 0.56654561
0.91998899, 0.70747751
-0.00928874, 0.1756026, 0.03887907
-0.57686085, 0.58839685, 0.56654561
0.77507609, 0.07056862
0.0120896, 0.10719988, 0.03440094
0.61549729, 0.37055573, 0.69554734
0.41207826, 0.20290405
-0.01083476, 0.1055613, 0.03174867
-0.81844538, -0.24927518, -0.51762444
0.93670857, 0.11539489
-0.01083477, 0.34204298, -0.00679452
-0.57631153, 0.58354443, -0.57209998
0.48674887, 0.07169795
0.00670411, 0.01788463, 0.06110489
0.57573169, -0.32059693, 0.75212866
0.01193833, 0.75671691
0.00916703, 0.02900841, 0.0539495
0.85937071, 0.01971496, -0.51094091
0.02953337, 0.73073807
0.00670411, -0.00446188, 0.04465652
0.73277992, -0.23075046, 0.64012575
0.05261384, 0.80894373
0.00916705, 0.0175408, 0.03659882
0.73207802, 0.65083772, 0.20108646
0.07248485, 0.75756733
0.00916705, 0.02120325, 0.04803981
0.83819085, 0.46031067, -0.29239783
0.04414838, 0.74898028
0.01208959, 0.11166015, 0.02412902
0.81698048, -0.56096071, -0.13345744
0.10352171, 0.53781918
0.01208959, 0.1055613, 0.03174867
0.81844538, -0.24927518, -0.51762444
0.08461828, 0.55203509
0.0120896, 0.10719988, 0.03440094
0.61549729, 0.37055573, 0.69554734
0.07805216, 0.54820096
0.0120501, 0.05794318, 0.03764974
0.79119235, -0.60835594, 0.06210517
0.06982308, 0.66319728
0.01205009, 0.05755586, 0.0293319
0.79964596, -0.5472579, 0.2469863
0.09043266, 0.66412768
0.01208959, 0.07215092, 0.0318092
0.961272, 0.24036378, -0.13476974
0.08434507, 0.63004246
-0.00843111, 0.05417259, 0.04741115
-0.76851708, -0.46125674, -0.44334239
0.96103084, 0.79882239
0.01205014, 0.02016125, 0.02891266
0.80004275, 0.39973143, 0.44730979
0.98419446, 0.13161063
-0.01075757, 0.04801716, 0.02012318
-0.80941188, -0.20224616, 0.55125582
0.96672404, 0.93093477
-0.00843109, 0.02120322, 0.0480398
-0.84734643, 0.45139927, -0.27961057
0.55539876, 0.10568553
-0.01083475, 0.10719988, 0.03440094
-0.61549729, 0.37055573, 0.69554734
0.28410435, 0.45180327
-0.01083476, 0.1055613, 0.03174867
-0.81844538, -0.24927518, -0.51762444
0.290667, 0.44796962
-0.01083475, 0.07069738, 0.03452202
-0.87292093, 0.27838984, 0.40058595
0.28366995, 0.36657649
-0.01083476, 0.07215092, 0.0318092
-0.96148562, 0.23905149, -0.13559374
0.29039395, 0.36996222
-0.01075757, 0.05755583, 0.0293319
-0.79897457, -0.54826504, 0.24695578
0.29648381, 0.33587694
-0.00551374, 0.01788463, 0.06110489
-0.56251717, -0.32493058, 0.76024657
0.21821101, 0.24328297
-0.00843109, 0.02120322, 0.0480398
-0.84734643, 0.45139927, -0.27961057
0.25026721, 0.25102741
-0.01075757, 0.05794315, 0.03764973
-0.7867977, -0.6164434, 0.02981658
0.27588505, 0.33680588
-0.01083476, 0.17365016, -0.01714615
-0.57734919, -0.57734919, -0.57734919
0.41201261, 0.60680088
0.01208958, 0.1114358, -0.00679452
0.90450758, 0.30149236, -0.30149236
0.18014723, 0.53843984
0.01208958, 0.08185183, 0.01637428
0.83501697, 0.26349682, 0.48298594
0.12262748, 0.60744086
0.00670413, -0.04360361, 0.04465652
0.85241246, 0.45823541, 0.25168616
0.0524695, 0.90033302
0.01208965, -0.04360361, 0.05605831
0.70116276, 0.55760366, 0.44425794
0.02383065, 0.90023363
0.01205009, 0.04801719, 0.02012318
0.80986971, -0.20203254, 0.55067599
0.11321604, 0.68642768
0.01208957, 0.34204298, -0.00679452
0.57631153, 0.58354443, -0.57209998
0.18099758, 1.132e-05
0.01208957, 0.34180412, 0.00527918
0.90859705, 0.30396435, -0.28635517
0.15107892, 0.0005312
0.01208957, 0.20872393, 0.01636082
0.73345137, 0.07681509, 0.67534411
0.12312867, 0.31121612
0.01208957, 0.17733926, 0.02359653
0.68663597, 0.09634694, 0.72054201
0.10508336, 0.38447136
0.01208957, 0.34137064, 0.01636755
0.57942444, 0.5648976, 0.5874508
0.12360113, 0.00150859
0.01208957, 0.19145325, -0.01714615
0.57734919, 0.57734919, -0.57734919
0.20609292, 0.35164517
-0.01083475, 0.0818518, -0.01714615
-0.57734919, -0.57734919, -0.57734919
0.41167429, 0.39246738
-0.01083476, 0.08185181, 0.01637428
-0.83520007, 0.26288643, 0.48301646
0.32865638, 0.3925665
-0.01075757, 0.04801716, 0.02012318
-0.80941188, -0.20224616, 0.55125582
0.31925535, 0.31357855
-0.00551372, -0.04360361, 0.04465652
-0.85326701, 0.45649585, 0.25199133
0.25872102, 0.09966975
-0.01083469, -0.04360361, 0.05605831
-0.70003355, 0.55778682, 0.44581437
0.22991116, 0.09976685
-0.01075753, 0.03091392, 0.0212265
-0.77358317, 0.21262245, 0.59691155
0.31645977, 0.27364868
-0.01083476, 0.34180412, 0.00527918
-0.90859705, 0.30396435, -0.28635517
0.96675873, 0.8844898
0.01208957, 0.35482633, 0.00528591
0.57734919, 0.57762384, -0.57704395
0.96910131, 0.28072006
-0.01083476, 0.35482633, 0.00528591
-0.57734919, 0.57762384, -0.57704395
0.91227269, 0.28072631
-0.00599064, 0.35481751, 0.03012604
-0.30045474, 0.62935269, 0.71666616
0.92428112, 0.33863765
0.01208957, 0.35481751, 0.0251966
0.71565902, 0.62855923, 0.30448318
0.96547765, 0.28071791
0.01208957, 0.34179533, 0.02518987
0.71556747, -0.62889493, 0.30396435
0.66659939, 0.12127328
-0.01083476, 0.34180412, 0.00527918
-0.90859705, 0.30396435, -0.28635517
0.8319037, 0.18274826
0.01208957, 0.34180412, 0.00527918
0.90859705, 0.30396435, -0.28635517
0.77507609, 0.18274331
-0.00599064, 0.34179533, 0.03011931
-0.30042422, -0.6297189, 0.71636099
0.81989551, 0.24073905
-0.01083476, 0.34180412, 0.00527918
-0.90859705, 0.30396435, -0.28635517
0.9571234, 0.57165533
-0.01083476, 0.34179533, 0.02518987
-0.71797848, -0.63112277, 0.29349652
0.66659945, 0.06774825
-0.00991326, 0.34261093, 0.02435203
-0.76387829, 0.59569079, 0.24817652
0.76924944, 0.17548758
-0.00589828, 0.34261093, 0.02726909
0.0, 0.59569079, 0.80318612
0.75755101, 0.17192191
-0.00991326, 0.23270348, 0.02435203
-0.96591085, 0.08246101, 0.24527726
0.71998298, 0.20802349
-0.00837968, 0.23270348, 0.01963214
-0.58775598, 0.0, -0.80901515
0.78064793, 0.28009766
0.00303967, 0.23307785, 0.02446987
-0.96591085, 0.08246101, 0.24527726
0.80610508, 0.28089672
0.00457326, 0.23307785, 0.01974998
-0.58775598, 0.0, -0.80901515
0.83646655, 0.28009486
-0.00589828, 0.21732929, 0.03473419
0.0, -0.42463455, 0.90533161
0.96720177, 0.66342553
-0.00341689, 0.21732929, 0.01963213
0.5200659, -0.59508044, -0.6126591
0.96104699, 0.62816834
0.00705465, 0.21770367, 0.03485204
0.0, -0.42463455, 0.90533161
0.9670769, 0.46600986
0.00953604, 0.21770367, 0.01974997
0.5200659, -0.59508044, -0.6126591
0.96092218, 0.43075264
-0.00341689, 0.21732929, 0.01963213
0.5200659, -0.59508044, -0.6126591
0.93670833, 0.4244749
0.00953604, 0.21770367, 0.01974997
0.5200659, -0.59508044, -0.6126591
0.54357541, 0.53715378
-0.00188331, 0.21732929, 0.03181713
0.73940247, -0.51524401, 0.43330181
0.91018337, 0.70747751
0.01106963, 0.21770367, 0.03193498
0.73940247, -0.51524401, 0.43330181
0.75032103, 0.1713255
# Number of Faces:
489
# Face Data:
0, 1, 2
3, 4, 5
6, 7, 8
9, 10, 11
12, 13, 14
15, 16, 17
18, 19, 20
21, 22, 23
23, 24, 25
26, 27, 28
17, 29, 30
31, 32, 33
34, 35, 36
37, 38, 39
40, 41, 42
43, 44, 45
46, 47, 48
49, 50, 51
52, 50, 53
54, 55, 56
57, 48, 58
59, 60, 61
62, 63, 60
64, 65, 66
67, 68, 69
66, 70, 64
71, 72, 73
74, 75, 76
77, 67, 74
78, 79, 80
81, 82, 66
83, 84, 85
73, 86, 71
76, 83, 74
74, 85, 77
80, 87, 78
66, 88, 81
89, 90, 91
92, 93, 87
65, 94, 88
65, 95, 96
97, 98, 86
99, 100, 83
68, 101, 69
102, 103, 79
82, 104, 105
82, 106, 70
72, 107, 108
75, 69, 109
110, 111, 112
113, 114, 103
104, 115, 105
105, 116, 106
107, 117, 108
69, 118, 109
119, 120, 121
122, 123, 124
125, 126, 127
128, 129, 130
131, 38, 132
133, 134, 135
136, 137, 138
139, 140, 141
142, 143, 144
145, 146, 147
148, 149, 150
151, 152, 153
153, 154, 155
155, 156, 157
158, 156, 159
160, 159, 161
160, 162, 151
163, 164, 165
166, 167, 164
168, 167, 169
170, 171, 168
172, 173, 170
163, 174, 172
175, 176, 177
91, 178, 179
180, 181, 182
183, 184, 185
186, 187, 183
188, 189, 190
191, 192, 193
194, 195, 110
196, 197, 198
199, 200, 201
201, 202, 203
204, 205, 206
207, 208, 209
209, 210, 207
207, 211, 208
207, 212, 211
207, 210, 212
213, 214, 215
216, 217, 218
219, 220, 221
222, 223, 219
224, 225, 226
213, 227, 214
216, 228, 217
219, 223, 220
226, 225, 229
215, 214, 230
231, 232, 233
234, 232, 231
235, 236, 237
238, 239, 240
233, 232, 241
242, 243, 244
245, 246, 247
248, 247, 245
249, 250, 251
246, 252, 247
249, 253, 254
255, 256, 257
234, 258, 232
259, 260, 261
262, 263, 264
263, 265, 266
266, 267, 268
269, 270, 271
272, 273, 274
275, 276, 277
278, 279, 280
281, 282, 283
284, 285, 286
287, 288, 272
289, 290, 291
292, 293, 294
283, 295, 296
297, 298, 299
300, 301, 302
303, 302, 304
305, 306, 307
308, 309, 310
311, 312, 313
314, 315, 316
317, 318, 319
320, 321, 322
323, 324, 325
326, 327, 328
329, 330, 331
332, 333, 334
335, 336, 337
338, 316, 339
340, 341, 342
343, 344, 345
346, 347, 348
349, 350, 351
352, 353, 354
355, 351, 356
357, 358, 359
360, 347, 358
361, 362, 363
364, 292, 365
366, 362, 367
368, 369, 352
370, 371, 372
373, 374, 375
376, 6, 377
378, 379, 380
381, 382, 383
384, 385, 386
387, 388, 386
389, 390, 391
392, 393, 394
395, 396, 397
398, 399, 400
401, 402, 403
404, 405, 406
407, 341, 408
409, 410, 411
412, 413, 414
415, 416, 417
416, 406, 417
418, 419, 420
421, 422, 423
424, 425, 426
427, 428, 429
430, 431, 427
432, 433, 434
435, 436, 437
431, 438, 428
439, 440, 441
442, 423, 443
444, 421, 442
445, 446, 447
448, 449, 450
451, 452, 453
454, 455, 456
457, 458, 436
459, 460, 449
431, 461, 462
421, 463, 464
465, 466, 425
433, 467, 468
469, 470, 440
446, 471, 472
0, 473, 1
3, 474, 4
475, 476, 477
377, 6, 478
476, 479, 477
8, 478, 6
477, 479, 377
6, 391, 7
7, 480, 8
478, 477, 377
11, 481, 482
482, 9, 11
10, 483, 11
14, 484, 12
12, 485, 486
486, 13, 12
15, 487, 16
18, 488, 19
21, 489, 22
23, 22, 24
26, 490, 27
17, 16, 29
31, 491, 32
34, 492, 35
37, 132, 38
40, 493, 41
43, 494, 44
46, 495, 47
49, 496, 50
52, 51, 50
54, 497, 55
57, 46, 48
59, 62, 60
62, 498, 63
64, 499, 65
67, 500, 68
66, 82, 70
71, 501, 72
74, 67, 75
77, 500, 67
78, 102, 79
81, 502, 82
83, 100, 84
73, 97, 86
76, 99, 83
74, 83, 85
80, 92, 87
66, 65, 88
89, 503, 90
92, 504, 93
65, 96, 94
65, 499, 95
97, 505, 98
99, 506, 100
68, 507, 101
102, 113, 103
82, 502, 104
82, 105, 106
72, 501, 107
75, 67, 69
110, 195, 111
113, 508, 114
104, 509, 115
105, 115, 116
107, 510, 117
69, 101, 118
119, 511, 120
122, 512, 123
125, 513, 126
128, 514, 129
131, 515, 38
134, 516, 517
516, 518, 517
519, 520, 135
134, 517, 135
135, 520, 133
521, 138, 137
136, 522, 137
523, 524, 525
524, 526, 525
527, 528, 529
530, 523, 525
530, 525, 531
529, 528, 530
532, 533, 140
141, 529, 530
530, 531, 141
140, 534, 532
141, 531, 139
140, 533, 141
535, 536, 537
538, 535, 537
539, 540, 541
542, 538, 537
542, 537, 543
541, 540, 542
544, 545, 143
144, 541, 542
542, 543, 142
143, 546, 544
144, 542, 142
143, 545, 144
547, 548, 145
548, 549, 145
550, 551, 146
547, 145, 147
146, 551, 147
552, 150, 149
553, 148, 150
151, 162, 152
153, 152, 154
155, 154, 156
158, 157, 156
160, 158, 159
160, 161, 162
163, 166, 164
166, 169, 167
168, 171, 167
170, 173, 171
172, 174, 173
163, 165, 174
177, 554, 555
555, 175, 177
176, 556, 177
91, 90, 178
180, 557, 181
183, 187, 184
186, 558, 187
188, 559, 189
193, 560, 191
191, 561, 192
192, 562, 193
194, 563, 195
196, 564, 197
199, 565, 200
201, 200, 202
204, 566, 205
242, 567, 243
245, 248, 246
248, 568, 247
246, 569, 252
249, 250, 253
229, 225, 244
259, 570, 260
262, 571, 263
263, 571, 265
266, 265, 267
269, 572, 270
272, 288, 273
275, 284, 276
278, 573, 279
281, 574, 282
284, 275, 285
287, 575, 288
576, 375, 374
374, 289, 291
291, 576, 374
577, 578, 294
292, 579, 293
294, 578, 292
283, 282, 295
297, 580, 298
300, 306, 301
303, 300, 302
305, 301, 306
308, 581, 309
311, 582, 312
314, 583, 315
317, 584, 318
320, 585, 321
323, 586, 324
326, 587, 327
329, 588, 330
332, 589, 333
335, 590, 336
338, 314, 316
340, 591, 341
344, 592, 593
594, 595, 596
594, 596, 592
597, 384, 598
598, 384, 599
598, 599, 343
600, 601, 343
602, 598, 343
592, 596, 593
345, 600, 343
344, 593, 345
601, 602, 343
346, 603, 347
349, 604, 350
352, 369, 353
355, 349, 351
357, 360, 358
360, 348, 347
361, 367, 362
364, 579, 292
366, 605, 362
368, 606, 369
607, 8, 608
8, 480, 608
609, 607, 608
610, 611, 609
609, 608, 610
392, 612, 613
613, 393, 392
372, 613, 612
609, 611, 614
609, 614, 371
372, 612, 370
370, 609, 371
373, 380, 374
376, 615, 6
382, 616, 385
617, 602, 601
382, 385, 617
374, 380, 618
619, 289, 618
595, 594, 379
618, 289, 374
380, 620, 378
617, 601, 620
617, 620, 382
594, 618, 380
379, 594, 380
382, 620, 380
381, 616, 382
621, 622, 623
623, 624, 388
622, 625, 623
616, 386, 385
388, 621, 623
624, 384, 386
597, 385, 384
386, 388, 624
387, 626, 388
389, 627, 390
628, 7, 390
390, 365, 629
7, 391, 390
611, 610, 628
629, 611, 628
628, 390, 629
292, 578, 630
630, 365, 292
578, 631, 630
629, 365, 632
632, 365, 394
630, 392, 365
394, 365, 392
395, 633, 396
400, 634, 635
635, 398, 400
636, 399, 398
401, 637, 402
404, 638, 405
407, 342, 341
411, 639, 640
640, 409, 411
410, 641, 411
412, 642, 413
415, 643, 416
416, 404, 406
420, 644, 645
645, 418, 420
421, 464, 422
424, 465, 425
427, 431, 428
430, 646, 431
432, 647, 433
435, 457, 436
431, 462, 438
439, 469, 440
442, 421, 423
444, 648, 421
445, 649, 446
448, 459, 449
650, 453, 452
451, 651, 452
652, 456, 455
454, 653, 455
457, 654, 458
459, 655, 460
431, 646, 461
421, 648, 463
465, 656, 466
433, 647, 467
469, 657, 470
446, 649, 471
