# Project Zomboid Skinned Mesh
# File Version:
1.0
# Model Name:
Cube
# Vertex Stride Element Count:
3
# Vertex Stride Size (in bytes):
76
# Vertex Stride Data:
# (Int)    Offset
# (String) Type
0
VertexArray
12
NormalArray
24
TextureCoordArray
# Vertex Count:
434
# Vertex Buffer:
-0.00938109, 0.05712223, 0.01822348
-0.92584002, 0.30274361, 0.22614215
0.82650846, 0.35120869
0.01164056, 0.16521175, 0.01822348
0.57747126, 0.57725763, 0.57728815
0.88323361, 0.07097495
-0.00938109, 0.16521174, 0.01822348
-0.57734919, 0.57734919, 0.57734919
0.82650846, 0.07097626
0.01164057, 0.07628401, -0.01422916
0.91305274, -0.12594989, -0.38782921
0.52392459, 0.45370835
0.00722542, 0.05360413, -0.00575594
0.42814416, -0.2964263, -0.85369426
0.51356798, 0.51533449
0.00722541, 0.07628401, -0.01942359
0.38874477, -0.23706779, -0.89028597
0.53819871, 0.45088851
-0.00938109, 0.18589579, 0.01114705
-0.57734919, 0.57734919, 0.57734919
0.03850298, 0.17156518
0.01164056, 0.16521175, 0.01114705
0.90478224, 0.30137029, 0.30082095
0.09426746, 0.11701727
0.01164056, 0.18589579, 0.01114705
0.57762384, 0.5771966, 0.57716608
0.03850298, 0.11701602
0.00722542, 0.05360413, -0.00575594
0.42814416, -0.2964263, -0.85369426
0.92269897, 0.54855517
-0.00468889, -0.10932314, 0.0091747
-0.60017699, -0.04940947, -0.7983337
0.89055812, 0.12501919
-0.00468897, 0.05360413, -0.00575594
-0.41288492, -0.29850155, -0.86043888
0.890549, 0.54855374
0.01164056, 0.16521175, 0.01114705
0.90478224, 0.30137029, 0.30082095
0.69613522, 0.22564614
-0.00938109, 0.16521174, 0.01822348
-0.57734919, 0.57734919, 0.57734919
0.67704976, 0.17109716
0.01164056, 0.16521175, 0.01822348
0.57747126, 0.57725763, 0.57728815
0.6770497, 0.22564638
-0.00938109, 0.16521174, 0.01114705
-0.90450758, 0.30149236, 0.30149236
0.13039869, 0.9321417
-0.00938108, 0.076284, -0.01422916
-0.90603352, -0.130253, -0.40260017
0.24281435, 0.71790269
-0.00938109, 0.16521174, 0.01822348
-0.57734919, 0.57734919, 0.57734919
0.11167213, 0.92869402
0.00722541, 0.08228301, -0.01942359
0.70912808, -0.28135014, -0.64647359
0.53514338, 0.43560362
-0.00468898, 0.10822994, -0.01942359
-0.57933289, 0.23139134, -0.78151798
0.24095309, 0.80209474
-0.00468898, 0.08232661, -0.01942359
-0.69927061, -0.28107548, -0.65724659
0.25413719, 0.73608875
0.00722541, 0.08228301, -0.01942359
0.70912808, -0.28135014, -0.64647359
0.92270881, 0.62374067
-0.00468898, 0.07628401, -0.01942359
-0.37629321, -0.23841059, -0.89526045
0.89055973, 0.60817623
-0.00468898, 0.08232661, -0.01942359
-0.69927061, -0.28107548, -0.65724659
0.89055878, 0.62385237
-0.00468897, 0.05360413, -0.00575594
-0.41288492, -0.29850155, -0.86043888
0.23258702, 0.6562402
-0.00938107, 0.05360412, -0.0005615
-0.9468978, -0.09158605, -0.30817592
0.21818866, 0.65345168
0.00722541, 0.07628401, -0.01942359
0.38874477, -0.23706779, -0.89028597
0.9227097, 0.60817769
0.0106807, 0.17169409, -0.01260857
0.58027893, -0.78899503, -0.20175786
0.96162629, 0.07216609
0.01068071, 0.1240721, -0.00579994
0.57734919, 0.57734919, -0.57734919
0.94327486, 0.19570988
0.01068071, 0.1240721, -0.01260857
0.58027893, 0.78899503, -0.20175786
0.96162629, 0.19572383
0.01164056, 0.18589579, -0.01422916
0.72374648, 0.63686025, -0.26560259
0.46719876, 0.10579246
-0.00468899, 0.18589577, -0.01942359
-0.31656849, 0.62611777, -0.71254617
0.42313486, 0.09231967
-0.00938109, 0.18589577, -0.01422916
-0.72133547, 0.63447982, -0.27753532
0.41047361, 0.10579181
0.00477484, 0.16285977, 0.01768615
0.29709768, -0.63023776, 0.71727651
0.14314258, 0.15774071
-0.00808755, 0.16285977, 0.00482378
-0.71727651, -0.63023776, -0.29709768
0.10858265, 0.12436467
-0.00275977, 0.16285977, -0.000504
-0.29709768, -0.63023776, -0.71727651
0.09426752, 0.13819003
0.0034637, 0.3910678, 0.0145208
0.37531662, 0.19507432, 0.90612507
0.70191234, 0.40811139
-0.00275978, 0.38235295, 0.01768615
-0.37653738, 0.17838068, 0.90905482
0.68511415, 0.43035936
0.00477484, 0.38235295, 0.01768615
0.37653738, 0.17838068, 0.90905482
0.70544565, 0.43035889
-0.00275978, 0.28146446, 0.01768615
-0.38267159, 0.0, 0.92385632
0.68511415, 0.69192249
0.00477484, 0.28146446, 0.01768615
0.38267159, 0.0, 0.92385632
0.70544565, 0.69192204
-0.00275977, 0.38235295, -0.000504
-0.37653738, 0.17838068, -0.90905482
0.94327486, 0.95621795
0.00477484, 0.28146446, -0.000504
0.38267159, 0.0, -0.92385632
0.96360636, 0.69448578
-0.00275977, 0.28146446, -0.000504
-0.38267159, 0.0, -0.92385632
0.94327486, 0.69448602
-0.00808755, 0.28146446, 0.01235838
-0.92385632, 0.0, 0.38267159
0.67074543, 0.6925059
0.00477484, 0.38235295, -0.000504
0.37653738, 0.17838068, -0.90905482
0.79115194, 0.95596909
0.01010261, 0.28146446, 0.00482377
0.92385632, 0.0, -0.38267159
0.80620027, 0.69399178
0.00477484, 0.28146446, -0.000504
0.38267159, 0.0, -0.92385632
0.79115194, 0.69420847
-0.00808755, 0.38235295, 0.01235838
-0.90905482, 0.17838068, 0.37653738
0.75571096, 0.95585263
-0.00808755, 0.28146446, 0.00482378
-0.92385632, 0.0, -0.38267159
0.77601212, 0.69406083
-0.00808755, 0.28146446, 0.01235838
-0.92385632, 0.0, 0.38267159
0.75571096, 0.69407266
0.01010261, 0.38235295, 0.00482377
0.90905482, 0.17838068, -0.37653738
0.80620027, 0.95575217
0.01010261, 0.28146446, 0.01235838
0.92385632, 0.0, 0.38267159
0.82650846, 0.69400725
-0.00808755, 0.38235295, 0.00482378
-0.90905482, 0.17838068, -0.37653738
0.77601218, 0.9558408
-0.00275977, 0.28146446, -0.000504
-0.38267159, 0.0, -0.92385632
0.79115194, 0.69420567
0.01010261, 0.38235295, 0.01235838
0.90905482, 0.17838068, 0.37653738
0.71983004, 0.43094164
0.01010261, 0.28146446, 0.01235838
0.92385632, 0.0, 0.38267159
0.71983004, 0.69250476
0.0034637, 0.39929944, 0.0145208
0.29709768, 0.63023776, 0.71727651
0.70191234, 0.38677013
-0.00144864, 0.3910678, 0.0145208
-0.37531662, 0.19507432, 0.90612507
0.68865681, 0.40811163
-0.00144864, 0.3910678, 0.00266136
-0.37531662, 0.19507432, -0.90612507
0.94680953, 0.97864486
0.00477484, 0.38235295, -0.000504
0.37653738, 0.17838068, -0.90905482
0.96360636, 0.95621788
-0.00808755, 0.38235295, 0.01235838
-0.90905482, 0.17838068, 0.37653738
0.67074549, 0.43094277
0.0034637, 0.3910678, 0.00266136
0.37531662, 0.19507432, -0.90612507
0.79951423, 0.97864254
-0.00492219, 0.3910678, 0.00613491
-0.90612507, 0.19507432, -0.37531662
0.77294564, 0.97854657
0.00693725, 0.3910678, 0.00613491
0.90612507, 0.19507432, -0.37531662
0.80932528, 0.97850133
0.01010261, 0.38235295, 0.01235838
0.90905482, 0.17838068, 0.37653738
0.82650846, 0.95576764
-0.00144864, 0.3910678, 0.00266136
-0.37531662, 0.19507432, -0.90612507
0.78281629, 0.97864092
-0.00275977, 0.38235295, -0.000504
-0.37653738, 0.17838068, -0.90905482
0.79115194, 0.95598541
-0.00492219, 0.39929944, 0.01104726
-0.71727651, 0.63023776, 0.29709768
0.25854704, 0.09846777
0.00693725, 0.39929944, 0.01104726
0.71727651, 0.63023776, 0.29709768
0.25854707, 0.12924188
0.00693725, 0.39929944, 0.00613491
0.71727651, 0.63023776, -0.29709768
0.27179587, 0.1292417
-0.00144864, 0.39929944, 0.00266137
-0.29709768, 0.63023776, -0.71727651
0.94680953, 1.0
0.0034637, 0.3910678, 0.00266136
0.37531662, 0.19507432, -0.90612507
0.96006507, 0.97864471
-0.00492219, 0.39929944, 0.01104726
-0.71727651, 0.63023776, 0.29709768
0.67928886, 0.38715059
-0.00492219, 0.3910678, 0.01104725
-0.90612507, 0.19507432, 0.37531662
0.67928886, 0.40849203
0.0034637, 0.39929944, 0.00266137
0.29709768, 0.63023776, -0.71727651
0.79951423, 1.0
-0.00492219, 0.3910678, 0.01104725
-0.90612507, 0.19507432, 0.37531662
0.75970989, 0.97855423
-0.00492219, 0.39929944, 0.00613492
-0.71727651, 0.63023776, -0.29709768
0.77294564, 0.99990557
0.00693725, 0.39929944, 0.00613491
0.71727651, 0.63023776, -0.29709768
0.80932528, 0.99985871
0.00693725, 0.3910678, 0.01104725
0.90612507, 0.19507432, 0.37531662
0.82256562, 0.97851139
-0.00144864, 0.39929944, 0.00266137
-0.29709768, 0.63023776, -0.71727651
0.78281629, 1.0
0.00693725, 0.39929944, 0.01104726
0.71727651, 0.63023776, 0.29709768
0.71129054, 0.38714993
0.00693725, 0.3910678, 0.01104725
0.90612507, 0.19507432, 0.37531662
0.71129054, 0.40849131
0.00376143, 0.18326795, -0.00284792
0.29709768, -0.63023776, 0.71727651
0.24917848, 0.12697297
-0.00564097, 0.18326795, -0.00674252
-0.71727651, -0.63023776, 0.29709768
0.23871455, 0.10257465
-0.00174637, 0.18326795, -0.01614491
-0.29709768, -0.63023776, -0.71727651
0.2134511, 0.11268073
-0.00564097, 0.4831146, -0.00674252
-0.71727651, 0.63023776, 0.29709768
0.24917874, 0.1471805
0.00765603, 0.4831146, -0.00674252
0.71727651, 0.63023776, 0.29709768
0.21329793, 0.14718002
0.00765603, 0.4831146, -0.01225032
0.71727651, 0.63023776, -0.29709768
0.21329793, 0.16146505
0.00376143, 0.4831146, -0.00284792
0.29709768, 0.63023776, 0.71727651
0.74519593, 0.22219211
-0.00174637, 0.18326795, -0.00284792
-0.29709768, -0.63023776, 0.71727651
0.73033357, 0.99957354
0.00376143, 0.18326795, -0.00284792
0.29709768, -0.63023776, 0.71727651
0.74519587, 0.99957323
-0.00174637, 0.4831146, -0.01614491
-0.29709768, 0.63023776, -0.71727651
0.57364815, 0.14775461
0.00376143, 0.47987211, -0.01614491
0.61928159, 0.26615193, -0.73863947
0.56490082, 0.13346231
-0.00174637, 0.47987211, -0.01614491
-0.61928159, 0.26615193, -0.73863947
0.56490082, 0.14775455
-0.00174637, 0.4831146, -0.00284792
-0.29709768, 0.63023776, 0.71727651
0.73033357, 0.22219235
-0.00564097, 0.18326795, -0.00674252
-0.71727651, -0.63023776, 0.29709768
0.71983004, 1.0
0.00376143, 0.47987211, -0.01614491
0.61928159, 0.26615193, -0.73863947
0.64489979, 0.9915872
0.00765603, 0.4831146, -0.01225032
0.71727651, 0.63023776, -0.29709768
0.65590012, 0.99984154
0.00376143, 0.46351403, -0.01614491
0.60951567, -0.26181829, -0.74825281
0.64489979, 0.94914528
-0.00564097, 0.4831146, -0.01225031
-0.71727651, 0.63023776, -0.29709768
0.60173899, 0.22197449
-0.00174637, 0.47987211, -0.01614491
-0.61928159, 0.26615193, -0.73863947
0.59067184, 0.23028213
-0.00174637, 0.46351397, -0.01614491
-0.60951567, -0.26181829, -0.74825281
0.59067184, 0.27272725
0.00765603, 0.4831146, -0.00674252
0.71727651, 0.63023776, 0.29709768
0.7557109, 0.22261804
0.00765603, 0.18326795, -0.00674252
0.71727651, -0.63023776, 0.29709768
0.75571084, 0.99999923
0.01010261, 0.22135532, 0.01235838
0.92385632, 0.0, 0.38267159
0.71983004, 0.84834355
0.00477484, 0.16285977, 0.01768615
0.29709768, -0.63023776, 0.71727651
0.70544559, 0.99941613
0.01010261, 0.16285977, 0.01235838
0.71727651, -0.63023776, 0.29709768
0.71983004, 0.99999892
-0.00808755, 0.22135532, 0.00482378
-0.92385632, 0.0, -0.38267159
0.77601212, 0.53809303
-0.00275977, 0.16285977, -0.000504
-0.29709768, -0.63023776, -0.71727651
0.79115188, 0.38645667
-0.00808755, 0.16285977, 0.00482378
-0.71727651, -0.63023776, -0.29709768
0.77601212, 0.38631201
0.01010261, 0.22135532, 0.00482377
0.92385632, 0.0, -0.38267159
0.80620027, 0.53803557
0.01010261, 0.16285977, 0.01235838
0.71727651, -0.63023776, 0.29709768
0.82650846, 0.38628125
0.01010261, 0.16285977, 0.00482377
0.71727651, -0.63023776, -0.29709768
0.80620027, 0.38626581
-0.00808755, 0.22135532, 0.01235838
-0.92385632, 0.0, 0.38267159
0.75571096, 0.53810486
-0.00808755, 0.16285977, 0.01235838
-0.71727651, -0.63023776, 0.29709768
0.75571096, 0.38632381
0.00477484, 0.22135532, -0.000504
0.38267159, 0.0, -0.92385632
0.79115194, 0.53825226
0.00477484, 0.16285977, -0.000504
0.29709768, -0.63023776, -0.71727651
0.79115194, 0.38648254
-0.00275978, 0.22135532, 0.01768615
-0.38267159, 0.0, 0.92385632
0.68511409, 0.84776126
-0.00808755, 0.16285977, 0.01235838
-0.71727651, -0.63023776, 0.29709768
0.67074543, 1.0
-0.00275978, 0.16285977, 0.01768615
-0.29709768, -0.63023776, 0.71727651
0.68511409, 0.99941663
-0.00275977, 0.22135532, -0.000504
-0.38267159, 0.0, -0.92385632
0.94327492, 0.53854671
0.00477484, 0.16285977, -0.000504
0.29709768, -0.63023776, -0.71727651
0.96360642, 0.38679338
-0.00275977, 0.16285977, -0.000504
-0.29709768, -0.63023776, -0.71727651
0.94327492, 0.38679349
0.00477484, 0.22135532, -0.000504
0.38267159, 0.0, -0.92385632
0.96360642, 0.53854656
0.00477484, 0.22135532, 0.01768615
0.38267159, 0.0, 0.92385632
0.70544559, 0.84776084
0.01213142, 0.35445666, 0.01438719
0.62044132, 0.66570026, 0.41456342
0.9432748, 0.72770843
0.00680365, 0.24943057, 0.01971496
0.41456342, -0.66570026, 0.62044132
0.92889041, 0.99941597
0.01213142, 0.24943057, 0.01438719
0.62044132, -0.66570026, 0.41456342
0.9432748, 0.99999872
0.01213142, 0.35445666, 0.01438719
0.62044132, 0.66570026, 0.41456342
0.34363666, 0.1556105
-0.01095672, 0.35445666, 0.00482378
-0.73186439, 0.66570026, -0.14554277
0.281335, 0.1308068
-0.01011636, 0.35445666, 0.01438719
-0.62044132, 0.66570026, 0.41456342
0.28360295, 0.15561044
-0.01011636, 0.35445666, 0.00279496
-0.65434736, 0.71184421, -0.2550737
0.85931504, 0.3513155
-0.00574872, 0.24943057, -0.00914217
-0.59434795, -0.77422404, -0.21744438
0.82650846, 0.6237247
-0.01011636, 0.24943057, 0.00279496
-0.65434736, -0.71184421, -0.2550737
0.85931504, 0.62383151
0.01297178, 0.35445666, 0.00482377
0.73186439, 0.66570026, -0.14557329
0.78817075, 0.11377007
0.01213142, 0.24943057, 0.00279496
0.6540727, -0.71040988, -0.25974303
0.79374766, 0.3862341
0.01213142, 0.35445666, 0.00279496
0.6540727, 0.71040988, -0.25974303
0.79374766, 0.11373836
0.01297178, 0.24943057, 0.01235838
0.73186439, -0.66570026, 0.14557329
0.76786262, 0.38625038
0.01213142, 0.35445666, 0.01438719
0.62044132, 0.66570026, 0.41456342
0.76250291, 0.11371469
0.01213142, 0.24943057, 0.01438719
0.62044132, -0.66570026, 0.41456342
0.76250291, 0.38621032
0.01297178, 0.35445666, 0.01235838
0.73183388, 0.66570026, 0.14557329
0.76786262, 0.11375469
0.01297178, 0.24943057, 0.00482377
0.73186439, -0.66570026, -0.14557329
0.78817081, 0.38626581
0.0072255, -0.10932314, 0.0091747
0.60701317, -0.04886013, -0.79314554
0.92270809, 0.12502062
-0.00468889, -0.12081429, 0.00936927
-0.47956786, -0.59944457, -0.64082766
0.89055967, 0.0951969
-0.00938099, -0.10932314, 0.02469474
-0.99008149, -0.01150548, -0.13998841
0.23427787, 0.22598124
-0.00468889, -0.12081429, 0.00936927
-0.47956786, -0.59944457, -0.64082766
0.281335, 0.20442432
-0.00938099, -0.12081429, 0.02488931
-0.72673726, -0.6797998, -0.09836116
0.23961167, 0.19660509
0.01164065, -0.10932314, 0.02469474
0.9911496, -0.01083407, -0.13217567
0.5154146, 0.94558418
0.0072255, -0.12081429, 0.00936927
0.48536637, -0.59837639, -0.63744009
0.56236082, 0.96710612
0.0072255, -0.10932314, 0.0091747
0.60701317, -0.04886013, -0.79314554
0.55702335, 0.93773296
-0.01095672, 0.35445666, 0.01235838
-0.73186439, 0.66570026, 0.14557329
0.8852064, 0.3513248
-0.01095672, 0.24943057, 0.00482378
-0.73183388, -0.66570026, -0.14557329
0.86490518, 0.62385237
-0.01095672, 0.24943057, 0.01235838
-0.73186439, -0.66570026, 0.14557329
0.8852064, 0.6238406
0.00477484, 0.35445666, 0.02055532
0.14557329, 0.66570026, 0.73186439
0.92341459, 0.72703382
0.00680365, 0.35445666, 0.01971496
0.41456342, 0.66570026, 0.6204108
0.92889041, 0.72712579
0.01164065, -0.11944485, 0.08344403
0.57768488, -0.5654164, 0.58867151
0.36504486, 1.0
0.01164065, -0.12081429, 0.02488931
0.72606587, -0.68138677, -0.09222694
0.52075213, 0.97495734
-0.00938101, -0.11944485, 0.08344403
-0.57768488, -0.5654164, 0.58867151
0.0839595, 0.17156643
-0.00938101, -0.1079537, 0.08324946
-0.66661578, 0.15439314, 0.72920924
0.07862569, 0.20094252
0.01164061, 0.027852, 0.03093213
0.8059023, -0.43705559, 0.39930418
0.42903772, 0.59911421
0.01164063, 0.02225466, 0.02813862
0.81441694, -0.01812799, 0.57997376
0.43928367, 0.6120145
0.01164057, 0.05360414, -0.0005615
0.95110935, -0.08774071, -0.29599902
0.4992938, 0.51815435
0.00759215, 0.35445666, -0.00914217
0.5892514, 0.77623826, -0.2240669
0.82650846, 0.11356884
0.00759215, 0.24943057, -0.00914217
0.5892514, -0.77623826, -0.2240669
0.82650846, 0.38606459
-0.00478859, 0.35445666, 0.01971496
-0.41456342, 0.66570026, 0.6204108
0.89760977, 0.72712642
-0.00275978, 0.24943057, 0.02055532
-0.14557329, -0.66570026, 0.73183388
0.90308309, 0.9993246
-0.00275978, 0.35445666, 0.02055532
-0.14557329, 0.66570026, 0.73186439
0.90308309, 0.72703439
-0.00938103, 0.02225466, 0.02813862
-0.81441694, -0.01812799, 0.57997376
0.88323355, 0.98516972
0.01164065, -0.1079537, 0.08324946
0.66661578, 0.15439314, 0.72920924
0.82651597, 0.65363592
0.01164063, 0.02225466, 0.02813862
0.81441694, -0.01812799, 0.57997376
0.82650846, 0.98518267
-0.01011636, 0.24943057, 0.01438719
-0.62044132, -0.66570026, 0.41456342
0.88324112, 1.0
-0.00478859, 0.24943057, 0.01971496
-0.41456342, -0.66570026, 0.62044132
0.89760977, 0.99941671
-0.01011636, 0.24943057, 0.01438719
-0.62044132, -0.66570026, 0.41456342
0.890549, 0.62381321
-0.00938105, 0.027852, 0.03093213
-0.79921871, -0.45896786, 0.38801232
0.14795323, 0.57248712
-0.01056948, 0.05916379, 0.03083654
-0.71263772, 0.69569993, -0.0900296
0.13210416, 0.65225598
-0.00938109, 0.05712223, 0.01822348
-0.92584002, 0.30274361, 0.22614215
0.16668677, 0.65326422
0.01164065, -0.12081429, 0.02488931
0.72606587, -0.68138677, -0.09222694
0.99999994, 0.3466925
-0.00938099, -0.12081429, 0.02488931
-0.72673726, -0.6797998, -0.09836116
0.94327486, 0.34669125
-0.00468889, -0.12081429, 0.00936927
-0.47956786, -0.59944457, -0.64082766
0.9559359, 0.38679266
0.00477484, 0.24943057, 0.02055532
0.14557329, -0.66570026, 0.73183388
0.92341459, 0.99932418
-0.00468889, -0.10932314, 0.0091747
-0.60017699, -0.04940947, -0.7983337
0.27600121, 0.23380047
-0.00938101, -0.1079537, 0.08324946
-0.66661578, 0.15439314, 0.72920924
0.88324106, 0.65362298
0.01164065, -0.11944485, 0.08344403
0.57768488, -0.5654164, 0.58867151
0.82650959, 0.62386531
-0.00478859, 0.24943057, 0.01971496
-0.41456342, -0.66570026, 0.62044132
0.39382979, 0.16943675
0.01297178, 0.24943057, 0.01235838
0.73186439, -0.66570026, 0.14557329
0.34590462, 0.15042859
0.01213142, 0.24943057, 0.01438719
0.62044132, -0.66570026, 0.41456342
0.34817237, 0.1556707
-0.00564097, 0.4831146, -0.00674252
-0.71727651, 0.63023776, 0.29709768
0.61657912, 0.22196591
-0.00564097, 0.18326795, -0.01225031
-0.71727651, -0.63023776, -0.29709768
0.60173893, 1.0
-0.00564097, 0.18326795, -0.00674252
-0.71727651, -0.63023776, 0.29709768
0.61657906, 0.9999913
0.00765603, 0.18326795, -0.00674252
0.71727651, -0.63023776, 0.29709768
0.67074543, 0.2218852
0.00765603, 0.18326795, -0.01225032
0.71727651, -0.63023776, -0.29709768
0.65590012, 0.22187394
-0.00275977, 0.22135532, -0.000504
-0.38267159, 0.0, -0.92385632
0.79115188, 0.53823772
0.01164061, 0.01727444, 0.08095284
0.58638263, -0.61558884, 0.52644432
0.67330521, 0.09008896
-0.00938105, 0.01864709, 0.06907709
-0.66985077, -0.72399062, -0.1645558
0.61658084, 0.12110418
0.01164061, 0.01864709, 0.06907709
0.69698173, -0.69924009, -0.15881832
0.67330599, 0.12110263
-0.00938109, 0.05712223, 0.01822348
-0.92584002, 0.30274361, 0.22614215
0.69899547, 0.05561131
0.01045217, 0.05916379, 0.03083654
0.66685992, 0.74422437, -0.03707999
0.75313389, 0.08753759
0.01164057, 0.05712223, 0.01822348
0.91863763, 0.28489029, 0.27368999
0.75571096, 0.05460483
-0.00938105, 0.02982723, 0.03662839
-0.77330852, -0.63399154, 0.00030519
0.13187371, 0.57474509
-0.01056948, 0.05919765, 0.03343068
-0.69109166, 0.71700186, 0.09079257
0.12522195, 0.65107837
-0.00938105, 0.02982723, 0.03662839
-0.77330852, -0.63399154, 0.00030519
0.61657912, 0.20762354
0.01164061, 0.02982723, 0.03662839
0.80324715, -0.59559923, 0.00091556
0.67330426, 0.20762199
0.01045217, 0.047549, 0.07659195
0.75356305, 0.65730768, 0.00671407
0.29827303, 0.57109895
0.01164061, 0.01864709, 0.06907709
0.69698173, -0.69924009, -0.15881832
0.33274615, 0.64115426
0.01164061, 0.02982723, 0.03662839
0.80324715, -0.59559923, 0.00091556
0.41295221, 0.5968571
-0.01056948, 0.047549, 0.07659195
-0.78286082, 0.62215036, 0.00469985
0.69869071, 0.20623767
0.01045217, 0.05919765, 0.03343068
0.66331983, 0.74251533, 0.0929899
0.75326306, 0.09426737
-0.01056948, 0.05919765, 0.03343068
-0.69109166, 0.71700186, 0.09079257
0.69654757, 0.09527385
-0.00938105, 0.01727444, 0.08095284
-0.56184578, -0.63591421, 0.52903837
0.5056752, 0.16957372
0.01045217, 0.04907948, 0.08269582
0.55244607, 0.64561909, 0.52720726
0.56236088, 0.08890218
-0.01056948, 0.04907948, 0.08269582
-0.57371747, 0.62883389, 0.52473527
0.5056752, 0.08686781
-0.00938105, 0.01727444, 0.08095284
-0.56184578, -0.63591421, 0.52903837
0.0209656, 0.52116331
-0.01056948, 0.047549, 0.07659195
-0.78286082, 0.62215036, 0.00469985
0.01693182, 0.60036722
-0.00938105, 0.01864709, 0.06907709
-0.66985077, -0.72399062, -0.1645558
0.0516941, 0.53044701
0.01164061, 0.01727444, 0.08095284
0.58638263, -0.61558884, 0.52644432
0.30200699, 0.65043834
-0.01056948, 0.04907948, 0.08269582
-0.57371747, 0.62883389, 0.52473527
0.69899547, 0.22219205
0.01045217, 0.047549, 0.07659195
0.75356305, 0.65730768, 0.00671407
0.7554062, 0.20523125
-0.00938105, 0.027852, 0.03093213
-0.79921871, -0.45896786, 0.38801232
0.61658084, 0.22186863
0.01164061, 0.027852, 0.03093213
0.8059023, -0.43705559, 0.39930418
0.67330599, 0.22186708
0.01164061, 0.027852, 0.03093213
0.8059023, -0.43705559, 0.39930418
0.82651591, 1.0
0.0070757, 0.05454631, 0.03338495
0.71489608, -0.01281777, 0.6990875
0.92173851, 0.72637203
-0.00673959, 0.09089626, 0.03411661
-0.57896662, 0.38749352, 0.71733755
0.88324112, 0.63250521
-0.007193, 0.05446512, 0.03347642
-0.71291238, -0.0118717, 0.70110172
0.88324112, 0.72703382
-0.00673959, 0.0925758, 0.03152246
-0.71813107, 0.57557911, 0.39106417
0.68404007, 0.32463592
-0.00601308, 0.08862372, 0.0182784
-0.70552689, -0.69994199, -0.11072116
0.7198301, 0.314376
-0.007193, 0.08743398, 0.03120237
-0.922544, -0.24845119, -0.29517502
0.68483359, 0.31128061
-0.00601308, 0.08862372, 0.0182784
-0.70552689, -0.69994199, -0.11072116
0.50219762, 0.16831374
0.0070757, 0.08751516, 0.0311109
0.86049992, -0.35087129, -0.36930448
0.46719882, 0.13458133
-0.007193, 0.08743398, 0.03120237
-0.922544, -0.24845119, -0.29517502
0.46719879, 0.17160809
-0.007193, 0.08743398, 0.03120237
-0.922544, -0.24845119, -0.29517502
0.03850298, 0.08596689
0.0070757, 0.05451246, 0.0307908
0.69829404, 0.0069277, -0.71575058
0.0, 0.17135096
-0.007193, 0.05443127, 0.03088227
-0.70552689, 0.00686666, -0.7086398
0.03850298, 0.17156643
0.0070757, 0.08751516, 0.0311109
0.86049992, -0.35087129, -0.36930448
0.58189738, 0.13624078
0.00825563, 0.08870491, 0.01818693
0.74498731, -0.66692096, -0.01229896
0.61657912, 0.13323003
0.00752911, 0.09265698, 0.03143099
0.7315287, 0.51191747, 0.45023957
0.58097571, 0.12291878
0.00782696, 0.09958091, 0.02386462
0.7473678, 0.33957946, 0.57103181
0.18163078, 0.17052001
-0.00606196, 0.11652455, 0.01828011
-0.19583727, 0.31406599, 0.92895293
0.14314258, 0.12803775
-0.00644174, 0.09949973, 0.02395609
-0.78753012, 0.3582873, 0.50138861
0.14314258, 0.17156643
-0.00644174, 0.09949973, 0.02395609
-0.78753012, 0.3582873, 0.50138861
0.2082915, 0.13453984
0.00752911, 0.09265698, 0.03143099
0.7315287, 0.51191747, 0.45023957
0.18848328, 0.17068219
0.00782696, 0.09958091, 0.02386462
0.7473678, 0.33957946, 0.57103181
0.2082915, 0.17156643
0.00752911, 0.09097745, 0.03402513
0.64461195, 0.35453352, 0.67726678
0.18163079, 0.17064297
-0.00673959, 0.0925758, 0.03152246
-0.71813107, 0.57557911, 0.39106417
0.18848328, 0.13365561
-0.00673959, 0.09089626, 0.03411661
-0.57896662, 0.38749352, 0.71733755
0.18163078, 0.13361639
-0.01056948, 0.05916379, 0.03083654
-0.71263772, 0.69569993, -0.0900296
0.6964184, 0.08854407
0.00722541, 0.18589577, -0.01942359
0.32807398, 0.62370676, -0.70946378
0.48237219, 0.17160815
0.01164057, 0.17169409, -0.01422916
0.72405165, -0.63679922, -0.26493117
0.47533113, 0.21061254
0.00722541, 0.17169409, -0.01942359
0.54338205, -0.13049714, -0.82924896
0.48960528, 0.2077927
0.00722541, 0.17169409, -0.01942359
0.54338205, -0.13049714, -0.82924896
0.98044133, 0.07203239
0.00732872, 0.1240721, -0.01684585
0.71767324, 0.64363539, -0.26575518
0.97348017, 0.1955893
0.00722541, 0.1240721, -0.01942359
0.54338205, 0.13049714, -0.82924896
0.98044139, 0.19559014
0.00732872, 0.17169409, -0.01684585
0.71767324, -0.64363539, -0.26575518
0.97348017, 0.0720315
0.01164057, 0.17169409, -0.01422916
0.72405165, -0.63679922, -0.26493117
0.56490082, 0.16393292
0.00732872, 0.17169409, -0.01684585
0.71767324, -0.64363539, -0.26575518
0.57398099, 0.15420389
0.00722541, 0.17169409, -0.01942359
0.54338205, -0.13049714, -0.82924896
0.57222849, 0.14775461
0.01068071, 0.1240721, -0.01260857
0.58027893, 0.78899503, -0.20175786
0.56864893, 0.20235068
0.01161623, 0.1240721, -0.00579994
0.90441602, 0.30204168, -0.30121768
0.57156825, 0.18474817
0.01164057, 0.1240721, -0.01422916
0.72405165, 0.63679922, -0.26493117
0.56490082, 0.2056489
0.01161623, 0.1240721, -0.00579994
0.90441602, 0.30204168, -0.30121768
0.47727406, 0.33605456
0.01161623, 0.17169409, -0.00579994
0.90423292, -0.30240792, -0.30146185
0.45301965, 0.21471822
0.01164056, 0.16521175, 0.01114705
0.90478224, 0.30137029, 0.30082095
0.41145512, 0.23949391
0.0106807, 0.17169409, -0.00579994
0.57734919, -0.57734919, -0.57734919
0.67452532, 0.38677013
0.01161623, 0.1240721, -0.00579994
0.90441602, 0.30204168, -0.30121768
0.6770497, 0.26322591
0.01068071, 0.1240721, -0.00579994
0.57734919, 0.57734919, -0.57734919
0.67452532, 0.26322591
0.00722541, 0.17169409, -0.01942359
0.54338205, -0.13049714, -0.82924896
0.96360636, 0.83513063
0.00722541, 0.1240721, -0.01942359
0.54338205, 0.13049714, -0.82924896
0.96360636, 0.95867492
-0.00468898, 0.12420291, -0.01942359
-0.40598774, 0.0, -0.91384625
0.99575639, 0.95833531
0.00722541, 0.08228301, -0.02232951
0.64247566, -0.72893459, -0.23633534
0.54283607, 0.43418765
0.00722541, 0.08850041, -0.03090113
0.57109284, -0.08072146, -0.81685841
0.56236088, 0.41416961
0.00722541, 0.09504279, -0.02479832
0.79952389, 0.22232734, -0.55793941
0.54287297, 0.40047395
0.00722541, 0.08850041, -0.03090113
0.57109284, -0.08072146, -0.81685841
0.49934879, 0.13127184
-0.00468898, 0.08232661, -0.02232951
-0.64506972, -0.72664571, -0.23630482
0.46720207, 0.10764521
-0.00468898, 0.08856582, -0.03090113
-0.57136756, -0.07629627, -0.81710255
0.46719879, 0.13128698
0.00722541, 0.10814273, -0.01942359
0.59498888, 0.23306985, -0.76918852
0.68150109, 0.17109048
-0.00468898, 0.10495116, -0.0247454
-0.61110264, 0.3891415, -0.68926054
0.69613528, 0.14018011
-0.00468898, 0.10822994, -0.01942359
-0.57933289, 0.23139134, -0.78151798
0.68150109, 0.14017367
-0.00468898, 0.08232661, -0.01942359
-0.69927061, -0.28107548, -0.65724659
0.46720207, 0.10013676
0.00722541, 0.08228301, -0.02232951
0.64247566, -0.72893459, -0.23633534
0.49935207, 0.10763532
0.00722541, 0.08228301, -0.01942359
0.70912808, -0.28135014, -0.64647359
0.49935207, 0.10012692
-0.00468898, 0.0951191, -0.02479832
-0.79812008, 0.22132023, -0.56031984
0.26184946, 0.77130473
0.00722541, 0.09504279, -0.02479832
0.79952389, 0.22232734, -0.55793941
0.24918503, 0.15494412
-0.00468898, 0.08856582, -0.03090113
-0.57136756, -0.07629627, -0.81710255
0.28132871, 0.17139637
-0.00468898, 0.0951191, -0.02479832
-0.79812008, 0.22132023, -0.56031984
0.281335, 0.15474582
0.00722541, 0.10486396, -0.0247454
0.61378825, 0.38538775, -0.68895537
0.24918503, 0.12946838
-0.00468898, 0.10495116, -0.0247454
-0.61110264, 0.3891415, -0.68926054
0.281335, 0.12924188
-0.00174637, 0.46351397, -0.01614491
-0.60951567, -0.26181829, -0.74825281
0.92841244, 0.72703382
0.00376143, 0.18326795, -0.01614491
0.29709768, -0.63023776, -0.71727651
0.94327486, 0.0
-0.00174637, 0.18326795, -0.01614491
-0.29709768, -0.63023776, -0.71727651
0.92841256, 1.8e-07
-0.00174637, 0.47066665, -0.02665227
-0.65794855, -0.03967406, -0.75197607
0.56236088, 0.25418454
-0.00174637, 0.46649492, -0.0254104
-0.61564988, -0.5510422, -0.56324959
0.56570697, 0.26500702
-0.00174637, 0.47734529, -0.0254104
-0.60478532, 0.53944516, -0.58583331
0.69636464, 0.1120249
0.00376143, 0.47066671, -0.02665227
0.65794855, -0.03967406, -0.75197607
0.68150109, 0.12927985
-0.00174637, 0.47066665, -0.02665227
-0.65794855, -0.03967406, -0.75197607
0.69636339, 0.12927985
-0.00174637, 0.46649492, -0.0254104
-0.61564988, -0.5510422, -0.56324959
0.18163078, 0.13361639
0.00376143, 0.46351403, -0.01614491
0.60951567, -0.26181829, -0.74825281
0.19649309, 0.10896152
-0.00174637, 0.46351397, -0.01614491
-0.60951567, -0.26181829, -0.74825281
0.18163078, 0.10896218
0.00376143, 0.47734535, -0.0254104
0.60475481, 0.53944516, -0.58583331
0.19649309, 0.13361639
-0.00174637, 0.47987211, -0.01614491
-0.61928159, 0.26615193, -0.73863947
0.2113554, 0.10937589
0.00376143, 0.47987211, -0.01614491
0.61928159, 0.26615193, -0.73863947
0.19649309, 0.10937726
0.00376143, 0.47066671, -0.02665227
0.65794855, -0.03967406, -0.75197607
0.61657912, 0.96768182
0.00376143, 0.47734535, -0.0254104
0.60475481, 0.53944516, -0.58583331
0.61992639, 0.98501248
0.00376143, 0.46649498, -0.0254104
0.61564988, -0.5510422, -0.56324959
0.6815024, 0.14017367
-0.00174637, 0.46649492, -0.0254104
-0.61564988, -0.5510422, -0.56324959
0.6963647, 0.14017367
0.01164057, 0.05712223, 0.01822348
0.91863763, 0.28489029, 0.27368999
0.88323361, 0.35120744
-0.00938109, 0.16521174, 0.01114705
-0.90450758, 0.30149236, 0.30149236
0.09426749, 0.17156643
-0.00938109, 0.16521174, 0.01114705
-0.90450758, 0.30149236, 0.30149236
0.69613522, 0.17109692
-0.00938109, 0.18589579, 0.01114705
-0.57734919, 0.57734919, 0.57734919
0.11987108, 0.98484803
-0.00938109, 0.18589577, -0.01422916
-0.72133547, 0.63447982, -0.27753532
0.18702494, 0.99721145
0.00722541, 0.10814273, -0.01942359
0.59498888, 0.23306985, -0.76918852
0.52197272, 0.36971545
0.00722541, 0.1240721, -0.01942359
0.54338205, 0.13049714, -0.82924896
0.51385969, 0.32912892
0.01164057, 0.1240721, -0.01422916
0.72405165, 0.63679922, -0.26493117
0.49958557, 0.33194882
-0.00468898, 0.12420291, -0.01942359
-0.40598774, 0.0, -0.91384625
0.23282331, 0.84279644
-0.00468899, 0.18589577, -0.01942359
-0.31656849, 0.62611777, -0.71254617
0.2014233, 1.0
-0.00468898, 0.07628401, -0.01942359
-0.37629321, -0.23841059, -0.89526045
0.2572127, 0.72069123
0.0106807, 0.17169409, -0.00579994
0.57734919, -0.57734919, -0.57734919
0.94327486, 0.07215214
-0.00938109, 0.18589579, 0.01114705
-0.57734919, 0.57734919, 0.57734919
0.41047364, 0.17160743
0.01164056, 0.18589579, 0.01114705
0.57762384, 0.5771966, 0.57716608
0.46719876, 0.17160809
0.00722541, 0.18589577, -0.01942359
0.32807398, 0.62370676, -0.70946378
0.45528483, 0.09232008
0.00477484, 0.16285977, -0.000504
0.29709768, -0.63023776, -0.71727651
0.09426749, 0.15774161
0.01010261, 0.16285977, 0.00482377
0.71727651, -0.63023776, -0.29709768
0.10858269, 0.17156643
0.01010261, 0.16285977, 0.01235838
0.71727651, -0.63023776, 0.29709768
0.12882741, 0.17156601
-0.00275978, 0.16285977, 0.01768615
-0.29709768, -0.63023776, 0.71727651
0.14314258, 0.13818914
-0.00808755, 0.16285977, 0.01235838
-0.71727651, -0.63023776, 0.29709768
0.12882739, 0.12436432
-0.00144864, 0.39929944, 0.0145208
-0.29709768, 0.63023776, 0.71727651
0.68865681, 0.38677031
0.0034637, 0.39929944, 0.00266137
0.29709768, 0.63023776, -0.71727651
0.28116423, 0.12022805
-0.00144864, 0.39929944, 0.00266137
-0.29709768, 0.63023776, -0.71727651
0.28116423, 0.107481
-0.00492219, 0.39929944, 0.00613492
-0.71727651, 0.63023776, -0.29709768
0.27179593, 0.09846759
-0.00144864, 0.39929944, 0.0145208
-0.29709768, 0.63023776, 0.71727651
0.24917878, 0.10748142
0.0034637, 0.39929944, 0.0145208
0.29709768, 0.63023776, 0.71727651
0.24917874, 0.12022847
0.0034637, 0.39929944, 0.00266137
0.29709768, 0.63023776, -0.71727651
0.96006507, 0.99999992
-0.00492219, 0.39929944, 0.01104726
-0.71727651, 0.63023776, 0.29709768
0.75970984, 0.99991323
0.00693725, 0.39929944, 0.01104726
0.71727651, 0.63023776, 0.29709768
0.82256562, 0.99986884
0.00376143, 0.18326795, -0.01614491
0.29709768, -0.63023776, -0.71727651
0.21345083, 0.12697297
0.00765603, 0.18326795, -0.01225032
0.71727651, -0.63023776, -0.29709768
0.22391501, 0.13707906
0.00765603, 0.18326795, -0.00674252
0.71727651, -0.63023776, 0.29709768
0.23871389, 0.13707906
-0.00174637, 0.18326795, -0.00284792
-0.29709768, -0.63023776, 0.71727651
0.24917875, 0.11268073
-0.00564097, 0.18326795, -0.01225031
-0.71727651, -0.63023776, -0.29709768
0.22391567, 0.10257465
0.00376143, 0.4831146, -0.01614491
0.29709768, 0.63023776, -0.71727651
0.22380717, 0.17156619
-0.00174637, 0.4831146, -0.01614491
-0.29709768, 0.63023776, -0.71727651
0.23866948, 0.17156643
-0.00564097, 0.4831146, -0.01225031
-0.71727651, 0.63023776, -0.29709768
0.24917874, 0.16146547
-0.00174637, 0.4831146, -0.00284792
-0.29709768, 0.63023776, 0.71727651
0.2386695, 0.13707924
0.00376143, 0.4831146, -0.00284792
0.29709768, 0.63023776, 0.71727651
0.22380717, 0.13707912
0.00376143, 0.4831146, -0.01614491
0.29709768, 0.63023776, -0.71727651
0.57364821, 0.13346237
-0.00564097, 0.4831146, -0.00674252
-0.71727651, 0.63023776, 0.29709768
0.7198301, 0.22261882
0.00376143, 0.18326795, -0.01614491
0.29709768, -0.63023776, -0.71727651
0.64489979, 0.22203237
0.00376143, 0.4831146, -0.01614491
0.29709768, 0.63023776, -0.71727651
0.64489979, 1.0
-0.00174637, 0.18326795, -0.01614491
-0.29709768, -0.63023776, -0.71727651
0.59067178, 0.99989417
-0.00174637, 0.4831146, -0.01614491
-0.29709768, 0.63023776, -0.71727651
0.59067184, 0.22186869
0.01010261, 0.22135532, 0.01235838
0.92385632, 0.0, 0.38267159
0.82650846, 0.53805101
-0.00808755, 0.22135532, 0.01235838
-0.92385632, 0.0, 0.38267159
0.67074543, 0.84834467
0.00477484, 0.35445666, 0.02055532
0.14557329, 0.66570026, 0.73186439
0.32378575, 0.17160809
0.00680365, 0.35445666, 0.01971496
0.41456342, 0.66570026, 0.6204108
0.32926029, 0.16942853
-0.00275978, 0.35445666, 0.02055532
-0.14557329, 0.66570026, 0.73186439
0.30345425, 0.17160809
0.01297178, 0.35445666, 0.01235838
0.73183388, 0.66570026, 0.14557329
0.34590423, 0.15034854
0.01297178, 0.35445666, 0.00482377
0.73186439, 0.66570026, -0.14557329
0.34590399, 0.13080686
0.01213142, 0.35445666, 0.00279496
0.6540727, 0.71040988, -0.25974303
0.3436363, 0.12554497
0.00759215, 0.35445666, -0.00914217
0.5892514, 0.77623826, -0.2240669
0.3313871, 0.09458482
-0.01011636, 0.35445666, 0.00279496
-0.65434736, 0.71184421, -0.2550737
0.28360257, 0.12554491
-0.00478859, 0.35445666, 0.01971496
-0.41456342, 0.66570026, 0.6204108
0.29797965, 0.16942853
-0.01095672, 0.35445666, 0.01235838
-0.73186439, 0.66570026, 0.14557329
0.28133523, 0.15034854
-0.00574872, 0.35445666, -0.00914217
-0.59434795, 0.77422404, -0.21744438
0.29538789, 0.09458482
-0.00574872, 0.35445666, -0.00914217
-0.59434795, 0.77422404, -0.21744438
0.82650846, 0.35120869
0.0072255, -0.12081429, 0.00936927
0.48536637, -0.59837639, -0.63744009
0.92270964, 0.09519833
-0.01095672, 0.35445666, 0.00482378
-0.73186439, 0.66570026, -0.14554277
0.86490524, 0.35133654
0.01164065, -0.1079537, 0.08324946
0.66661578, 0.15439314, 0.72920924
0.35970736, 0.9706268
0.01164057, 0.05712223, 0.01822348
0.91863763, 0.28489029, 0.27368999
0.44777322, 0.5183439
0.01045217, 0.05916379, 0.03083654
0.66685992, 0.74422437, -0.03707999
0.41348413, 0.5192104
-0.01011636, 0.35445666, 0.01438719
-0.62044132, 0.66570026, 0.41456342
0.88324112, 0.72770965
-0.01011636, 0.35445666, 0.01438719
-0.62044132, 0.66570026, 0.41456342
0.89054906, 0.35129732
-0.00938103, 0.02225466, 0.02813862
-0.81441694, -0.01812799, 0.57997376
0.15819469, 0.55958518
0.0072255, -0.12081429, 0.00936927
0.48536637, -0.59837639, -0.63744009
0.98808587, 0.38679338
0.01164065, -0.11944485, 0.08344403
0.57768488, -0.5654164, 0.58867151
1.0, 0.19572508
-0.00938101, -0.11944485, 0.08344403
-0.57768488, -0.5654164, 0.58867151
0.94327486, 0.19572383
-0.00938101, -0.11944485, 0.08344403
-0.57768488, -0.5654164, 0.58867151
0.88323474, 0.62385237
0.00680365, 0.24943057, 0.01971496
0.41456342, -0.66570026, 0.62044132
0.36254916, 0.16943675
0.00477484, 0.24943057, 0.02055532
0.14557329, -0.66570026, 0.73183388
0.36802375, 0.17160809
-0.00275978, 0.24943057, 0.02055532
-0.14557329, -0.66570026, 0.73183388
0.38835526, 0.17160809
-0.01011636, 0.24943057, 0.01438719
-0.62044132, -0.66570026, 0.41456342
0.40820608, 0.15567064
-0.01095672, 0.24943057, 0.01235838
-0.73186439, -0.66570026, 0.14557329
0.41047361, 0.15042853
-0.01095672, 0.24943057, 0.00482378
-0.73183388, -0.66570026, -0.14557329
0.41047323, 0.1309604
-0.01011636, 0.24943057, 0.00279496
-0.65434736, -0.71184421, -0.2550737
0.40820548, 0.12571836
-0.00574872, 0.24943057, -0.00914217
-0.59434795, -0.77422404, -0.21744438
0.3964192, 0.09487486
0.00759215, 0.24943057, -0.00914217
0.5892514, -0.77623826, -0.2240669
0.36042002, 0.09487486
0.01213142, 0.24943057, 0.00279496
0.6540727, -0.71040988, -0.25974303
0.34817177, 0.12571836
0.01297178, 0.24943057, 0.00482377
0.73186439, -0.66570026, -0.14557329
0.34590423, 0.13096046
0.00765603, 0.4831146, -0.00674252
0.71727651, 0.63023776, 0.29709768
0.67074543, 0.99985283
-0.00938105, 0.01727444, 0.08095284
-0.56184578, -0.63591421, 0.52903837
0.61658007, 0.09009051
0.01045217, 0.05919765, 0.03343068
0.66331983, 0.74251533, 0.0929899
0.40659949, 0.52038819
0.01164061, 0.01727444, 0.08095284
0.58638263, -0.61558884, 0.52644432
0.56236088, 0.17160809
-0.01056948, 0.04907948, 0.08269582
-0.57371747, 0.62883389, 0.52473527
0.0, 0.6012933
0.01045217, 0.04907948, 0.08269582
0.55244607, 0.64561909, 0.52720726
0.281335, 0.57017368
0.01045217, 0.04907948, 0.08269582
0.55244607, 0.64561909, 0.52720726
0.75571096, 0.22118556
-0.00938105, 0.027852, 0.03093213
-0.79921871, -0.45896786, 0.38801232
0.88324106, 0.99998707
0.00752911, 0.09097745, 0.03402513
0.64461195, 0.35453352, 0.67726678
0.92173851, 0.63184339
-0.007193, 0.05443127, 0.03088227
-0.70552689, 0.00686666, -0.7086398
0.68568212, 0.22564638
-0.007193, 0.05446512, 0.03347642
-0.71291238, -0.0118717, 0.70110172
0.67869246, 0.22573936
-0.00673959, 0.09089626, 0.03411661
-0.57896662, 0.38749352, 0.71733755
0.6770497, 0.32028311
-0.00644174, 0.09949973, 0.02395609
-0.78753012, 0.3582873, 0.50138861
0.70447367, 0.3425954
-0.00606196, 0.11652455, 0.01828011
-0.19583727, 0.31406599, 0.92895293
0.7198301, 0.38677013
0.00825563, 0.08870491, 0.01818693
0.74498731, -0.66692096, -0.01229896
0.50219762, 0.13128698
0.0070757, 0.08751516, 0.0311109
0.86049992, -0.35087129, -0.36930448
1e-08, 0.08575141
0.00752911, 0.09097745, 0.03402513
0.64461195, 0.35453352, 0.67726678
0.57398379, 0.12727129
0.0070757, 0.05454631, 0.03338495
0.71489608, -0.01281777, 0.6990875
0.57577014, 0.22177565
0.0070757, 0.05451246, 0.0307908
0.69829404, 0.0069277, -0.71575058
0.58276218, 0.22186863
0.00820675, 0.11660574, 0.01818864
0.20545061, 0.30539873, 0.92977691
0.61657912, 0.06083781
0.00782696, 0.09958091, 0.02386462
0.7473678, 0.33957946, 0.57103181
0.60133064, 0.10498208
0.00820675, 0.11660574, 0.01818864
0.20545061, 0.30539873, 0.92977691
0.18163078, 0.12699127
0.01164056, 0.18589579, -0.01422916
0.72374648, 0.63686025, -0.26560259
0.46809804, 0.17442799
0.01161623, 0.17169409, -0.00579994
0.90423292, -0.30240792, -0.30146185
0.57156616, 0.18474817
0.0106807, 0.17169409, -0.01260857
0.58027893, -0.78899503, -0.20175786
0.5686478, 0.16721231
0.0106807, 0.17169409, -0.00579994
0.57734919, -0.57734919, -0.57734919
0.57398099, 0.18404049
0.00722541, 0.1240721, -0.01942359
0.54338205, 0.13049714, -0.82924896
0.57223076, 0.22186863
0.00732872, 0.1240721, -0.01684585
0.71767324, 0.64363539, -0.26575518
0.57398379, 0.21539348
0.01068071, 0.1240721, -0.00579994
0.57734919, 0.57734919, -0.57734919
0.57398379, 0.18545347
0.01164056, 0.16521175, 0.01822348
0.57747126, 0.57725763, 0.57728815
0.39272198, 0.24294204
0.01164056, 0.18589579, 0.01114705
0.57762384, 0.5771966, 0.57716608
0.40092051, 0.18679303
0.01161623, 0.17169409, -0.00579994
0.90423292, -0.30240792, -0.30146185
0.67704976, 0.38677013
-0.00468899, 0.18589577, -0.01942359
-0.31656849, 0.62611777, -0.71254617
0.99575639, 0.79828736
0.00722541, 0.18589577, -0.01942359
0.32807398, 0.62370676, -0.70946378
0.96360636, 0.79828767
0.00722541, 0.10814273, -0.01942359
0.59498888, 0.23306985, -0.76918852
0.96360636, 1.0
-0.00468898, 0.10822994, -0.01942359
-0.57933289, 0.23139134, -0.78151798
0.99575639, 0.99977349
0.00722541, 0.10486396, -0.0247454
0.61378825, 0.38538775, -0.68895537
0.53773087, 0.37547636
0.00722541, 0.10486396, -0.0247454
0.61378825, 0.38538775, -0.68895537
0.69613528, 0.17109692
-0.00468898, 0.08232661, -0.02232951
-0.64506972, -0.72664571, -0.23630482
0.26182723, 0.73750457
-0.00468898, 0.10495116, -0.0247454
-0.61110264, 0.3891415, -0.68926054
0.25670516, 0.79633264
-0.00468898, 0.08856582, -0.03090113
-0.57136756, -0.07629627, -0.81710255
0.28133497, 0.75757925
0.00722541, 0.08850041, -0.03090113
0.57109284, -0.08072146, -0.81685841
0.24917874, 0.17156643
0.00376143, 0.46351403, -0.01614491
0.60951567, -0.26181829, -0.74825281
0.9432748, 0.72703382
-0.00174637, 0.47734529, -0.0254104
-0.60478532, 0.53944516, -0.58583331
0.56570697, 0.23685312
0.00376143, 0.47734535, -0.0254104
0.60475481, 0.53944516, -0.58583331
0.68150234, 0.1120249
0.00376143, 0.46649498, -0.0254104
0.61564988, -0.5510422, -0.56324959
0.19649309, 0.13361591
-0.00174637, 0.47734529, -0.0254104
-0.60478532, 0.53944516, -0.58583331
0.2113554, 0.13361502
0.00376143, 0.46649498, -0.0254104
0.61564988, -0.5510422, -0.56324959
0.61992633, 0.9568606
# Number of Faces:
360
# Face Data:
0, 1, 2
3, 4, 5
6, 7, 8
9, 10, 11
12, 13, 14
15, 16, 17
3, 5, 18
19, 20, 16
21, 22, 23
16, 24, 25
26, 11, 22
27, 28, 29
30, 31, 32
33, 34, 35
36, 37, 38
38, 39, 40
41, 42, 43
37, 44, 39
45, 46, 47
48, 49, 50
51, 52, 46
53, 54, 49
55, 40, 56
57, 58, 36
59, 60, 41
58, 61, 37
62, 51, 45
48, 63, 53
64, 65, 51
53, 66, 67
55, 36, 38
68, 69, 70
71, 72, 59
58, 73, 74
75, 64, 62
76, 77, 63
78, 79, 64
63, 80, 66
81, 36, 82
83, 84, 85
86, 87, 88
89, 90, 91
92, 93, 94
95, 96, 90
97, 98, 99
100, 101, 102
103, 91, 104
105, 106, 107
108, 109, 110
111, 112, 113
114, 110, 115
116, 113, 117
118, 119, 120
121, 122, 123
43, 124, 121
125, 120, 106
126, 127, 128
129, 130, 131
49, 114, 50
125, 56, 40
44, 118, 39
132, 133, 134
135, 136, 137
125, 39, 118
138, 139, 140
141, 142, 135
143, 144, 10
145, 146, 147
148, 149, 150
151, 152, 153
154, 127, 155
148, 156, 157
145, 158, 159
160, 161, 162
163, 136, 164
165, 166, 167
168, 169, 170
165, 171, 172
173, 151, 153
162, 150, 4
174, 175, 176
177, 178, 179
154, 166, 180
152, 132, 134
25, 181, 145
182, 183, 169
184, 185, 186
187, 188, 189
98, 190, 191
52, 111, 46
192, 49, 54
46, 116, 47
193, 194, 195
196, 197, 198
199, 200, 175
195, 201, 202
203, 204, 205
206, 207, 208
209, 210, 211
212, 213, 214
203, 215, 204
216, 217, 206
202, 218, 219
220, 168, 170
221, 222, 223
224, 225, 226
227, 228, 229
230, 231, 232
233, 234, 235
236, 237, 238
239, 240, 241
242, 243, 244
208, 197, 245
246, 247, 248
249, 250, 251
252, 29, 250
253, 254, 255
256, 257, 258
259, 260, 261
262, 263, 264
265, 266, 267
268, 269, 270
271, 272, 273
274, 275, 276
277, 278, 279
19, 280, 20
281, 282, 283
284, 283, 285
286, 287, 288
289, 290, 102
291, 292, 293
294, 295, 296
297, 298, 299
300, 301, 97
293, 302, 303
0, 304, 1
3, 162, 4
6, 305, 7
9, 143, 10
12, 306, 13
176, 17, 16
15, 307, 308
308, 16, 15
25, 176, 16
309, 310, 311
311, 3, 309
18, 309, 3
16, 312, 19
313, 312, 308
20, 314, 16
308, 312, 16
21, 26, 22
16, 314, 24
26, 9, 11
27, 315, 28
32, 316, 317
317, 30, 32
318, 31, 30
35, 319, 33
320, 321, 33
33, 322, 323
323, 34, 33
319, 320, 33
36, 58, 37
38, 37, 39
41, 60, 42
37, 61, 44
45, 51, 46
48, 53, 49
51, 65, 52
53, 67, 54
55, 38, 40
57, 324, 58
59, 72, 60
58, 74, 61
62, 64, 51
48, 76, 63
64, 79, 65
53, 63, 66
55, 82, 36
70, 325, 326
326, 327, 70
68, 328, 329
329, 69, 68
70, 327, 68
71, 330, 72
58, 324, 73
75, 78, 64
76, 331, 77
78, 332, 79
63, 77, 80
81, 57, 36
85, 333, 83
334, 335, 83
83, 336, 84
84, 337, 85
333, 334, 83
88, 338, 86
339, 340, 86
86, 341, 342
342, 87, 86
338, 339, 86
89, 95, 90
92, 343, 93
95, 344, 96
191, 345, 99
97, 346, 98
191, 99, 98
347, 188, 102
100, 348, 101
102, 188, 100
103, 89, 91
105, 125, 106
108, 192, 109
111, 349, 112
114, 108, 110
116, 111, 113
118, 350, 119
121, 124, 122
43, 42, 124
125, 118, 120
126, 155, 127
351, 352, 353
129, 354, 355
356, 357, 358
129, 355, 356
353, 352, 129
131, 359, 353
130, 360, 131
357, 361, 358
358, 130, 129
131, 353, 129
129, 356, 358
49, 108, 114
125, 105, 56
44, 350, 118
132, 362, 133
135, 142, 136
125, 40, 39
138, 141, 139
141, 138, 142
143, 363, 144
145, 181, 146
148, 157, 149
151, 364, 152
154, 180, 127
148, 365, 156
145, 147, 158
148, 162, 161
366, 367, 160
161, 365, 148
366, 160, 162
163, 137, 136
165, 172, 166
168, 182, 169
165, 368, 171
173, 369, 151
162, 148, 150
176, 25, 174
145, 159, 370
370, 174, 25
25, 145, 370
179, 371, 177
177, 372, 373
373, 178, 177
154, 167, 166
152, 364, 132
25, 24, 181
182, 374, 183
186, 375, 184
376, 377, 184
184, 378, 379
379, 380, 184
381, 382, 383
384, 385, 185
381, 383, 384
184, 380, 381
375, 376, 184
384, 185, 184
184, 381, 384
187, 100, 188
98, 386, 190
52, 349, 111
192, 108, 49
46, 111, 116
193, 387, 194
196, 245, 197
175, 174, 199
199, 214, 213
213, 200, 199
195, 194, 201
160, 367, 205
388, 203, 205
205, 367, 388
206, 217, 207
209, 389, 210
212, 390, 213
203, 391, 215
216, 392, 217
202, 201, 218
220, 393, 168
221, 394, 222
226, 395, 396
396, 397, 226
398, 399, 225
226, 397, 224
398, 225, 224
227, 400, 228
230, 401, 231
402, 403, 233
403, 404, 233
235, 402, 233
234, 405, 406
406, 235, 234
236, 407, 237
239, 243, 240
242, 240, 243
208, 207, 197
246, 408, 247
249, 252, 250
252, 27, 29
253, 409, 410
410, 254, 253
409, 411, 410
258, 412, 413
256, 414, 257
258, 413, 256
415, 366, 259
162, 3, 366
3, 311, 259
261, 415, 259
408, 416, 260
260, 247, 408
3, 259, 366
260, 416, 261
262, 417, 263
267, 418, 265
419, 265, 418
266, 420, 421
421, 267, 266
422, 309, 270
18, 268, 270
270, 309, 18
271, 278, 272
274, 423, 275
277, 272, 278
424, 20, 280
19, 425, 280
280, 426, 424
281, 427, 282
284, 281, 283
286, 428, 287
102, 101, 289
429, 289, 101
291, 430, 292
294, 431, 295
297, 432, 298
97, 99, 300
433, 300, 99
293, 292, 302
