# Project Zomboid Skinned Mesh
# File Version:
1.0
# Model Name:
Cube
# Vertex Stride Element Count:
3
# Vertex Stride Size (in bytes):
76
# Vertex Stride Data:
# (Int)    Offset
# (String) Type
0
VertexArray
12
NormalArray
24
TextureCoordArray
# Vertex Count:
449
# Vertex Buffer:
-0.00138579, 0.10084354, -0.01567063
-0.57734919, -0.57734919, 0.57734919
0.97891873, 1.0
-0.00138579, 0.13727722, -0.01203168
-0.61873227, 0.35227516, 0.7021699
1.0, 0.78704615
-0.00138579, 0.1399911, -0.01567063
-0.15857418, 0.21469772, 0.96371347
0.97891873, 0.77118349
0.00208427, 0.13121915, -0.03114861
0.0, 0.63023776, 0.77636033
0.21470125, 0.08067167
0.00407782, 0.14999053, -0.03032286
-0.42027038, 0.80416274, 0.42027038
0.22629219, 0.1906094
0.00208427, 0.14999053, -0.03114861
0.0, 0.80416274, 0.59437847
0.21470124, 0.19050086
9.073e-05, 0.13121915, -0.03032286
0.54896694, 0.63023776, 0.54896694
0.20319499, 0.08078492
9.072e-05, 0.14999053, -0.03032286
0.42027038, 0.80416274, 0.42027038
0.20319499, 0.19061416
-0.00073503, 0.13121915, -0.02832931
0.77636033, 0.63023776, 0.0
0.29360607, 0.20052308
9.072e-05, 0.14999053, -0.03032286
0.42027038, 0.80416274, 0.42027038
0.28205693, 0.09056109
-0.00073503, 0.14999053, -0.02832931
0.59434795, 0.80416274, 0.0
0.29360607, 0.09080482
9.073e-05, 0.13121915, -0.02633577
0.54896694, 0.63023776, -0.54896694
0.30515504, 0.20027936
9.072e-05, 0.14999053, -0.02633576
0.42027038, 0.80416274, -0.42027038
0.30515507, 0.09056109
0.00208427, 0.13246849, -0.0239439
0.0, 0.0, 1.0
0.5858168, 0.08798355
0.00518522, 0.14999053, -0.02522836
0.30042422, 0.90499586, 0.30115664
0.6037147, 0.19032681
0.00208427, 0.14999053, -0.0239439
0.0, 0.90395826, 0.42759484
0.5858168, 0.19050294
0.00407782, 0.13121915, -0.02633577
-0.54896694, 0.63023776, -0.54896694
0.23901047, 0.0851559
0.00490358, 0.13121915, -0.02832931
-0.77636033, 0.63023776, 0.0
0.24784444, 0.07623148
0.00208427, 0.13121915, -0.03114861
0.0, 0.63023776, 0.77636033
0.26917157, 0.08517051
0.00490357, 0.14999053, -0.02832931
-0.59434795, 0.80416274, 0.0
0.51826668, 0.15146554
0.00646968, 0.14999053, -0.02832931
0.43217263, 0.90176094, 0.0
0.51479274, 0.14299858
0.00518522, 0.14999053, -0.03143026
0.3000885, 0.90499586, -0.30140081
0.5342257, 0.14299858
-0.00073503, 0.14999053, -0.02832931
0.59434795, 0.80416274, 0.0
0.5307743, 0.18195015
-0.00230113, 0.14999053, -0.02832931
-0.43073824, 0.90246284, 0.0
0.53424823, 0.19041711
-0.00101668, 0.14999053, -0.02522836
-0.30024108, 0.90505689, 0.30115664
0.51481527, 0.19041711
0.00518522, 0.13246849, -0.02522836
0.70708334, 0.0, 0.70708334
0.20319499, 0.1906141
0.00646968, 0.14999053, -0.02832931
0.43217263, 0.90176094, 0.0
0.18523037, 0.08781916
0.00518522, 0.14999053, -0.02522836
0.30042422, 0.90499586, 0.30115664
0.20319499, 0.08819824
0.00208427, 0.13121915, -0.02551001
0.0, 0.63023776, -0.77636033
0.14299665, 0.19049793
9.072e-05, 0.14999053, -0.02633576
0.42027038, 0.80416274, -0.42027038
0.1314476, 0.08073515
0.00208427, 0.14999053, -0.02551001
0.0, 0.80416274, -0.59434795
0.14299665, 0.08065498
0.00646968, 0.13246849, -0.02832931
0.99996948, 0.0, 0.0
0.18523037, 0.19023502
0.00518522, 0.14999053, -0.03143026
0.3000885, 0.90499586, -0.30140081
0.16726601, 0.08819824
0.00407782, 0.13121915, -0.02633577
-0.54896694, 0.63023776, -0.54896694
0.15454569, 0.1905781
0.00407782, 0.14999053, -0.02633576
-0.42027038, 0.80416274, -0.42027038
0.15454569, 0.08073515
0.00490358, 0.13121915, -0.02832931
-0.77636033, 0.63023776, 0.0
0.76619422, 0.09420133
0.00407782, 0.14999053, -0.02633576
-0.42027038, 0.80416274, -0.42027038
0.77775842, 0.20416224
0.00490357, 0.14999053, -0.02832931
-0.59434795, 0.80416274, 0.0
0.76619422, 0.20392555
0.00518522, 0.13246849, -0.03143026
0.70708334, 0.0, -0.70708334
0.63964367, 0.19037825
0.00208427, 0.14999053, -0.03271472
0.0, 0.90328681, -0.4290292
0.62167919, 0.08797073
0.00518522, 0.14999053, -0.03143026
0.3000885, 0.90499586, -0.30140081
0.63964367, 0.08784598
-0.00230113, 0.13246849, -0.02832931
-0.99996948, 0.0, 0.0
0.1135068, 0.08815676
-0.00101668, 0.14999053, -0.02522836
-0.30024108, 0.90505689, 0.30115664
0.1314476, 0.19020426
-0.00230113, 0.14999053, -0.02832931
-0.43073824, 0.90246284, 0.0
0.11350682, 0.1905781
0.00407782, 0.13121915, -0.03032286
-0.54896694, 0.63023776, 0.54896694
0.75466043, 0.09444171
0.00407782, 0.14999053, -0.03032286
-0.42027038, 0.80416274, 0.42027038
0.75466043, 0.20416588
0.00208427, 0.13246849, -0.03271472
0.0, 0.0, -1.0
0.62167919, 0.19050294
-0.00101668, 0.14999053, -0.03143026
-0.29990539, 0.90508741, -0.30140081
0.6037147, 0.08784598
-0.00101668, 0.13246849, -0.03143026
-0.70708334, 0.0, -0.70708334
0.09551879, 0.08778858
-0.00101668, 0.14999053, -0.03143026
-0.29990539, 0.90508741, -0.30140081
0.09551881, 0.19020998
-0.00101668, 0.13246849, -0.02522836
-0.70708334, 0.0, 0.70708334
0.56778717, 0.08781475
-0.00101668, 0.14999053, -0.02522836
-0.30024108, 0.90505689, 0.30115664
0.56778717, 0.19033414
-0.00036971, 0.1366681, -0.02122313
0.57734919, 0.57734919, 0.57734919
0.91964144, 0.25363356
0.00449391, 0.1366681, -0.01781799
-0.57734919, 0.57734919, -0.57734919
0.89992839, 0.22516996
0.00449391, 0.1366681, -0.02122313
-0.57734919, 0.57734919, 0.57734919
0.91964144, 0.22516966
0.00449391, 0.1366681, -0.02122313
-0.57734919, 0.57734919, 0.57734919
0.8802017, 0.23331743
0.00449391, 0.14993268, -0.02122313
-0.29944763, 0.90209663, 0.31067842
0.8802017, 0.31092697
0.0020621, 0.14993268, -0.02122313
0.0, 0.69954526, 0.71456039
0.8661142, 0.31092983
-0.00036971, 0.1366681, -0.01781799
0.57734919, 0.57734919, -0.57734919
0.66781968, 0.11288369
-0.00036971, 0.14993268, -0.01781799
0.30143133, 0.90459913, -0.30133978
0.66781968, 0.19050294
0.0020621, 0.14993268, -0.01781799
0.0, 0.70720541, -0.70696127
0.6537317, 0.19050294
-0.00036971, 0.1366681, -0.01781799
0.57734919, 0.57734919, -0.57734919
0.89992839, 0.3109327
-0.00036971, 0.14993268, -0.02122313
0.29947814, 0.90209663, 0.3106479
0.8802017, 0.23340154
-0.00036971, 0.14993268, -0.01781799
0.30143133, 0.90459913, -0.30133978
0.89992839, 0.23340154
0.00449391, 0.1366681, -0.02122313
-0.57734919, 0.57734919, 0.57734919
0.54798287, 0.11288178
0.00449391, 0.14993268, -0.01781799
-0.30143133, 0.90459913, -0.30133978
0.56770951, 0.19041401
0.00449391, 0.14993268, -0.02122313
-0.29944763, 0.90209663, 0.31067842
0.54798287, 0.19041711
0.0055438, 0.10084354, -0.01567063
0.57734919, -0.57734919, 0.57734919
0.96867144, 0.24903798
0.0055438, 0.13727722, -0.01203168
0.61873227, 0.35227516, 0.7021699
0.98975265, 0.46199989
0.0055438, 0.10084354, -0.01203168
0.57734919, -0.57734919, 0.57734919
0.98975259, 0.24903464
0.00987479, 0.14690958, -0.02115479
0.96722311, 0.25388348, 0.0
0.53598392, 0.45969021
0.0098748, 0.10084353, -0.01826923
0.92385632, 0.0, 0.38267159
0.55268514, 0.19041711
0.0098748, 0.10084353, -0.02115479
1.0, 0.0, 0.0
0.53596854, 0.19042075
-0.00571678, 0.14690959, -0.02115479
-0.97347939, 0.22864467, 0.0
0.59955794, 0.45975792
-0.00571678, 0.10084354, -0.03294458
-0.92584002, -0.00851466, -0.37775812
0.66785866, 0.19050288
-0.00571678, 0.10084354, -0.02115479
-1.0, 0.0, 0.0
0.59955782, 0.190503
0.0055438, 0.1399911, -0.01567063
0.15857418, 0.21469772, 0.96371347
0.11073595, 0.41965467
0.0055438, 0.14993192, -0.01567063
0.0, 0.70696127, 0.70720541
0.11073598, 0.47782439
0.002079, 0.14993192, -0.01567063
0.0, 0.70696127, 0.70720541
0.13080828, 0.47782445
-0.00571678, 0.14690959, -0.03294458
-0.96322519, 0.16644795, -0.21082187
0.66785878, 0.45975786
-0.00421417, 0.14993192, -0.02126351
-0.52855009, 0.84887236, 0.0028077
0.6001879, 0.47786677
-0.00421417, 0.14993192, -0.03554318
-0.47645497, 0.6204108, -0.62294382
0.68291318, 0.47786671
-0.00571678, 0.14690959, -0.01826923
-0.9630726, 0.1637318, 0.21359904
0.58284122, 0.45975798
-0.00421417, 0.14993192, -0.01567063
-0.47529528, 0.6227302, 0.62147892
0.56778717, 0.47786683
-0.00138579, 0.1399911, -0.01567063
-0.15857418, 0.21469772, 0.96371347
0.90532178, 0.53166151
0.0055438, 0.13727722, -0.01203168
0.61873227, 0.35227516, 0.7021699
0.92660677, 0.49108934
0.0055438, 0.1399911, -0.01567063
0.15857418, 0.21469772, 0.96371347
0.90532178, 0.49110663
0.0072762, 0.10084353, -0.03554318
0.37879574, -0.00701926, -0.92544329
0.45266166, 0.19118941
0.0080347, 0.1416622, -0.03554318
0.45918149, -0.00149541, -0.88830227
0.45266137, 0.4295671
0.0098748, 0.10084353, -0.03294458
0.92544329, -0.00674459, -0.37879574
0.46766803, 0.19043553
0.00987479, 0.14690958, -0.01826923
0.95464951, 0.18515579, 0.23303933
0.55270052, 0.45968658
0.0072762, 0.10084354, -0.01567063
0.38267159, -0.0003357, 0.92385632
0.56778711, 0.19116449
-0.00311819, 0.10084354, -0.01567063
-0.38264108, -0.00042726, 0.92385632
0.99394405, 0.48393118
-0.00571678, 0.14690959, -0.01826923
-0.9630726, 0.1637318, 0.21359904
0.97891873, 0.7539525
-0.00571678, 0.10084354, -0.01826923
-0.92385632, 0.0, 0.38267159
0.97893763, 0.4846831
-0.00407464, 0.1416622, -0.03554318
-0.48237556, -0.00161748, -0.87594223
0.68291318, 0.42957151
-0.00138579, 0.1399911, -0.01567063
-0.15857418, 0.21469772, 0.96371347
0.15088059, 0.41965461
-0.00138579, 0.14993192, -0.01567063
0.0, 0.70696127, 0.70720541
0.1508806, 0.47782439
-0.00421417, 0.14993192, -0.01567063
-0.47529528, 0.6227302, 0.62147892
0.16726601, 0.47782439
0.0055438, 0.10084354, -0.01567063
0.57734919, -0.57734919, 0.57734919
0.11073587, 0.19057816
0.0072762, 0.10084354, -0.01567063
0.38267159, -0.0003357, 0.92385632
0.10069971, 0.19057816
0.0055438, 0.10084354, -0.01567063
0.57734919, -0.57734919, 0.57734919
0.75466043, 0.09420133
-0.00138579, 0.10084354, -0.01203168
-0.57734919, -0.57734919, 0.57734919
0.77572703, 0.05364609
-0.00138579, 0.10084354, -0.01567063
-0.57734919, -0.57734919, 0.57734919
0.75466043, 0.05364645
-0.00427323, 0.02608117, -0.00498912
0.77437663, 0.63103122, -0.04586932
0.31261092, 0.45558608
0.00843124, 0.02467168, -0.00884416
-0.81606495, 0.40739158, -0.40989411
0.3862153, 0.47782081
-0.00427323, 0.02467168, -0.00884416
0.81606495, 0.40739158, -0.40989411
0.31261551, 0.47782445
0.01098925, 0.01660952, -0.03431497
0.66460156, -0.63509017, -0.3935667
0.41236582, 0.99323431
0.00843124, 0.01930681, -0.03749109
0.61244547, -0.60084844, -0.51362652
0.43142527, 0.97756455
0.00843124, 0.03155188, -0.03749109
0.63686025, 0.25452438, -0.72771388
0.43456736, 0.90605898
-0.00692964, 0.01660951, -0.03431497
-0.66460156, -0.63319802, -0.39664906
0.86497712, 0.48461378
-0.00692964, 0.1036842, -0.02097827
-0.70290232, 0.70290232, 0.10855434
0.81013393, 0.99652387
-0.00692963, 0.10431454, -0.03431497
-0.67159033, 0.63942379, -0.37421796
0.88748217, 0.99674294
-0.00427323, 0.03159711, -0.03749109
-0.6266976, 0.25351727, -0.73683888
0.88723946, 0.57208845
-0.00427323, 0.01930681, -0.03749109
-0.60570085, -0.6023438, -0.51985228
0.88408577, 0.50032264
-0.00692964, 0.01459548, -0.01499932
-0.69927061, 0.7030549, 0.12912381
0.75267059, 0.47786683
-0.00427323, 0.01636593, -0.0118232
-0.38935515, 0.81612599, -0.42695394
0.73477775, 0.48981249
-0.00427323, 0.02824259, -0.0118232
0.34125796, 0.0, 0.93993956
0.73782527, 0.55916297
0.00843124, 0.05679611, -0.0118232
0.21536912, -0.29895931, 0.92962432
0.29249129, 0.75200601
0.00843124, 0.02824259, -0.0118232
-0.33252966, 0.0, 0.94308299
0.28516445, 0.91874544
0.01098925, 0.01459548, -0.01499932
0.69917905, 0.70476395, 0.12012085
0.30005905, 1.0
0.01098925, 0.01459548, -0.01499932
0.69917905, 0.70476395, 0.12012085
0.77842712, 0.19500721
-0.00427323, 0.01636593, -0.0118232
-0.38935515, 0.81612599, -0.42695394
0.86685079, 0.21319389
0.00843124, 0.01636592, -0.0118232
0.39780876, 0.80956447, -0.43159276
0.79325104, 0.21319586
0.01098925, 0.10467815, -0.02994669
0.69212925, 0.72164065, -0.01092563
0.41641939, 0.1020512
-0.00692963, 0.10431454, -0.03431497
-0.67159033, 0.63942379, -0.37421796
0.31261587, 0.07650882
-0.00692963, 0.10467818, -0.02994669
-0.69212925, 0.72164065, -0.01092563
0.3126114, 0.10204381
0.01098926, 0.10368418, -0.02097827
0.70290232, 0.70290232, 0.10861538
0.41642135, 0.1546098
-0.00692964, 0.1036842, -0.02097827
-0.70290232, 0.70290232, 0.10855434
0.31261337, 0.15460241
-0.00215582, 0.10202652, -0.0118232
0.00769066, 0.6380505, 0.76992095
0.34027526, 0.20830595
-0.00692963, 0.10452042, -0.02695722
-0.69750053, 0.71324807, 0.06854457
0.31261092, 0.11955005
0.01098925, 0.1045204, -0.02695722
0.69753104, 0.71324807, 0.06854457
0.41641891, 0.11955744
0.00843124, 0.10206636, -0.03749109
0.33960998, 0.36924344, -0.86504716
0.45266134, 0.49428689
0.01098925, 0.09112976, -0.03431497
0.72701192, -0.63878292, -0.25171667
0.43148768, 0.55807042
0.00843124, 0.09099862, -0.03749109
0.33683279, -0.64375746, -0.68706322
0.44982135, 0.55891743
0.0072762, 0.09113349, -0.03554318
0.22794275, -0.82485425, -0.51731926
0.43691009, 0.20796448
0.00373982, 0.06726714, -0.03554318
0.59883422, 0.56361586, -0.56892604
0.41642389, 0.06832951
0.00373982, 0.09113349, -0.03554318
0.59269994, -0.5950194, -0.5427717
0.41642386, 0.20796871
0.0098748, 0.09113349, -0.03081522
0.60454118, -0.58455151, -0.54109317
0.238628, 0.1906122
0.0098748, 0.06726713, -0.03294458
0.55391097, 0.80071414, -0.22797327
0.22629219, 0.05110848
0.0098748, 0.09113349, -0.03294458
0.54768515, -0.80520034, -0.22727133
0.22629221, 0.19061416
0.0098748, 0.09113349, -0.03294458
0.54768515, -0.80520034, -0.22727133
0.45209703, 0.20831031
0.0072762, 0.06726713, -0.03554318
0.22830898, 0.79338968, -0.56422621
0.43691009, 0.06832528
0.0072762, 0.06726713, -0.03554318
0.22830898, 0.79338968, -0.56422621
0.51407665, 0.12021679
0.0098748, 0.06726713, -0.03294458
0.55391097, 0.80071414, -0.22797327
0.51681125, 0.09888852
0.01098925, 0.06725466, -0.03431497
0.72579122, 0.63750112, -0.25836971
0.50658315, 0.09861648
0.01098925, 0.09112976, -0.03431497
0.72701192, -0.63878292, -0.25171667
0.90543211, 0.29799724
0.0072762, 0.09113349, -0.03554318
0.22794275, -0.82485425, -0.51731926
0.91292286, 0.27639753
0.00843124, 0.09099862, -0.03749109
0.33683279, -0.64375746, -0.68706322
0.89992839, 0.27482051
0.00386195, 0.09099862, -0.03749109
0.32370982, -0.32230598, -0.88955349
0.16583255, 0.05147451
0.00373982, 0.06726714, -0.03554318
0.59883422, 0.56361586, -0.56892604
0.15454571, 0.19015837
0.00386195, 0.06720107, -0.03749109
0.29606006, 0.3150731, -0.90166938
0.16583256, 0.1905781
0.0098748, 0.06726713, -0.03081522
0.60863066, 0.57976013, -0.54164249
0.30515507, 0.06088388
0.01098925, 0.09112976, -0.03068991
0.91598254, -0.27362895, -0.29340494
0.31161752, 0.20051688
0.01098925, 0.06725466, -0.03068991
0.91729486, 0.2728965, -0.28995636
0.31161755, 0.06082642
0.00843124, 0.03033039, -0.03932776
0.64049196, 0.36432996, -0.6760155
0.4448837, 0.913667
-0.00692964, 0.10283778, -0.01499932
-0.69075596, 0.64156008, 0.33347574
0.77531344, 0.99313328
-0.00692964, 0.01518516, -0.02126856
-0.99996948, 0.00073244, -0.00747703
0.7891053, 0.4796828
0.01098926, 0.10283778, -0.01499932
0.69112217, 0.64415419, 0.32764673
0.32270196, 0.48470575
0.01098925, 0.01518516, -0.02126856
0.99996948, 0.00073244, -0.00747703
0.33649385, 0.99817782
0.01098926, 0.10368418, -0.02097827
0.70290232, 0.70290232, 0.10861538
0.35752252, 0.48130929
0.00843124, 0.05679611, -0.0118232
0.21536912, -0.29895931, 0.92962432
0.0, 1.0
-0.00427323, 0.05679613, -0.0118232
0.0, 0.0, 1.0
0.0, 1.0
0.0074168, 0.04899892, 0.03516418
0.5771966, 0.54445022, -0.60856962
0.9440788, 0.21315157
-0.00325878, 0.01835598, 0.03691084
-0.57747126, -0.60841703, -0.54432815
0.88223523, 0.03414202
-0.00325878, 0.04899892, 0.03516418
-0.5771966, 0.54445022, -0.60856962
0.88223523, 0.21319586
0.00843125, 0.04589655, 0.03541761
-0.59331036, -0.51918089, -0.61513108
0.2390112, 0.20052314
-0.00427323, 0.05238562, 0.0067966
0.71175265, -0.68166143, -0.16940825
0.31261021, 0.36852545
0.00843125, 0.05238561, 0.0067966
-0.71178317, -0.68166143, -0.16940825
0.23901047, 0.36850756
-0.00427323, 0.01734302, 0.03696577
0.5648976, 0.62584305, -0.53773612
0.31261554, 0.20831382
0.00843124, 0.02608117, -0.00498912
-0.77437663, 0.63103122, -0.04586932
0.38621068, 0.45558244
0.01098925, 0.1045204, -0.02695722
0.69753104, 0.71324807, 0.06854457
0.39234048, 0.47797251
0.01098925, 0.09112976, -0.03068991
0.91598254, -0.27362895, -0.29340494
0.4105075, 0.55713287
-0.00427323, 0.02467168, -0.00884416
0.81606495, 0.40739158, -0.40989411
0.4526614, 0.19041711
0.00843124, 0.01636592, -0.0118232
0.39780876, 0.80956447, -0.43159276
0.5010581, 0.1160652
-0.00427323, 0.01636593, -0.0118232
-0.38935515, 0.81612599, -0.42695394
0.5010581, 0.19041711
0.00843125, 0.05316293, 0.00392374
-0.70290232, -0.68993193, -0.17285684
0.2390112, 0.38537878
-0.00427323, 0.05679613, -0.0118232
-0.16043581, -0.23041475, 0.95974606
0.31261092, 0.47782445
0.00843124, 0.05679611, -0.0118232
0.21536912, -0.29895931, 0.92962432
0.23901121, 0.47780657
-0.00427323, 0.05316293, 0.00392374
0.70290232, -0.68993193, -0.17285684
0.31261092, 0.38539666
-0.00163624, 0.05316294, 0.00392375
-0.75972778, -0.00021363, -0.65019685
0.0430465, 0.01340479
0.00579426, 0.08576041, 0.00391177
0.86373484, -0.29303873, -0.40992463
0.0, 0.20415145
0.00579426, 0.05316293, 0.00392373
0.75972778, -0.00021363, -0.65019685
1e-08, 0.01340467
0.00579426, 0.08576041, 0.00391177
0.86373484, -0.29303873, -0.40992463
0.02254208, 0.39054239
0.00579427, 0.09524174, -0.01205518
0.6219672, 0.74324781, 0.2463454
0.08657943, 0.47782445
0.00579427, 0.08900116, 0.00677268
0.59611803, 0.47019866, 0.65077668
0.0, 0.40152228
-0.00163622, 0.09524174, -0.01205515
-0.6219672, 0.74324781, 0.2463454
0.76948804, 0.20416594
-0.00163623, 0.09122367, -0.0120432
-0.7712943, -0.60209966, -0.20615253
0.77842695, 0.22584742
-0.00163623, 0.08576041, 0.00391179
-0.86376536, -0.29300821, -0.40989411
0.70545405, 0.29146123
0.0055438, 0.13727722, -0.01203168
0.61873227, 0.35227516, 0.7021699
0.9440788, 0.2131958
-0.00138579, 0.10084354, -0.01203168
-0.57734919, -0.57734919, 0.57734919
0.98422343, 6e-08
0.0055438, 0.10084354, -0.01203168
0.57734919, -0.57734919, 0.57734919
0.9440788, 6e-08
-0.00163622, 0.09524174, -0.01205515
-0.6219672, 0.74324781, 0.2463454
0.04304652, 0.20415157
0.00579427, 0.08900116, 0.00677268
0.59611803, 0.47019866, 0.65077668
0.086093, 0.0926742
0.00579427, 0.09524174, -0.01205518
0.6219672, 0.74324781, 0.2463454
0.08609301, 0.20414668
0.00579426, 0.08576041, 0.00391177
0.86373484, -0.29303873, -0.40992463
0.23901047, 0.10672206
-0.00163623, 0.09122367, -0.0120432
-0.7712943, -0.60209966, -0.20615253
0.28205693, 0.20052308
0.00579426, 0.09122366, -0.01204322
0.7712943, -0.60209966, -0.20615253
0.23901048, 0.2005074
0.00579427, 0.08900116, 0.00677268
0.59611803, 0.47019866, 0.65077668
0.96867144, 0.47785771
-0.00163624, 0.05238562, 0.00679661
-0.6392712, 0.0004883, 0.76894438
0.92562652, 0.26363671
0.00579426, 0.0523856, 0.00679658
0.6392712, 0.0004883, 0.76894438
0.96867138, 0.26362753
-0.00427323, 0.10202652, -0.0118232
-0.32612079, 0.52577287, 0.78560746
0.85202676, 0.47786683
-0.00427323, 0.05679613, -0.0118232
0.0, 0.0, 1.0
0.85202676, 0.21319586
-0.00215582, 0.10202652, -0.0118232
0.00769066, 0.6380505, 0.76992095
0.83976012, 0.47786683
-0.00692964, 0.01518516, -0.02126856
-0.99996948, 0.00073244, -0.00747703
0.88223499, 0.15821105
0.01098925, 0.01518516, -0.02126856
0.99996948, 0.00073244, -0.00747703
0.77842695, 0.15821379
-0.00692964, 0.01660951, -0.03431497
-0.66460156, -0.63319802, -0.39664906
0.88223517, 0.08160043
-0.00187541, 0.03036053, -0.03932776
0.64058352, 0.36368906, -0.67625964
0.5341863, 0.13586026
-0.00187541, 0.03158203, -0.03749109
0.20963164, 0.25727102, -0.94329661
0.54482651, 0.14299852
-0.00187541, 0.0220302, -0.03749109
0.57759333, 0.57704395, -0.5773797
0.54482651, 0.0871653
0.0074168, 0.01835597, 0.03691084
0.57747126, -0.60841703, -0.54432815
0.08609301, 0.02474159
0.0074168, 0.04907162, 0.03650527
0.57747126, 0.60841703, 0.54432815
0.09387344, 0.20412749
0.0074168, 0.01842869, 0.03825192
0.5771966, -0.54445022, 0.60856962
0.09387346, 0.02471751
0.0074168, 0.01835597, 0.03691084
0.57747126, -0.60841703, -0.54432815
0.28205693, 0.09056103
-0.00325878, 0.01842869, 0.03825192
-0.5771966, -0.54445022, 0.60856962
0.28980497, 0.02808279
-0.00325878, 0.01835598, 0.03691084
-0.57747126, -0.60841703, -0.54432815
0.28205693, 0.02808309
-0.00325878, 0.04899892, 0.03516418
-0.5771966, 0.54445022, -0.60856962
0.27693456, 0.04424417
0.0074168, 0.04907162, 0.03650527
0.57747126, 0.60841703, 0.54432815
0.26917154, 0.10672152
0.0074168, 0.04899892, 0.03516418
0.5771966, 0.54445022, -0.60856962
0.27693456, 0.10672212
0.0074168, 0.04907162, 0.03650527
0.57747126, 0.60841703, 0.54432815
0.38621533, 0.47782433
-0.00325878, 0.01842869, 0.03825192
-0.5771966, -0.54445022, 0.60856962
0.44806126, 0.29868329
0.0074168, 0.01842869, 0.03825192
0.5771966, -0.54445022, 0.60856962
0.3862153, 0.29868317
-0.00325878, 0.01835598, 0.03691084
-0.57747126, -0.60841703, -0.54432815
0.67560023, 0.01110429
-0.00325878, 0.04907163, 0.03650527
-0.57747126, 0.60841703, 0.54432815
0.66781974, 0.19047999
-0.00325878, 0.04899892, 0.03516418
-0.5771966, 0.54445022, -0.60856962
0.67560017, 0.19050294
0.00843125, 0.04589655, 0.03541761
-0.59331036, -0.51918089, -0.61513108
0.85202676, 0.47786677
-0.00427323, 0.01734302, 0.03696577
0.5648976, 0.62584305, -0.53773612
0.92562652, 0.31093282
-0.00427323, 0.04589655, 0.03541761
0.59331036, -0.51918089, -0.61513108
0.92562652, 0.47786683
0.00843124, 0.02608117, -0.00498912
-0.77437663, 0.63103122, -0.04586932
0.24505742, 0.92959978
0.00843125, 0.05316293, 0.00392374
-0.70290232, -0.68993193, -0.17285684
0.20042312, 0.76914974
-0.00427323, 0.05316293, 0.00392374
0.70290232, -0.68993193, -0.17285684
0.6530841, 0.7087656
-0.00427323, 0.05238562, 0.0067966
0.71175265, -0.68166143, -0.16940825
0.63625795, 0.70497245
-0.00427323, 0.02608117, -0.00498912
0.77437663, 0.63103122, -0.04586932
0.69771832, 0.54831573
0.00594122, 0.02202266, -0.03749109
-0.57707447, 0.57762384, -0.57728815
0.06128976, 0.04692787
-0.00187541, 0.0220302, -0.04064043
0.27246925, 0.44117558, -0.85503709
0.04304656, 0.09267414
-0.00187541, 0.0220302, -0.03749109
0.57759333, 0.57704395, -0.5773797
0.06128977, 0.09267414
-0.00187541, 0.03119551, -0.03840943
0.67290264, 0.62334055, -0.39820552
0.40205252, 0.22432882
-0.00427323, 0.03037562, -0.03932776
-0.63829464, 0.36664936, -0.67683953
0.40730894, 0.2103008
-0.00427323, 0.03121059, -0.03840943
-0.66902679, 0.62660605, -0.39967039
0.40205249, 0.21029574
0.01098925, 0.01660952, -0.03431497
0.66460156, -0.63509017, -0.3935667
0.77842712, 0.08160317
-0.00427323, 0.01930681, -0.03749109
-0.60570085, -0.6023438, -0.51985228
0.86685139, 0.06243777
0.00843124, 0.01930681, -0.03749109
0.61244547, -0.60084844, -0.51362652
0.79325163, 0.06243968
0.00843124, 0.03155188, -0.03749109
0.63686025, 0.25452438, -0.72771388
0.38621536, 0.22432667
0.00594122, 0.03118044, -0.03840943
-0.66908783, 0.62654501, -0.39963987
0.39150572, 0.20975608
0.00594122, 0.03156696, -0.03749109
-0.2062746, 0.25626391, -0.94433421
0.3862153, 0.20975393
-0.00427323, 0.01930681, -0.04116036
-0.56666768, -0.52867216, -0.6319468
0.8668505, 0.04097849
0.00843124, 0.01930681, -0.04116036
0.56666768, -0.52858061, -0.63200784
0.38630828, 0.22433382
-0.00427323, 0.01930681, -0.04116036
-0.56666768, -0.52867216, -0.6319468
0.3862153, 0.29868287
0.00594122, 0.02202266, -0.04064043
-0.27100438, 0.44178593, -0.85518968
0.40208852, 0.23890239
0.00843124, 0.03116536, -0.03840943
0.67284155, 0.62340158, -0.39823604
0.39150572, 0.22432882
0.00594122, 0.03034546, -0.03932776
-0.63838619, 0.36616108, -0.67699212
0.39676213, 0.20976114
0.00594122, 0.03156696, -0.03749109
-0.2062746, 0.25626391, -0.94433421
0.47751251, 0.11606526
0.00594122, 0.03034546, -0.03932776
-0.63838619, 0.36616108, -0.67699212
0.48815274, 0.10892558
0.00594122, 0.02202266, -0.03749109
-0.57707447, 0.57762384, -0.57728815
0.47751245, 0.06027901
-0.00427323, 0.03037562, -0.03932776
-0.63829464, 0.36664936, -0.67683953
0.89755583, 0.5644792
-0.00427323, 0.01930681, -0.04116036
-0.56666768, -0.52867216, -0.6319468
0.90532178, 0.49937028
-0.00187541, 0.03158203, -0.03749109
0.20963164, 0.25727102, -0.94329661
0.3967621, 0.22432673
-0.00427323, 0.03159711, -0.03749109
-0.6266976, 0.25351727, -0.73683888
0.3967621, 0.21029359
0.00386195, 0.06720107, -0.03749109
0.29606006, 0.3150731, -0.90166938
0.93179166, 0.73566401
0.00594122, 0.03156696, -0.03749109
-0.2062746, 0.25626391, -0.94433421
0.91974646, 0.94415745
-0.00187541, 0.03158203, -0.03749109
0.20963164, 0.25727102, -0.94329661
0.96502817, 0.94405994
0.01098925, 0.10431454, -0.03431497
0.67168188, 0.64140749, -0.37061679
0.41642386, 0.07651621
-0.00427322, 0.10206639, -0.03749109
-0.33161414, 0.37018952, -0.86773276
0.32802102, 0.05809551
0.0055438, 0.14993192, -0.01567063
0.0, 0.70696127, 0.70720541
0.69813037, 0.0878731
0.00817052, 0.14993192, -0.01567063
0.46140933, 0.62855923, 0.62608725
0.68291318, 0.08787334
0.00449391, 0.14993268, -0.01781799
-0.30143133, 0.90459913, -0.30133978
0.70421261, 0.10043919
6.873e-05, 0.1450378, -0.03849187
-0.60563982, 0.54188663, -0.58265936
0.56770951, 0.06920922
0.00381769, 0.13760485, -0.03983286
0.57261878, -0.4506363, -0.68480486
0.5460518, 0.11287868
0.00013034, 0.13760485, -0.03983286
-0.57786798, -0.44657734, -0.6830653
0.56741261, 0.11287868
0.00381769, 0.13656741, -0.03554318
0.63985109, -0.74727625, -0.17914365
0.66449428, 0.05907297
0.00400103, 0.1450378, -0.03849187
0.61061436, 0.53715628, -0.58183539
0.64741164, 0.10853571
0.00400103, 0.14578229, -0.03554318
0.6508072, 0.73610646, -0.18585773
0.66449428, 0.11288363
0.00013034, 0.13656741, -0.03554318
-0.64470351, -0.74309516, -0.17917417
0.06128977, 0.0673604
0.00381769, 0.13760485, -0.03983286
0.57261878, -0.4506363, -0.68480486
0.08265139, 0.09267247
0.00381769, 0.13656741, -0.03554318
0.63985109, -0.74727625, -0.17914365
0.08265139, 0.06735867
0.00013034, 0.13656741, -0.03554318
-0.64470351, -0.74309516, -0.17917417
0.47751245, 0.11606526
6.873e-05, 0.1450378, -0.03849187
-0.60563982, 0.54188663, -0.58265936
0.46043003, 0.06657416
0.00013034, 0.13760485, -0.03983286
-0.57786798, -0.44657734, -0.6830653
0.45266137, 0.11000144
0.00400103, 0.14578229, -0.03554318
0.6508072, 0.73610646, -0.18585773
0.68291318, 0.08786714
6.873e-05, 0.1450378, -0.03849187
-0.60563982, 0.54188663, -0.58265936
0.69993776, 0.06485879
6.873e-05, 0.14578229, -0.03554318
-0.6465041, 0.73967713, -0.18674275
0.68291318, 0.06485373
-0.00407464, 0.1416622, -0.03554318
-0.48237556, -0.00161748, -0.87594223
0.16808406, 0.42943919
0.00207901, 0.14993192, -0.03554318
0.0, 0.70110172, -0.71303445
0.20372233, 0.47782445
0.0080347, 0.1416622, -0.03554318
0.45918149, -0.00149541, -0.88830227
0.2382334, 0.42943925
-0.00571678, 0.10084354, -0.01826923
-0.92385632, 0.0, 0.38267159
0.5828411, 0.19050306
0.00987479, 0.14690958, -0.03294458
0.95461899, 0.18671224, -0.23197119
0.46768343, 0.459705
0.00817053, 0.14993191, -0.02126351
0.50630206, 0.86233103, 0.00286874
0.5353865, 0.47784889
0.00817053, 0.14993191, -0.03554318
0.46296579, 0.62572098, -0.62776572
0.45266163, 0.47786683
0.00817052, 0.14993192, -0.01567063
0.46140933, 0.62855923, 0.62608725
0.56778711, 0.47784191
0.00646968, 0.14999053, -0.02832931
0.43217263, 0.90176094, 0.0
0.69276696, 0.16195524
0.00817053, 0.14993191, -0.02126351
0.50630206, 0.86233103, 0.00286874
0.68291318, 0.12060243
0.00817053, 0.14993191, -0.03554318
0.46296579, 0.62572098, -0.62776572
0.68291318, 0.20416588
-0.00036971, 0.14993268, -0.01781799
0.30143133, 0.90459913, -0.30133978
0.73238862, 0.10043877
-0.00036971, 0.14993268, -0.02122313
0.29947814, 0.90209663, 0.3106479
0.73238862, 0.12036544
-0.00421417, 0.14993192, -0.02126351
-0.52855009, 0.84887236, 0.0028077
0.75466037, 0.12060136
-0.00138579, 0.10084354, -0.01203168
-0.57734919, -0.57734919, 0.57734919
1.0, 0.99999996
0.00407782, 0.13121915, -0.03032286
-0.54896694, 0.63023776, 0.54896694
0.22629219, 0.08078021
9.073e-05, 0.13121915, -0.03032286
0.54896694, 0.63023776, 0.54896694
0.28205693, 0.20027936
0.00518522, 0.13246849, -0.02522836
0.70708334, 0.0, 0.70708334
0.6037147, 0.08780742
9.073e-05, 0.13121915, -0.03032286
0.54896694, 0.63023776, 0.54896694
0.26917157, 0.09779763
-0.00073503, 0.13121915, -0.02832931
0.77636033, 0.63023776, 0.0
0.26033759, 0.10672212
9.073e-05, 0.13121915, -0.02633577
0.54896694, 0.63023776, -0.54896694
0.24784446, 0.10671604
0.00208427, 0.13121915, -0.02551001
0.0, 0.63023776, -0.77636033
0.23901047, 0.09778303
0.00407782, 0.13121915, -0.03032286
-0.54896694, 0.63023776, 0.54896694
0.26033759, 0.0762375
0.00208427, 0.14999053, -0.03271472
0.0, 0.90328681, -0.4290292
0.54797351, 0.15688711
0.00208427, 0.14999053, -0.03114861
0.0, 0.80416274, 0.59437847
0.53959805, 0.16039431
0.00407782, 0.14999053, -0.03032286
-0.42027038, 0.80416274, 0.42027038
0.53075981, 0.15146554
0.00518522, 0.14999053, -0.02522836
0.30042422, 0.90499586, 0.30115664
0.5010581, 0.15688711
0.00208427, 0.14999053, -0.02551001
0.0, 0.80416274, -0.59434795
0.50944293, 0.17302144
0.00208427, 0.14999053, -0.0239439
0.0, 0.90395826, 0.42759484
0.50106746, 0.17652857
0.00407782, 0.14999053, -0.02633576
-0.42027038, 0.80416274, -0.42027038
0.50943691, 0.16039431
9.072e-05, 0.14999053, -0.02633576
0.42027038, 0.80416274, -0.42027038
0.51828116, 0.18195015
-0.00101668, 0.14999053, -0.03143026
-0.29990539, 0.90508741, -0.30140081
0.54798287, 0.17652857
9.072e-05, 0.14999053, -0.03032286
0.42027038, 0.80416274, 0.42027038
0.53960401, 0.17302144
9.073e-05, 0.13121915, -0.02633577
0.54896694, 0.63023776, -0.54896694
0.1314476, 0.1905781
0.00518522, 0.13246849, -0.03143026
0.70708334, 0.0, -0.70708334
0.16726601, 0.19061416
0.00407782, 0.13121915, -0.02633577
-0.54896694, 0.63023776, -0.54896694
0.77775842, 0.09443802
-0.00101668, 0.13246849, -0.02522836
-0.70708334, 0.0, 0.70708334
0.13144757, 0.08778286
-0.00101668, 0.13246849, -0.03143026
-0.70708334, 0.0, -0.70708334
0.6037147, 0.19037825
-0.00036971, 0.1366681, -0.01781799
0.57734919, 0.57734919, -0.57734919
0.89992839, 0.25363386
-0.00036971, 0.14993268, -0.02122313
0.29947814, 0.90209663, 0.3106479
0.85202676, 0.31093276
-0.00036971, 0.1366681, -0.02122313
0.57734919, 0.57734919, 0.57734919
0.85202676, 0.23332322
0.00449391, 0.14993268, -0.01781799
-0.30143133, 0.90459913, -0.30133978
0.63964367, 0.19050294
0.00449391, 0.1366681, -0.01781799
-0.57734919, 0.57734919, -0.57734919
0.63964367, 0.11288369
-0.00036971, 0.1366681, -0.02122313
0.57734919, 0.57734919, 0.57734919
0.8802017, 0.31093276
0.00449391, 0.1366681, -0.01781799
-0.57734919, 0.57734919, -0.57734919
0.56770951, 0.11287862
0.0055438, 0.1399911, -0.01567063
0.15857418, 0.21469772, 0.96371347
0.96867144, 0.47786683
-0.00138579, 0.13727722, -0.01203168
-0.61873227, 0.35227516, 0.7021699
0.92660677, 0.5316442
-0.00421417, 0.14993192, -0.01567063
-0.47529528, 0.6227302, 0.62147892
0.99394405, 0.77118348
-0.00311818, 0.10084354, -0.03554318
-0.37775812, -0.00885037, -0.92584002
0.68291318, 0.19126987
-0.00311819, 0.10084354, -0.01567063
-0.38264108, -0.00042726, 0.92385632
0.16091667, 0.19057816
-0.00138579, 0.10084354, -0.01567063
-0.57734919, -0.57734919, 0.57734919
0.1508805, 0.19057816
0.00817052, 0.14993192, -0.01567063
0.46140933, 0.62855923, 0.62608725
0.09551879, 0.47782445
0.0055438, 0.10084354, -0.01203168
0.57734919, -0.57734919, 0.57734919
0.77572703, 0.09420097
0.00843124, 0.06720107, -0.03749109
0.33927426, 0.61088902, -0.71529281
0.44371492, 0.69788414
0.01098925, 0.06725466, -0.03431497
0.72579122, 0.63750112, -0.25836971
0.42536134, 0.6974901
-0.00692963, 0.10467818, -0.02994669
-0.69212925, 0.72164065, -0.01092563
0.86229396, 1.0
-0.00692963, 0.10452042, -0.02695722
-0.69750053, 0.71324807, 0.06854457
0.84495181, 0.99985478
-0.00427323, 0.06729154, -0.03749109
-0.42332223, 0.0, -0.90594196
0.8963986, 0.7805163
-0.00427322, 0.10206639, -0.03749109
-0.33161414, 0.37018952, -0.86773276
0.90532178, 0.98357431
-0.00427323, 0.05679613, -0.0118232
-0.16043581, -0.23041475, 0.95974606
0.74515206, 0.72589347
-0.00427323, 0.10202652, -0.0118232
-0.32612079, 0.52577287, 0.78560746
0.75675815, 0.99000388
0.00843124, 0.10202652, -0.0118232
0.33356732, 0.52446061, 0.7833491
0.30409738, 0.4878813
0.00843124, 0.01636592, -0.0118232
0.39780876, 0.80956447, -0.43159276
0.28211692, 0.98809974
-0.00692964, 0.01459548, -0.01499932
-0.69927061, 0.7030549, 0.12912381
0.88223517, 0.1950044
0.00631383, 0.10202652, -0.0118232
-0.00781274, 0.63795894, 0.7700125
0.38934174, 0.20830941
0.00843124, 0.10202652, -0.0118232
0.33356732, 0.52446061, 0.7833491
0.40160838, 0.20831031
0.01098926, 0.10283778, -0.01499932
0.69112217, 0.64415419, 0.32764673
0.41642383, 0.18966287
-0.00692964, 0.10283778, -0.01499932
-0.69075596, 0.64156008, 0.33347574
0.31261584, 0.18965554
-0.00427323, 0.10202652, -0.0118232
-0.32612079, 0.52577287, 0.78560746
0.32800865, 0.20830506
0.01098925, 0.10431454, -0.03431497
0.67168188, 0.64140749, -0.37061679
0.4348709, 0.48107749
0.0098748, 0.06726713, -0.03081522
0.60863066, 0.57976013, -0.54164249
0.23862799, 0.05110645
0.0098748, 0.06726713, -0.03294458
0.55391097, 0.80071414, -0.22797327
0.452097, 0.06867111
0.01098925, 0.06725466, -0.03068991
0.91729486, 0.2728965, -0.28995636
0.52321661, 0.08566815
0.00843124, 0.06720107, -0.03749109
0.33927426, 0.61088902, -0.71529281
0.5010581, 0.12181669
0.00386195, 0.06720107, -0.03749109
0.29606006, 0.3150731, -0.90166938
0.51721567, 0.14299852
0.00373982, 0.06726714, -0.03554318
0.59883422, 0.56361586, -0.56892604
0.52658176, 0.13661039
0.0098748, 0.06726713, -0.03081522
0.60863066, 0.57976013, -0.54164249
0.52658176, 0.09128267
0.00386195, 0.09099862, -0.03749109
0.32370982, -0.32230598, -0.88955349
0.91607982, 0.25363386
0.01098925, 0.09112976, -0.03068991
0.91598254, -0.27362895, -0.29340494
0.92205924, 0.31093276
0.0098748, 0.09113349, -0.03294458
0.54768515, -0.80520034, -0.22727133
0.91565645, 0.2977193
0.0098748, 0.09113349, -0.03081522
0.60454118, -0.58455151, -0.54109317
0.9254232, 0.30531764
0.00373982, 0.09113349, -0.03554318
0.59269994, -0.5950194, -0.5427717
0.9254232, 0.26000017
0.00373982, 0.09113349, -0.03554318
0.59269994, -0.5950194, -0.5427717
0.15454569, 0.05065268
0.0098748, 0.09113349, -0.03081522
0.60454118, -0.58455151, -0.54109317
0.30515507, 0.20052308
0.00843124, 0.03116536, -0.03840943
0.67284155, 0.62340158, -0.39823604
0.43978307, 0.90855353
0.00843124, 0.01930681, -0.04116036
0.56666768, -0.52858061, -0.63200784
0.45266134, 0.97851347
0.0074168, 0.01835597, 0.03691084
0.57747126, -0.60841703, -0.54432815
0.9440788, 0.03409785
-0.00427323, 0.04589655, 0.03541761
0.59331036, -0.51918089, -0.61513108
0.31261092, 0.20054102
0.00843125, 0.01734301, 0.03696577
-0.5648976, 0.62584305, -0.53773612
0.3862153, 0.20831031
0.01098925, 0.10467815, -0.02994669
0.69212925, 0.72164065, -0.01092563
0.40968263, 0.47782445
0.01098925, 0.06725466, -0.03068991
0.91729486, 0.2728965, -0.28995636
0.40438116, 0.69655257
0.00843124, 0.02467168, -0.00884416
-0.81606495, 0.40739158, -0.40989411
0.45266137, 0.1160652
-0.00163623, 0.08576041, 0.00391179
-0.86376536, -0.29300821, -0.40989411
0.04304652, 0.20415157
0.00579426, 0.0523856, 0.00679658
0.6392712, 0.0004883, 0.76894438
0.08191609, 0.20415157
0.00579426, 0.09122366, -0.01204322
0.7712943, -0.60209966, -0.20615253
0.09551878, 0.45614451
0.00579426, 0.05316293, 0.00392373
0.75972778, -0.00021363, -0.65019685
0.09551879, 0.21485162
-0.00163624, 0.05316294, 0.00392375
-0.75972778, -0.00021363, -0.65019685
0.77842695, 0.4671647
-0.00163624, 0.05238562, 0.00679661
-0.6392712, 0.0004883, 0.76894438
0.76482499, 0.47786683
-0.00163622, 0.08900119, 0.0067727
-0.59608752, 0.47019866, 0.65077668
0.68291318, 0.28048176
-0.00138579, 0.13727722, -0.01203168
-0.61873227, 0.35227516, 0.7021699
0.98422343, 0.21319586
-0.00163622, 0.08900119, 0.0067727
-0.59608752, 0.47019866, 0.65077668
0.04304652, 0.09267902
-0.00163623, 0.08576041, 0.00391179
-0.86376536, -0.29300821, -0.40989411
0.28205693, 0.10673773
-0.00163622, 0.08900119, 0.0067727
-0.59608752, 0.47019866, 0.65077668
0.92562664, 0.47786683
0.00843124, 0.10202652, -0.0118232
0.33356732, 0.52446061, 0.7833491
0.77842695, 0.47786677
0.00631383, 0.10202652, -0.0118232
-0.00781274, 0.63795894, 0.7700125
0.79069364, 0.47786677
0.00843124, 0.05679611, -0.0118232
0.21536912, -0.29895931, 0.92962432
0.778427, 0.21319586
-0.00187541, 0.03119551, -0.03840943
0.67290264, 0.62334055, -0.39820552
0.53950644, 0.14074016
-0.00187541, 0.0220302, -0.04064043
0.27246925, 0.44117558, -0.85503709
0.52658176, 0.08716816
0.0074168, 0.04899892, 0.03516418
0.5771966, 0.54445022, -0.60856962
0.08609301, 0.20415157
0.0074168, 0.01842869, 0.03825192
0.5771966, -0.54445022, 0.60856962
0.28980497, 0.09056073
-0.00325878, 0.04907163, 0.03650527
-0.57747126, 0.60841703, 0.54432815
0.26917157, 0.04424357
-0.00325878, 0.04907163, 0.03650527
-0.57747126, 0.60841703, 0.54432815
0.44806123, 0.47782445
-0.00325878, 0.01842869, 0.03825192
-0.5771966, -0.54445022, 0.60856962
0.66781968, 0.01108128
0.00843125, 0.01734301, 0.03696577
-0.5648976, 0.62584305, -0.53773612
0.85202676, 0.31093276
0.00843124, 0.02467168, -0.00884416
-0.81606495, 0.40739158, -0.40989411
0.2670069, 0.93882748
0.00843125, 0.01734301, 0.03696577
-0.5648976, 0.62584305, -0.53773612
0.0, 0.96977618
0.00843125, 0.04589655, 0.03541761
-0.59331036, -0.51918089, -0.61513108
0.01628682, 0.80343707
0.00843125, 0.05238561, 0.0067966
-0.71178317, -0.68166143, -0.16940825
0.18359688, 0.77294588
-0.00427323, 0.04589655, 0.03541761
0.59331036, -0.51918089, -0.61513108
0.46894813, 0.67451003
-0.00427323, 0.02467168, -0.00884416
0.81606495, 0.40739158, -0.40989411
0.71966779, 0.53908485
-0.00427323, 0.01734302, 0.03696577
0.5648976, 0.62584305, -0.53773612
0.45266137, 0.50818145
0.00594122, 0.02202266, -0.04064043
-0.27100438, 0.44178593, -0.85518968
0.04304652, 0.04692787
-0.00187541, 0.03036053, -0.03932776
0.64058352, 0.36368906, -0.67625964
0.40730894, 0.22433388
0.00843124, 0.01930681, -0.04116036
0.56666768, -0.52858061, -0.63200784
0.79325074, 0.04098046
0.00594122, 0.03034546, -0.03932776
-0.63838619, 0.36616108, -0.67699212
0.45046619, 0.23890597
0.00843124, 0.03033039, -0.03932776
0.64049196, 0.36432996, -0.6760155
0.4503971, 0.22433388
-0.00427323, 0.03037562, -0.03932776
-0.63829464, 0.36664936, -0.67683953
0.45056614, 0.29868317
-0.00187541, 0.0220302, -0.04064043
0.27246925, 0.44117558, -0.85503709
0.40207499, 0.28464681
-0.00187541, 0.03036053, -0.03932776
0.64058352, 0.36368906, -0.67625964
0.45049629, 0.28465056
0.00843124, 0.03033039, -0.03932776
0.64049196, 0.36432996, -0.6760155
0.39676213, 0.22433388
0.00594122, 0.02202266, -0.04064043
-0.27100438, 0.44178593, -0.85518968
0.49575728, 0.06027901
0.00594122, 0.03118044, -0.03840943
-0.66908783, 0.62654501, -0.39963987
0.48283264, 0.11380601
-0.00427323, 0.03121059, -0.03840943
-0.66902679, 0.62660605, -0.39967039
0.89245516, 0.56959319
-0.00427322, 0.10206639, -0.03749109
-0.33161414, 0.37018952, -0.86773276
0.97891873, 0.53166151
0.00843124, 0.10206636, -0.03749109
0.33960998, 0.36924344, -0.86504716
0.90532184, 0.53167662
0.00386195, 0.09099862, -0.03749109
0.32370982, -0.32230598, -0.88955349
0.93179172, 0.59642732
0.00843124, 0.09099862, -0.03749109
0.33683279, -0.64375746, -0.68706322
0.90532184, 0.59643275
-0.00427323, 0.03159711, -0.03749109
-0.6266976, 0.25351727, -0.73683888
0.97891873, 0.94396887
-0.00427323, 0.06729154, -0.03749109
-0.42332223, 0.0, -0.90594196
0.97891873, 0.73512498
0.00594122, 0.02202266, -0.03749109
-0.57707447, 0.57762384, -0.57728815
0.91974646, 1.0
-0.00187541, 0.0220302, -0.03749109
0.57759333, 0.57704395, -0.5773797
0.96502817, 0.99994661
0.00843124, 0.06720107, -0.03749109
0.33927426, 0.61088902, -0.71529281
0.90532184, 0.73566937
0.00843124, 0.03155188, -0.03749109
0.63686025, 0.25452438, -0.72771388
0.90532178, 0.9442486
0.00843124, 0.10206636, -0.03749109
0.33960998, 0.36924344, -0.86504716
0.40162075, 0.05810076
-0.00421417, 0.14993192, -0.01567063
-0.47529528, 0.6227302, 0.62147892
0.75466037, 0.08787227
0.002079, 0.14993192, -0.01567063
0.0, 0.70696127, 0.70720541
0.71820265, 0.0878728
-0.00138579, 0.14993192, -0.01567063
0.0, 0.70696127, 0.70720541
0.73827499, 0.08787251
0.0020621, 0.14993268, -0.01781799
0.0, 0.70720541, -0.70696127
0.71830064, 0.10043901
0.00400103, 0.1450378, -0.03849187
0.61061436, 0.53715628, -0.58183539
0.54492974, 0.06920928
0.00381769, 0.13760485, -0.03983286
0.57261878, -0.4506363, -0.68480486
0.63964367, 0.06514263
0.00013034, 0.13760485, -0.03983286
-0.57786798, -0.44657734, -0.6830653
0.06128977, 0.09267414
6.873e-05, 0.14578229, -0.03554318
-0.6465041, 0.73967713, -0.18674275
0.47751245, 0.06222266
0.00400103, 0.1450378, -0.03849187
0.61061436, 0.53715628, -0.58183539
0.69993776, 0.08787221
0.0072762, 0.10084353, -0.03554318
0.37879574, -0.00701926, -0.92544329
0.23388757, 0.19061416
-0.00311818, 0.10084354, -0.03554318
-0.37775812, -0.00885037, -0.92584002
0.17367296, 0.19061416
-0.00421417, 0.14993192, -0.03554318
-0.47645497, 0.6204108, -0.62294382
0.16726601, 0.47782439
0.00817053, 0.14993191, -0.03554318
0.46296579, 0.62572098, -0.62776572
0.23901047, 0.47782445
0.00518522, 0.14999053, -0.02522836
0.30042422, 0.90499586, 0.30115664
0.70020807, 0.1438086
0.00208427, 0.14999053, -0.0239439
0.0, 0.90395826, 0.42759484
0.71817255, 0.1362918
0.00449391, 0.14993268, -0.02122313
-0.29944763, 0.90209663, 0.31067842
0.70421261, 0.12036586
0.0020621, 0.14993268, -0.02122313
0.0, 0.69954526, 0.71456039
0.71830064, 0.12036562
0.00207901, 0.14993192, -0.03554318
0.0, 0.70110172, -0.71303445
0.71820265, 0.2041654
0.00518522, 0.14999053, -0.03143026
0.3000885, 0.90499586, -0.30140081
0.70020807, 0.18010163
0.00208427, 0.14999053, -0.03271472
0.0, 0.90328681, -0.4290292
0.71817255, 0.1876179
-0.00101668, 0.14999053, -0.03143026
-0.29990539, 0.90508741, -0.30140081
0.73613703, 0.1801011
-0.00421417, 0.14993192, -0.03554318
-0.47645497, 0.6204108, -0.62294382
0.75466037, 0.20416486
-0.00230113, 0.14999053, -0.02832931
-0.43073824, 0.90246284, 0.0
0.74357814, 0.16195446
-0.00101668, 0.14999053, -0.02522836
-0.30024108, 0.90505689, 0.30115664
0.73613703, 0.14380807
# Number of Faces:
334
# Face Data:
0, 1, 2
3, 4, 5
6, 5, 7
8, 9, 10
11, 10, 12
13, 14, 15
16, 17, 18
19, 20, 21
22, 23, 24
25, 26, 27
28, 29, 30
31, 32, 26
33, 30, 34
35, 36, 37
38, 39, 40
41, 42, 43
44, 37, 45
46, 47, 39
48, 43, 49
50, 15, 51
52, 53, 54
55, 56, 57
58, 59, 60
61, 62, 63
64, 65, 66
67, 68, 69
70, 71, 72
73, 74, 75
76, 77, 78
79, 80, 81
80, 82, 83
84, 85, 86
87, 88, 89
90, 91, 71
92, 93, 94
79, 95, 74
96, 97, 98
76, 99, 100
101, 102, 103
104, 105, 106
107, 108, 109
110, 111, 112
113, 114, 110
115, 116, 117
118, 119, 120
121, 122, 123
124, 125, 126
127, 128, 129
127, 130, 128
131, 126, 130
132, 133, 134
135, 136, 137
138, 139, 140
141, 142, 135
143, 144, 145
146, 147, 148
149, 150, 151
152, 153, 154
155, 109, 108
156, 157, 115
158, 159, 160
161, 162, 161
163, 164, 165
166, 167, 168
169, 170, 104
171, 160, 172
173, 174, 175
176, 177, 178
176, 167, 179
180, 181, 182
183, 184, 185
186, 187, 188
189, 190, 191
192, 193, 194
195, 196, 197
198, 199, 200
201, 202, 203
204, 121, 205
206, 205, 204
207, 208, 209
210, 211, 212
213, 214, 215
216, 217, 218
219, 220, 221
222, 223, 224
225, 226, 227
119, 228, 229
230, 231, 232
233, 234, 235
236, 237, 238
239, 240, 241
242, 243, 244
245, 241, 240
246, 247, 248
249, 250, 243
251, 252, 253
254, 255, 114
256, 238, 257
258, 259, 260
261, 262, 125
263, 264, 265
266, 267, 268
269, 270, 271
272, 273, 274
275, 276, 277
278, 279, 280
281, 282, 283
82, 75, 284
285, 72, 89
286, 285, 287
90, 286, 288
289, 290, 291
292, 293, 294
0, 295, 1
3, 296, 4
6, 3, 5
8, 297, 9
11, 8, 10
13, 298, 14
18, 299, 300
300, 301, 18
302, 16, 18
17, 303, 18
18, 301, 302
304, 305, 306
21, 304, 306
307, 20, 19
308, 309, 310
310, 309, 307
21, 306, 19
19, 310, 307
309, 308, 311
24, 309, 311
312, 23, 22
305, 304, 312
313, 305, 312
24, 311, 22
22, 313, 312
25, 31, 26
28, 314, 29
31, 315, 32
33, 28, 30
35, 316, 36
38, 46, 39
41, 317, 42
44, 35, 37
46, 318, 47
48, 41, 43
50, 13, 15
52, 319, 53
57, 320, 321
321, 55, 57
60, 322, 323
323, 58, 60
61, 324, 62
64, 325, 65
67, 326, 68
70, 90, 71
73, 79, 74
78, 97, 96
96, 76, 78
79, 73, 80
80, 73, 82
84, 327, 85
285, 89, 88
88, 287, 285
90, 288, 91
92, 328, 93
329, 74, 95
79, 81, 95
98, 330, 96
331, 96, 330
100, 332, 76
77, 76, 332
101, 333, 102
104, 170, 105
109, 334, 335
335, 107, 109
336, 112, 337
110, 157, 111
111, 337, 112
110, 112, 338
338, 113, 110
112, 339, 338
340, 341, 156
156, 115, 340
117, 340, 115
120, 158, 118
342, 118, 158
119, 343, 120
121, 344, 122
124, 261, 125
345, 346, 347
347, 127, 345
128, 348, 129
129, 345, 127
348, 349, 129
127, 131, 130
131, 124, 126
132, 350, 133
135, 142, 136
138, 351, 139
141, 352, 142
353, 145, 144
354, 355, 143
355, 356, 143
144, 357, 353
354, 143, 145
358, 148, 147
146, 359, 360
359, 361, 360
147, 362, 358
146, 360, 147
149, 363, 150
152, 364, 153
109, 155, 365
366, 155, 108
156, 111, 157
158, 120, 159
161, 162, 162
163, 367, 164
166, 368, 167
169, 369, 170
133, 350, 172
370, 171, 172
160, 159, 371
107, 335, 371
172, 350, 370
159, 107, 371
371, 172, 160
173, 372, 174
176, 179, 177
176, 168, 167
180, 373, 181
185, 374, 183
183, 375, 184
374, 376, 183
188, 377, 378
379, 186, 188
188, 378, 379
189, 380, 190
192, 381, 193
195, 382, 196
198, 383, 199
384, 385, 386
202, 386, 202
202, 386, 385
385, 203, 202
201, 202, 202
204, 344, 121
206, 239, 205
208, 207, 387
388, 207, 209
210, 389, 211
213, 390, 214
216, 391, 217
219, 392, 220
222, 393, 223
225, 394, 226
119, 343, 395
228, 396, 397
119, 395, 228
229, 118, 119
228, 397, 398
398, 229, 228
117, 340, 230
231, 399, 232
117, 230, 232
400, 116, 117
399, 401, 232
232, 400, 117
233, 402, 234
236, 403, 237
239, 206, 240
242, 249, 243
245, 404, 241
405, 406, 248
247, 407, 408
407, 409, 408
248, 406, 246
247, 408, 248
249, 410, 250
411, 253, 252
251, 412, 252
114, 113, 254
413, 254, 113
256, 236, 238
414, 415, 416
415, 417, 416
418, 419, 260
420, 421, 259
260, 419, 258
414, 416, 419
258, 422, 259
259, 421, 260
422, 423, 259
419, 416, 258
261, 424, 262
294, 425, 292
426, 263, 265
292, 425, 427
265, 428, 426
292, 427, 426
264, 290, 265
428, 292, 426
266, 429, 267
269, 430, 270
272, 431, 273
275, 432, 276
278, 433, 279
434, 435, 283
281, 436, 282
282, 437, 283
283, 435, 281
82, 73, 75
285, 70, 72
286, 70, 285
90, 70, 286
438, 439, 440
440, 265, 290
439, 441, 440
289, 438, 290
291, 442, 443
442, 444, 443
438, 440, 290
291, 443, 289
445, 444, 442
446, 294, 447
293, 441, 439
445, 442, 446
447, 445, 446
293, 439, 448
447, 294, 448
293, 448, 294
