# Project Zomboid Skinned Mesh
# File Version:
1.0
# Model Name:
Cube
# Vertex Stride Element Count:
3
# Vertex Stride Size (in bytes):
76
# Vertex Stride Data:
# (Int)    Offset
# (String) Type
0
VertexArray
12
NormalArray
24
TextureCoordArray
# Vertex Count:
377
# Vertex Buffer:
-0.00028045, 0.00660197, -0.00989641
0.73476362, -0.52720726, -0.42674032
0.28471535, 0.97204128
-0.00028045, 0.04339443, -0.00827527
0.92458874, -0.29325235, 0.24307993
0.27538505, 0.76566082
-0.00028045, 0.01539725, -0.00817249
1.0, 0.00018311, 0.0
0.27479351, 0.92270631
-0.01499302, 0.01604611, -0.02556171
-0.46873379, -0.45701468, -0.75591296
0.75127631, 0.43306249
-0.01813865, 0.11709898, -0.02059317
-0.87228006, 0.43873408, -0.21591845
0.72214049, 1.0
-0.01499302, 0.11709898, -0.0255617
-0.58308667, 0.39802241, -0.70818204
0.75127614, 0.99990206
-0.00028044, 0.01333282, -0.02059318
0.71965694, -0.52494889, -0.45439008
0.34627932, 0.93428174
-0.00028045, 0.11625462, -0.01117567
0.64693135, 0.4610126, 0.60737938
0.29207808, 0.35696274
-0.00793397, 0.11709899, -0.02754944
0.50883514, 0.58909881, -0.62770468
0.72453237, 0.12512887
-0.01051307, 0.11709899, -0.02724833
-0.44300669, 0.64128542, -0.62645346
0.73554456, 0.11531794
-0.00787029, 0.11709899, -0.02724833
0.42832729, 0.61980039, -0.65752131
0.72335988, 0.124192
-0.01813865, 0.11625462, -0.01117567
-0.64638203, 0.4585101, 0.60982084
0.667961, 0.99525425
-0.01813864, 0.01333281, -0.02059318
-0.71956539, -0.5258339, -0.45347452
0.72214067, 0.41794056
-0.01813864, 0.00660197, -0.00989641
-0.73476362, -0.52720726, -0.42674032
0.66060144, 0.38017428
-0.01813864, 0.01333281, -0.02059318
-0.71956539, -0.5258339, -0.45347452
0.75127667, 0.6363087
-0.01051306, 0.01690888, -0.02724835
-0.40293589, -0.71712393, -0.56859034
0.7951681, 0.67841768
-0.00028044, 0.01333282, -0.02059318
0.71965694, -0.52494889, -0.45439008
0.85406375, 0.6363087
-0.00358267, 0.01604611, -0.02572058
0.45158237, -0.4725486, -0.75676745
0.37600055, 0.91917158
-0.00028046, 0.117099, -0.02059317
0.87087619, 0.44166386, -0.21555223
0.34627938, 0.3522228
-0.00787028, 0.01690888, -0.02724835
0.38972136, -0.69643241, -0.6025269
0.81037927, 0.67841768
-0.00358269, 0.11709899, -0.02572056
0.57405317, 0.39768669, -0.71572006
0.83500266, 0.99156887
-0.00358267, 0.01604611, -0.02572058
0.45158237, -0.4725486, -0.75676745
0.8350575, 0.66861737
-0.00793396, 0.01690888, -0.02754945
0.50883514, -0.58909881, -0.62770468
0.99824196, 0.3503899
-0.00787029, 0.11709899, -0.02724833
0.42832729, 0.61980039, -0.65752131
0.99997896, 0.91239143
-0.00787028, 0.01690888, -0.02724835
0.38972136, -0.69643241, -0.6025269
0.99997896, 0.35039192
-0.01048513, 0.01690888, -0.02754945
-0.54762411, -0.58235419, -0.60075688
0.79532897, 0.67980576
-0.00793397, 0.11709899, -0.02754944
0.50883514, 0.58909881, -0.62770468
0.80995852, 1.0
-0.00793396, 0.01690888, -0.02754945
0.50883514, -0.58909881, -0.62770468
0.81001282, 0.67980576
-0.01051306, 0.01690888, -0.02724835
-0.40293589, -0.71712393, -0.56859034
0.99650478, 0.35039127
-0.01048514, 0.11709899, -0.02754944
-0.54762411, 0.58235419, -0.60075688
0.99824178, 0.91239082
-0.01048513, 0.01690888, -0.02754945
-0.54762411, -0.58235419, -0.60075688
0.99824196, 0.35039061
-0.01499302, 0.11709898, -0.0255617
-0.58308667, 0.39802241, -0.70818204
0.7693277, 0.99083653
-0.01051307, 0.11709899, -0.02724833
-0.44300669, 0.64128542, -0.62645346
0.7951138, 0.99861194
-0.00610819, 0.12007069, -0.01669107
-0.64751124, -0.40180668, -0.64751124
0.63520473, 0.21884125
-0.0048398, 0.12052927, -0.01975324
-0.78215885, -0.62303537, 0.0
0.63780153, 0.20145506
-0.0048398, 0.12007069, -0.01975324
-0.91570789, -0.40177616, 0.0
0.63516212, 0.20145553
-0.01223253, 0.12007069, -0.0228154
0.64751124, -0.40180668, 0.64751124
0.64584982, 0.21862906
-0.01350092, 0.12052927, -0.01975324
0.78215885, -0.62303537, 0.0
0.64844537, 0.2015323
-0.01350092, 0.12007069, -0.01975324
0.91570789, -0.40177616, 0.0
0.6458059, 0.20153213
-0.00610819, 0.12052927, -0.0228154
-0.55305642, -0.62303537, 0.55305642
0.63784409, 0.18450272
-0.00610819, 0.12007069, -0.0228154
-0.64751124, -0.40177616, 0.64751124
0.63520467, 0.1845032
-0.01223253, 0.12052927, -0.01669107
0.55305642, -0.62303537, -0.55305642
0.6484893, 0.1842773
-0.01223253, 0.12007069, -0.01669107
0.64751124, -0.40180668, -0.64751124
0.64584982, 0.18427712
-0.00610819, 0.12007069, -0.0228154
-0.64751124, -0.40177616, 0.64751124
0.37381414, 0.26205629
-0.00917036, 0.12052927, -0.0240838
0.0, -0.62303537, 0.78215885
0.37191111, 0.24487925
-0.00917036, 0.12007069, -0.0240838
0.0, -0.40180668, 0.91570789
0.36972466, 0.24487925
-0.00917036, 0.12007069, -0.01542268
0.0, -0.40177616, -0.91570789
0.62916142, 0.08988416
-0.01223253, 0.12052927, -0.01669107
0.55305642, -0.62303537, -0.55305642
0.64610285, 0.08117133
-0.00917036, 0.12052927, -0.01542268
0.0, -0.62303537, -0.78215885
0.6290369, 0.08842361
-0.00610819, 0.12052927, -0.01669107
-0.55308694, -0.62303537, -0.55305642
0.61097437, 0.08402181
-0.00610819, 0.12007069, -0.01669107
-0.64751124, -0.40180668, -0.64751124
0.61109889, 0.0854823
-0.01223253, 0.12052927, -0.0228154
0.55305642, -0.62303537, 0.55308694
0.37600061, 0.22770226
-0.01223253, 0.12007069, -0.0228154
0.64751124, -0.40180668, 0.64751124
0.37381414, 0.22770226
-0.00568674, 0.12054899, -0.01975324
0.5822016, -0.81301308, 0.0
0.3630425, 0.33846933
-0.00670707, 0.12003056, -0.01728995
0.54896694, -0.63023776, 0.54896694
0.36606178, 0.35222274
-0.00568674, 0.12003056, -0.01975324
0.77636033, -0.63023776, 0.0
0.36602643, 0.33846951
-0.00917036, 0.12054899, -0.02323686
0.0, -0.81301308, -0.5822016
0.6259616, 0.0524618
-0.01223253, 0.12052927, -0.0228154
0.55305642, -0.62303537, 0.55308694
0.64369678, 0.05303562
-0.00917036, 0.12052927, -0.0240838
0.0, -0.62303537, 0.78215885
0.62563425, 0.04863381
-0.01265398, 0.12054899, -0.01975324
-0.5822016, -0.81301308, 0.0
0.64731187, 0.06684446
-0.01163365, 0.12054899, -0.02221652
-0.41166419, -0.81301308, -0.41166419
0.64049166, 0.05600286
-0.01350092, 0.12052927, -0.01975324
0.78215885, -0.62303537, 0.0
0.65217519, 0.06651312
-0.01163365, 0.12054899, -0.01728995
-0.41166419, -0.81301308, 0.41166419
0.64242715, 0.07863587
-0.00670707, 0.12054899, -0.01728995
0.41166419, -0.81301308, 0.41166419
0.61416882, 0.08092892
-0.00917036, 0.12054899, -0.01626962
0.0, -0.81301308, 0.5822016
0.62869883, 0.08446985
-0.00568674, 0.12054899, -0.01975324
0.5822016, -0.81301308, 0.0
0.60734856, 0.07008731
-0.00670707, 0.12054899, -0.02221652
0.41166419, -0.81301308, -0.41166419
0.61223334, 0.05829585
-0.0048398, 0.12052927, -0.01975324
-0.78215885, -0.62303537, 0.0
0.60249597, 0.07054436
-0.00610819, 0.12052927, -0.0228154
-0.55305642, -0.62303537, 0.55305642
0.60856831, 0.05588615
-0.00568674, 0.12003056, -0.01975324
0.77636033, -0.63023776, 0.0
0.60748935, 0.07173848
-0.00917036, 0.12003056, -0.01626962
0.0, -0.63023776, 0.77636033
0.62883961, 0.08612102
-0.01265398, 0.12003056, -0.01975324
-0.77636033, -0.63023776, 0.0
0.64745265, 0.06849557
-0.01163365, 0.12054899, -0.02221652
-0.41166419, -0.81301308, -0.41166419
0.58394051, 0.35218477
-0.01265398, 0.12003056, -0.01975324
-0.77636033, -0.63023776, 0.0
0.58689016, 0.33819872
-0.01265398, 0.12054899, -0.01975324
-0.5822016, -0.81301308, 0.0
0.58390623, 0.33819926
-0.00670707, 0.12054899, -0.02221652
0.41166419, -0.81301308, -0.41166419
0.36307791, 0.32458895
-0.00670707, 0.12003056, -0.02221653
0.54896694, -0.63023776, -0.54896694
0.36606178, 0.32458913
-0.01163365, 0.12003056, -0.01728995
-0.54896694, -0.63023776, 0.54896694
0.58692443, 0.32456177
-0.01163365, 0.12054899, -0.01728995
-0.41166419, -0.81301308, 0.41166419
0.58394057, 0.32456231
-0.00917036, 0.12003056, -0.02323686
0.0, -0.63023776, -0.77636033
0.62610239, 0.05411297
-0.01163365, 0.12054899, -0.01728995
-0.41166419, -0.81301308, 0.41166419
0.35478377, 0.23952293
-0.00917036, 0.12003056, -0.01626962
0.0, -0.63023776, 0.77636033
0.35560155, 0.2533406
-0.00917036, 0.12054899, -0.01626962
0.0, -0.81301308, 0.5822016
0.35807341, 0.2533406
-0.00670707, 0.12054899, -0.01728995
0.41166419, -0.81301308, 0.41166419
0.35478377, 0.26715827
-0.00670707, 0.12003056, -0.01728995
0.54896694, -0.63023776, 0.54896694
0.35231185, 0.26715827
-0.01163365, 0.12003056, -0.02221653
-0.54896694, -0.63023776, -0.54896694
0.64063245, 0.05765396
-0.01314206, 0.11869512, -0.02372493
0.51646471, -0.68297374, 0.51646471
0.36432302, 0.22260028
-0.00917036, 0.11869512, -0.01413641
0.0, -0.68297374, -0.73039949
0.63004029, 0.10017431
-0.00519867, 0.11869512, -0.01578154
-0.51646471, -0.68297374, -0.51646471
0.6066128, 0.09446508
-0.01314206, 0.11869512, -0.01578154
0.51646471, -0.68297374, -0.51646471
0.65217519, 0.09076792
-0.00519867, 0.11869512, -0.02372493
-0.51646471, -0.68297374, 0.51646471
0.36432302, 0.26715821
-0.00917036, 0.11869512, -0.02537006
0.0, -0.68297374, 0.73039949
0.35901898, 0.24487925
-0.01314206, 0.11869512, -0.01578154
0.51646471, -0.68297374, -0.51646471
0.63790113, 0.1792317
-0.00355354, 0.11869512, -0.01975324
-0.73039949, -0.68297374, 0.0
0.62720168, 0.2012372
-0.00519867, 0.11869512, -0.02372493
-0.51646471, -0.68297374, 0.51646471
0.62725687, 0.17924958
-0.01314206, 0.11869512, -0.02372493
0.51646471, -0.68297374, 0.51646471
0.63790107, 0.22378683
-0.01478718, 0.11869512, -0.01975324
0.73039949, -0.68297374, 0.0
0.63784409, 0.20161176
-0.00519867, 0.11869512, -0.01578154
-0.51646471, -0.68297374, -0.51646471
0.62725693, 0.22378683
-0.00459137, 0.11902986, -0.01427721
0.17740409, 0.93053985, 0.32032228
0.38214117, 0.08480901
-0.01813865, 0.11625462, -0.01117567
-0.64638203, 0.4585101, 0.60982084
0.40581727, 0.16080338
-0.00028045, 0.11625462, -0.01117567
0.64693135, 0.4610126, 0.60737938
0.4058173, 0.06062901
-0.00028046, 0.117099, -0.02059317
0.87087619, 0.44166386, -0.21555223
0.35774261, 0.06064206
-0.00285586, 0.11902987, -0.02029786
0.39341411, 0.91741693, -0.05948057
0.35310227, 0.07508343
-0.01412808, 0.11902986, -0.01446325
-0.19745475, 0.93404949, 0.29752496
0.38124385, 0.13830483
-0.01813865, 0.11709898, -0.02059317
-0.87228006, 0.43873408, -0.21591845
0.35774261, 0.16081637
-0.01556325, 0.11902985, -0.02030871
-0.38944671, 0.9185766, -0.0671102
0.73503739, 0.06727624
-0.01499302, 0.11709898, -0.0255617
-0.58308667, 0.39802241, -0.70818204
0.75127631, 0.09382927
-0.01813865, 0.11709898, -0.02059317
-0.87228006, 0.43873408, -0.21591845
0.75127631, 0.06427908
-0.00285586, 0.11902987, -0.02029786
0.39341411, 0.91741693, -0.05948057
0.67641777, 0.10990435
-0.00358269, 0.11709899, -0.02572056
0.57405317, 0.39768669, -0.71572006
0.69913214, 0.13275069
-0.00527312, 0.11902987, -0.02405114
0.26572466, 0.90252388, -0.33884701
0.6985184, 0.11613107
-0.00861244, 0.11921415, -0.02500856
0.06527909, 0.92339855, -0.37815484
0.71637183, 0.10814136
-0.00993383, 0.11921415, -0.02500856
-0.07510605, 0.92110968, -0.38190863
0.72246408, 0.10370427
-0.01412808, 0.11902986, -0.01446325
-0.19745475, 0.93404949, 0.29752496
0.71135777, 0.04975653
-0.01327842, 0.11902985, -0.0239176
-0.27149266, 0.9024018, -0.3345134
0.73503745, 0.08874011
-0.01813864, 0.01539724, -0.00715553
-1.0, 0.00015259, 0.0
0.64483297, 0.4295072
-0.01813864, 0.04339442, -0.00827527
-0.92458874, -0.29325235, 0.24307993
0.65127486, 0.58655393
-0.01813864, 0.00660197, -0.00989641
-0.73476362, -0.52720726, -0.42674032
0.75127631, 0.56548563
-0.00028045, 0.00389895, -0.00726729
0.55842769, -0.76506853, 0.32056642
0.85406381, 0.54472685
-0.01813864, 0.00389894, -0.00726729
-0.54737997, -0.7772454, 0.31019014
0.75127679, 0.54472682
-0.01813865, 0.11625462, -0.01117567
-0.64638203, 0.4585101, 0.60982084
0.62546778, 0.10017437
-0.00028045, 0.09821738, -0.00874239
0.73393965, 0.12884915, 0.66685992
0.54731232, 0.20034868
-0.00028045, 0.11625462, -0.01117567
0.64693135, 0.4610126, 0.60737938
0.62546778, 0.20034873
-0.00623318, 0.01205475, -0.00715553
-0.27283546, 0.96063113, 0.05221717
0.58655912, 0.06678289
-0.01218591, 0.01205475, -0.00715553
0.20126957, 0.97939998, 0.01553392
0.58655912, 0.03339142
-0.01813864, 0.00389894, -0.00726729
-0.54737997, -0.7772454, 0.31019014
0.54731238, 0.0
-0.00623318, 0.0320744, 0.03957302
0.17590868, 0.92211676, 0.34452346
0.4445315, 0.33038712
-0.0028708, 0.04168857, 0.00975962
-0.47499007, -0.74690998, 0.46528518
0.4638598, 0.16081643
-0.0155483, 0.04168856, 0.00975962
0.47499007, -0.74690998, 0.46528518
0.39089149, 0.16081643
-0.01516228, 0.01074848, 0.04224977
-0.72695088, -0.40003663, 0.558092
0.54731238, 0.08105868
-0.01218592, 0.00800822, 0.04224977
-0.28119755, -0.72063357, 0.6336863
0.53018117, 0.06832534
-0.00325682, 0.01074849, 0.04224977
0.72695088, -0.40003663, 0.558092
0.47878766, 0.08105874
-0.00028045, 0.01581255, -0.00659627
0.81569874, 0.0, 0.57844782
0.0, 1.0
-0.00028045, 0.0426502, -0.00644334
0.3752861, 0.17712943, 0.90981781
0.0, 1.0
-0.00623318, 0.00933185, 0.00179443
0.26453444, -0.96432388, -0.00854518
0.71701622, 0.34150136
-0.00028045, 0.00162094, 0.03941348
0.69273967, -0.47904906, 0.53907895
0.75127631, 0.14343542
-0.00623318, -0.00172157, 0.03941348
0.20365001, -0.8157903, 0.54127628
0.71701622, 0.132752
-0.00028045, 0.02920282, 0.03901375
0.43687245, 0.12625508, 0.89059114
0.0, 1.0
-0.01218591, 0.00933185, 0.00179443
-0.26453444, -0.96432388, -0.00854518
0.68275386, 0.34150004
-0.01813864, 0.00162093, 0.03941348
-0.69273967, -0.47904906, 0.53907895
0.6484893, 0.1434316
-0.01813864, 0.01267434, 0.00179443
-0.90139472, -0.43296608, -0.00338755
0.6484893, 0.35218096
-0.01218591, -0.00172157, 0.03941348
-0.20365001, -0.8157903, 0.54127628
0.68275386, 0.13275069
-0.0155483, 0.09529115, -0.00739612
-0.28269294, 0.31760612, 0.90508741
0.33740249, 0.34285551
-0.0028708, 0.04726528, -0.00679937
0.24719992, -0.5648976, 0.78722495
0.26443419, 0.12156618
-0.0028708, 0.09529117, -0.00739612
0.28269294, 0.31760612, 0.90508741
0.26443419, 0.34285557
-0.00623318, 0.00800822, 0.03957301
0.22232734, -0.56810206, 0.79232156
0.97942507, 0.23693293
-0.00325682, 0.01074849, 0.04224977
0.72695088, -0.40003663, 0.558092
0.96385199, 0.22144043
-0.00623318, 0.00800822, 0.04224977
0.28119755, -0.72063357, 0.6336863
0.9640193, 0.23691225
-0.01516228, 0.01074848, 0.04224977
-0.72695088, -0.40003663, 0.558092
0.63263106, 0.23931396
-0.01516228, 0.03084625, 0.04867638
-0.63261819, 0.45561084, 0.62623984
0.59611744, 0.35218477
-0.01516228, 0.02961317, 0.04564193
-0.86144596, 0.49919125, -0.09320353
0.61354661, 0.34520364
-0.01218591, 0.00800822, 0.03957301
-0.22232734, -0.56810206, 0.79232156
0.37168068, 0.22259927
-0.00623318, 0.00800822, 0.04224977
0.28119755, -0.72063357, 0.6336863
0.35901901, 0.18920881
-0.01218592, 0.00800822, 0.04224977
-0.28119755, -0.72063357, 0.6336863
0.35901898, 0.22260028
-0.00325682, 0.02961317, 0.04260748
0.86144596, 0.49919125, 0.09320353
0.9619503, 0.11561942
-0.00325682, 0.02961317, 0.04564193
0.86144596, 0.49919125, -0.09320353
0.9444859, 0.115596
-0.01516228, 0.01074848, 0.03957301
-0.55265969, -0.23877682, 0.79842526
0.64803052, 0.2392571
-0.01218592, 0.00800822, 0.04224977
-0.28119755, -0.72063357, 0.6336863
0.6330899, 0.22384375
-0.00623318, 0.03084131, 0.04564193
0.1953795, 0.96160769, -0.19263282
0.97383499, 0.67068809
-0.00325682, 0.03084625, 0.04867638
0.63261819, 0.45561084, 0.62623984
0.98868364, 0.65401927
-0.00325682, 0.02961317, 0.04564193
0.86144596, 0.49919125, -0.09320353
0.97010344, 0.65400994
-0.01218591, 0.03084131, 0.04564193
-0.1953795, 0.96160769, -0.19263282
0.97383499, 0.70407936
-0.01516228, 0.03084625, 0.04867638
-0.63261819, 0.45561084, 0.62623984
0.9886837, 0.72080183
-0.01218592, 0.03207439, 0.04867638
-0.15311137, 0.76293224, 0.62804043
0.99241525, 0.70408869
-0.00623318, 0.03207439, 0.04867638
0.15311137, 0.76293224, 0.62804043
0.99241525, 0.67069739
-0.00623318, -0.00172157, 0.03941348
0.20365001, -0.8157903, 0.54127628
0.51305002, 0.20034873
-0.00623318, 0.00800822, 0.03957301
0.22232734, -0.56810206, 0.79232156
0.51305002, 0.24606192
-0.01218591, 0.00800822, 0.03957301
-0.22232734, -0.56810206, 0.79232156
0.54731238, 0.24606192
-0.01218591, 0.0320744, 0.03957302
-0.17590868, 0.92211676, 0.34452346
0.41026917, 0.33038706
-0.00623318, 0.03084131, 0.04260748
0.1953795, 0.96160769, 0.19263282
0.44453338, 0.34842539
-0.01218591, 0.03084131, 0.04260748
-0.1953795, 0.96160769, 0.19263282
0.95900136, 0.70405248
-0.00623318, 0.03084131, 0.04260748
0.1953795, 0.96160769, 0.19263282
0.95900136, 0.67066118
-0.01516228, 0.03084625, 0.03957302
-0.50028992, 0.72237313, 0.4773095
0.39313489, 0.33414644
-0.01218591, 0.03084131, 0.04260748
-0.1953795, 0.96160769, 0.19263282
0.41027105, 0.34842539
-0.01516228, 0.02961317, 0.04260748
-0.86144596, 0.49919125, 0.09320353
0.95526981, 0.72076565
-0.00325682, 0.03084625, 0.03957302
0.50028992, 0.72237313, 0.4773095
0.46165958, 0.3341465
-0.00325682, 0.02961317, 0.04260748
0.86144596, 0.49919125, 0.09320353
0.46166143, 0.35218477
-0.00325682, 0.02961317, 0.04260748
0.86144596, 0.49919125, 0.09320353
0.95526981, 0.65398306
-0.01813864, 0.01581254, -0.00659627
-0.81572926, 0.0, 0.5784173
0.64161551, 0.43183625
-0.00028045, 0.0426502, -0.00644334
0.84640032, 0.0, 0.53248698
0.26484162, 0.76983614
-0.01813864, 0.00236516, 0.03886082
-0.84643084, 0.0, 0.53242594
0.38009796, 0.35636002
-0.01813864, 0.02961811, 0.03957302
-0.64891505, 0.320719, 0.68993193
0.37600061, 0.50923032
-0.01813864, 0.02920281, 0.03901375
-0.81572926, 0.0, 0.5784173
0.37921807, 0.50690129
-0.00028045, 0.00236517, 0.03886082
0.84643084, 0.0, 0.53242594
0.00409892, 0.99582513
-0.00028045, 0.02961812, 0.03957302
0.64891505, 0.320719, 0.68993193
0.0, 0.84295459
-0.00028045, 0.00162094, 0.03941348
0.69273967, -0.47904906, 0.53907895
0.00091814, 1.0
-0.01813864, 0.04265019, -0.00644334
-0.84643084, 0.0, 0.53242594
0.64073569, 0.58237749
-0.00028045, 0.02920282, 0.03901375
0.81569874, 0.0, 0.57844782
0.00321876, 0.84528394
-0.01813864, 0.01106573, -0.00404485
-0.90844446, -0.33704641, 0.24716941
0.62693703, 0.40520722
-0.01813864, 0.01267434, 0.00179443
-0.90139472, -0.43296608, -0.00338755
0.59334326, 0.41422462
-0.00028045, 0.01581255, -0.00659627
0.81569874, 0.0, 0.57844782
0.26572177, 0.92037733
-0.00028045, 0.01106574, -0.00404485
0.90844446, -0.33704641, 0.24716941
0.25103739, 0.9470047
-0.01813864, 0.00236516, 0.03886082
-0.34614092, -0.10898159, 0.93182164
0.59096909, 0.35218477
-0.01884136, 0.0260306, 0.03901375
-0.70137638, 0.06051821, 0.71019626
0.58692443, 0.24173671
-0.01884136, 0.00459906, 0.03886082
-0.74752039, -0.14261299, 0.64873195
0.58692443, 0.34180444
-0.00028045, 0.02920282, 0.03901375
0.43687245, 0.12625508, 0.89059114
0.75127631, 0.50283426
0.00121694, 0.03947798, -0.00644334
0.75457013, 0.19809565, -0.62556839
0.76870716, 0.24205703
-0.00028045, 0.0426502, -0.00644334
0.3752861, 0.17712943, 0.90981781
0.75127631, 0.23693293
-0.01813864, 0.01581254, -0.00659627
-0.81572926, 0.0, 0.5784173
0.0, 1.0
-0.01813864, 0.00236516, 0.03886082
-0.34614092, -0.10898159, 0.93182164
0.0, 1.0
-0.01813864, 0.02920281, 0.03901375
-0.45060578, 0.10510574, 0.88647115
0.0, 1.0
-0.00028045, 0.00236517, 0.03886082
0.84643084, 0.0, 0.53242594
0.0, 1.0
-0.01813864, 0.04265019, -0.00644334
-0.36960965, 0.20120853, 0.90710163
0.0, 1.0
0.00121694, 0.01804644, -0.00659627
0.71849728, -0.17554247, -0.67296368
0.8872391, 0.27534521
0.00061402, 0.0260306, 0.03901375
0.70815152, 0.07785272, 0.70171207
0.76873815, 0.50792807
0.00061402, 0.00459907, 0.03886082
0.75081635, -0.17590868, 0.63664663
0.88727003, 0.54121622
-0.00028045, 0.01581255, -0.00659627
0.51380962, -0.3398236, 0.78771323
0.36093044, 0.35222274
0.00121694, 0.03947798, -0.00644334
0.75457013, 0.19809565, -0.62556839
0.35231188, 0.27729762
0.00121694, 0.01804644, -0.00659627
0.71849728, -0.17554247, -0.67296368
0.35231185, 0.34508497
-0.00028045, 0.01581255, -0.00659627
0.51380962, -0.3398236, 0.78771323
0.89964497, 0.27882552
-0.00028045, 0.00236517, 0.03886082
0.33371991, -0.13376263, 0.93310344
0.89964497, 0.54472682
-0.00028045, 0.00236517, 0.03886082
0.33371991, -0.13376263, 0.93310344
0.59611744, 0.22699624
0.00061402, 0.0260306, 0.03901375
0.70815152, 0.07785272, 0.70171207
0.59096909, 0.33744425
-0.00028045, 0.02920282, 0.03901375
0.43687245, 0.12625508, 0.89059114
0.59611744, 0.35218477
-0.01986541, 0.01804643, -0.00659627
-0.71919918, -0.19711906, -0.66621906
0.1358898, 0.31359041
-0.01884136, 0.0260306, 0.03901375
-0.70137638, 0.06051821, 0.71019626
0.01744903, 0.08125061
-0.01986542, 0.03947798, -0.00644334
-0.75576037, 0.22315134, -0.61564988
0.01736516, 0.34690338
-0.01813864, 0.01581254, -0.00659627
-0.49971008, -0.37846005, 0.77910703
0.14835954, 0.31029922
-0.01884136, 0.00459906, 0.03886082
-0.74752039, -0.14261299, 0.64873195
0.13597371, 0.04793769
-0.01813864, 0.02920281, 0.03901375
-0.45060578, 0.10510574, 0.88647115
0.0, 0.08641177
-0.01813864, 0.01581254, -0.00659627
-0.49971008, -0.37846005, 0.77910703
0.37600061, 0.26715821
-0.01986542, 0.03947798, -0.00644334
-0.75576037, 0.22315134, -0.61564988
0.36606178, 0.34208637
-0.01813864, 0.04265019, -0.00644334
-0.36960965, 0.20120853, 0.90710163
0.37600061, 0.35222274
-0.00623318, 0.01205475, -0.00715553
-0.27283546, 0.96063113, 0.05221717
0.94266695, 0.61160654
-0.01218591, 0.00382487, -0.00727921
-0.00326548, -0.93829155, -0.34577471
0.96893311, 0.57811749
-0.01218591, 0.01205475, -0.00715553
0.20126957, 0.97939998, 0.01553392
0.94253075, 0.57821539
-0.00623318, 0.00382487, -0.00727921
0.00326548, -0.93829155, -0.34577471
0.9710936, 0.47794396
-0.01218591, 0.00772324, -0.00404485
-0.15585802, -0.7838679, 0.60100102
0.94207829, 0.51133537
-0.01218591, 0.00382487, -0.00727921
-0.00326548, -0.93829155, -0.34577471
0.97109354, 0.51133537
-0.00623318, 0.00772324, -0.00404485
0.15585802, -0.7838679, 0.60100102
0.94207829, 0.47794396
-0.01218591, 0.00933185, 0.00179443
-0.26453444, -0.96432388, -0.00854518
0.91558188, 0.51133537
-0.01813864, 0.0038664, -0.00727921
-0.59675896, -0.76964629, -0.2268746
0.96866071, 0.54472682
-0.01813864, 0.01539724, -0.00715553
-1.0, 0.00015259, 0.0
0.93143386, 0.54486489
-0.01813864, 0.0038664, -0.00727921
-0.59675896, -0.76964629, -0.2268746
0.97089559, 0.54472682
-0.01813864, 0.01106573, -0.00404485
-0.90844446, -0.33704641, 0.24716941
0.92614144, 0.54472682
-0.01813864, 0.01267434, 0.00179443
-0.90139472, -0.43296608, -0.00338755
0.89964503, 0.54472682
-0.00028045, 0.00386641, -0.00727921
0.5802179, -0.78542435, -0.21539964
0.9690693, 0.64490032
-0.00623318, 0.00382487, -0.00727921
0.00326548, -0.93829155, -0.34577471
0.9690693, 0.61150867
-0.00028045, 0.00386641, -0.00727921
0.5802179, -0.78542435, -0.21539964
0.97089553, 0.44455248
-0.00028045, 0.01106574, -0.00404485
0.90844446, -0.33704641, 0.24716941
0.92614144, 0.44455248
-0.00623318, 0.00933185, 0.00179443
0.26453444, -0.96432388, -0.00854518
0.91558182, 0.47794396
-0.00028045, 0.09821738, -0.00874239
0.73393965, 0.12884915, 0.66685992
0.24952482, 0.35222274
-0.0028708, 0.09529117, -0.00739612
0.28269294, 0.31760612, 0.90508741
0.83914882, 0.10326058
-0.01813865, 0.09821738, -0.00874239
-0.73393965, 0.12884915, 0.66685992
0.75127631, 0.08797503
-0.0155483, 0.09529115, -0.00739612
-0.28269294, 0.31760612, 0.90508741
0.76618052, 0.10326058
-0.01554829, 0.04726528, -0.00679937
-0.24719992, -0.5648976, 0.78722495
0.33740246, 0.12156612
-0.01813865, 0.09821738, -0.00874239
-0.73393965, 0.12884915, 0.66685992
0.35231185, 0.35222268
-0.01813864, 0.04339442, -0.00827527
-0.92458874, -0.29325235, 0.24307993
0.35231185, 0.09894162
-0.0028708, 0.08792668, 0.00404581
0.66655475, 0.53831601, 0.51564074
0.83914906, 0.17958766
-0.0155483, 0.08792668, 0.00404581
-0.66655475, 0.53831601, 0.51564074
0.76618069, 0.17958766
-0.0028708, 0.07893972, 0.01039303
0.64339119, 0.22544023, 0.73155922
0.83913678, 0.23693293
-0.0155483, 0.07893972, 0.01039303
-0.64339119, 0.22544023, 0.73155922
0.9270317, 0.23693293
-0.0028708, 0.04168857, 0.00975962
-0.47499007, -0.74690998, 0.46528518
0.85406339, 0.0618456
-0.0028708, 0.07893972, 0.01039303
0.64339119, 0.22544023, 0.73155922
0.85406339, 0.23693293
-0.0028708, 0.04168857, 0.00975962
-0.47499007, -0.74690998, 0.46528518
0.89964497, 0.4445501
-0.01554829, 0.04726528, -0.00679937
-0.24719992, -0.5648976, 0.78722495
0.97261328, 0.350393
-0.0028708, 0.04726528, -0.00679937
0.24719992, -0.5648976, 0.78722495
0.89964497, 0.35039061
-0.01218591, 0.0458507, -0.00827527
0.04757836, -0.66472363, 0.74553668
0.31804949, 0.11035532
-0.01813864, 0.04339442, -0.00827527
-0.92458874, -0.29325235, 0.24307993
0.99650466, 0.35039067
-0.0155483, 0.04168856, 0.00975962
0.47499007, -0.74690998, 0.46528518
0.97708833, 0.45037973
-0.01813864, 0.02961811, 0.03957302
-0.64891505, 0.320719, 0.68993193
0.99650466, 0.6296843
-0.0028708, 0.04168857, 0.00975962
-0.47499007, -0.74690998, 0.46528518
0.95974463, 0.89977996
-0.00028045, 0.04339443, -0.00827527
0.92458874, -0.29325235, 0.24307993
0.9792369, 1.0
-0.00028045, 0.02961812, 0.03957302
0.64891505, 0.320719, 0.68993193
0.9792369, 0.72080183
-0.0028708, 0.05686645, -0.00555755
0.86214787, 0.29670095, 0.41059601
0.94743663, 0.91379558
-0.0028708, 0.09529117, -0.00739612
0.28269294, 0.31760612, 0.90508741
0.95526981, 0.69814643
-0.0028708, 0.08998594, -0.00594386
0.940611, -0.27426985, 0.1999878
0.94729155, 0.72800472
-0.01554829, 0.05686645, -0.00555755
-0.86214787, 0.29670095, 0.41059601
0.24169478, 0.13657242
-0.0155483, 0.09529115, -0.00739612
-0.28269294, 0.31760612, 0.90508741
0.24952471, 0.35222274
-0.01554829, 0.04726528, -0.00679937
-0.24719992, -0.5648976, 0.78722495
0.2495248, 0.08280808
-0.0028708, 0.08792668, 0.00404581
0.66655475, 0.53831601, 0.51564074
0.88994884, 0.74025473
-0.0028708, 0.08692273, 0.00322597
0.78438675, -0.49778742, -0.37000641
0.89473879, 0.74582839
-0.0155483, 0.08998594, -0.00594386
-0.940611, -0.27426985, 0.1999878
0.24154967, 0.32236373
-0.0155483, 0.08792668, 0.00404581
-0.66655475, 0.53831601, 0.51564074
0.18423015, 0.31010807
-0.0155483, 0.07854164, 0.00914352
-0.78597367, -0.17786187, -0.59208959
0.15557589, 0.25710821
-0.0155483, 0.08692273, 0.00322597
-0.78438675, -0.49778742, -0.37000641
0.18901816, 0.30453479
-0.0028708, 0.05209785, 0.00832107
0.93722343, 0.28690451, -0.19812617
0.86790717, 0.94151456
-0.0028708, 0.07893972, 0.01039303
0.64339119, 0.22544023, 0.73155922
0.85406375, 0.79110636
-0.0028708, 0.04168857, 0.00975962
-0.47499007, -0.74690998, 0.46528518
0.86037278, 1.0
-0.0028708, 0.04726528, -0.00679937
0.24719992, -0.5648976, 0.78722495
0.95526981, 0.96756056
-0.0155483, 0.05209784, 0.00832107
-0.93722343, 0.28690451, -0.19812617
0.16219744, 0.10884553
-0.0155483, 0.07893972, 0.01039303
-0.64339119, 0.22544023, 0.73155922
0.14835954, 0.25925285
-0.0028708, 0.07854165, 0.00914352
0.78597367, -0.17786187, -0.59208959
0.861283, 0.79325159
-0.0155483, 0.04168856, 0.00975962
0.47499007, -0.74690998, 0.46528518
0.15466613, 0.05035925
-0.0028708, 0.05209785, 0.00832107
0.93722343, 0.28690451, -0.19812617
0.9726122, 0.2681666
-0.0155483, 0.07854164, 0.00914352
-0.78597367, -0.17786187, -0.59208959
0.89964497, 0.35007083
-0.0028708, 0.07854165, 0.00914352
0.78597367, -0.17786187, -0.59208959
0.9726122, 0.35039061
-0.0028708, 0.05686645, -0.00555755
0.86214787, 0.29670095, 0.41059601
0.92703176, 0.10864645
-0.0155483, 0.05209784, 0.00832107
-0.93722343, 0.28690451, -0.19812617
1.0, 0.02882087
-0.0028708, 0.05209785, 0.00832107
0.93722343, 0.28690451, -0.19812617
0.9270317, 0.02881157
-0.0028708, 0.08998594, -0.00594386
0.940611, -0.27426985, 0.1999878
0.85406375, 0.69741115
-0.01554829, 0.05686645, -0.00555755
-0.86214787, 0.29670095, 0.41059601
0.92703205, 0.54472682
-0.0028708, 0.05686645, -0.00555755
0.86214787, 0.29670095, 0.41059601
0.85406375, 0.54472685
-0.0155483, 0.08692273, 0.00322597
-0.78438675, -0.49778742, -0.37000641
0.4058173, 0.10875374
-0.0028708, 0.08998594, -0.00594386
0.940611, -0.27426985, 0.1999878
0.47878766, 0.16081607
-0.0028708, 0.08692273, 0.00322597
0.78438675, -0.49778742, -0.37000641
0.4787856, 0.10875344
-0.0155483, 0.07854164, 0.00914352
-0.78597367, -0.17786187, -0.59208959
0.40581936, 0.05468899
-0.00028045, 0.09821738, -0.00874239
0.73393965, 0.12884915, 0.66685992
0.27807361, 0.45814055
-0.00028045, 0.00389895, -0.00726729
0.55842769, -0.76506853, 0.32056642
0.26958373, 0.98720441
-0.01048514, 0.11709899, -0.02754944
-0.54762411, 0.58235419, -0.60075688
0.73629469, 0.11656237
-0.00028045, 0.00660197, -0.00989641
0.73476362, -0.52720726, -0.42674032
0.85406333, 0.56548563
-0.01499302, 0.01604611, -0.02556171
-0.46873379, -0.45701468, -0.75591296
0.76938248, 0.66788501
-0.00358269, 0.11709899, -0.02572056
0.57405317, 0.39768669, -0.71572006
0.37600061, 0.35233253
-0.00787029, 0.11709899, -0.02724833
0.42832729, 0.61980039, -0.65752131
0.81032491, 0.99861194
-0.00793397, 0.11709899, -0.02754944
0.50883514, 0.58909881, -0.62770468
0.9982419, 0.91238939
-0.01048514, 0.11709899, -0.02754944
-0.54762411, 0.58235419, -0.60075688
0.79527467, 1.0
-0.01051307, 0.11709899, -0.02724833
-0.44300669, 0.64128542, -0.62645346
0.9965046, 0.91239143
-0.00610819, 0.12052927, -0.01669107
-0.55308694, -0.62303537, -0.55305642
0.63784409, 0.21884078
-0.01223253, 0.12052927, -0.0228154
0.55305642, -0.62303537, 0.55308694
0.6484893, 0.21862924
-0.00610819, 0.12052927, -0.0228154
-0.55305642, -0.62303537, 0.55305642
0.37600061, 0.26205629
-0.01223253, 0.12007069, -0.01669107
0.64751124, -0.40180668, -0.64751124
0.64622736, 0.08263183
-0.00670707, 0.12054899, -0.01728995
0.41166419, -0.81301308, 0.41166419
0.36307785, 0.35222256
-0.00670707, 0.12003056, -0.02221653
0.54896694, -0.63023776, -0.54896694
0.61237413, 0.05994701
-0.00670707, 0.12003056, -0.01728995
0.54896694, -0.63023776, 0.54896694
0.61430955, 0.08258009
-0.01163365, 0.12003056, -0.01728995
-0.54896694, -0.63023776, 0.54896694
0.64256793, 0.0802871
-0.01163365, 0.12003056, -0.02221653
-0.54896694, -0.63023776, -0.54896694
0.58692443, 0.3521843
-0.01163365, 0.12003056, -0.01728995
-0.54896694, -0.63023776, 0.54896694
0.35231185, 0.23952293
-0.01556325, 0.11902985, -0.02030871
-0.38944671, 0.9185766, -0.0671102
0.35305005, 0.14636463
-0.00028046, 0.117099, -0.02059317
0.87087619, 0.44166386, -0.21555223
0.66894031, 0.12424439
-0.00459137, 0.11902986, -0.01427721
0.17740409, 0.93053985, 0.32032228
0.66684526, 0.08106846
-0.01813865, 0.09821738, -0.00874239
-0.73393965, 0.12884915, 0.66685992
0.65396219, 0.89407481
-0.01813864, 0.00389894, -0.00726729
-0.54737997, -0.7772454, 0.31019014
0.64547592, 0.36500949
-0.01813865, 0.09821738, -0.00874239
-0.73393965, 0.12884915, 0.66685992
0.54731232, 0.10017431
-0.00028045, 0.00389895, -0.00726729
0.55842769, -0.76506853, 0.32056642
0.54731232, 0.10017431
-0.00028045, 0.01539725, -0.00817249
1.0, 0.00018311, 0.0
0.59921718, 0.10017431
-0.01813864, 0.01539724, -0.00715553
-1.0, 0.00015259, 0.0
0.60249603, 0.0
-0.01813864, 0.02961811, 0.03957302
-0.64891505, 0.320719, 0.68993193
0.37600061, 0.33790582
-0.00028045, 0.02961812, 0.03957302
0.64891505, 0.320719, 0.68993193
0.47878766, 0.33790582
-0.00325682, 0.03084625, 0.04867638
0.63261819, 0.45561084, 0.62623984
0.47878766, 0.19464183
-0.00623318, 0.03207439, 0.04867638
0.15311137, 0.76293224, 0.62804043
0.49591884, 0.20034873
-0.01218592, 0.03207439, 0.04867638
-0.15311137, 0.76293224, 0.62804043
0.53018117, 0.20034873
-0.01516228, 0.03084625, 0.04867638
-0.63261819, 0.45561084, 0.62623984
0.54731238, 0.19464183
-0.00623318, 0.00800822, 0.04224977
0.28119755, -0.72063357, 0.6336863
0.49591884, 0.06832534
-0.00028045, 0.01267435, 0.00179443
0.90139472, -0.43296608, -0.00338755
0.75127631, 0.35218477
-0.00325682, 0.01074849, 0.03957301
0.55265969, -0.23877682, 0.79842526
0.9792577, 0.22146112
-0.01516228, 0.02961317, 0.04260748
-0.86144596, 0.49919125, 0.09320353
0.63100386, 0.34513915
-0.01516228, 0.03084625, 0.03957302
-0.50028992, 0.72237313, 0.4773095
0.6484893, 0.35199142
-0.00623318, 0.00800822, 0.03957301
0.22232734, -0.56810206, 0.79232156
0.37168068, 0.18920785
-0.00325682, 0.03084625, 0.03957302
0.50028992, 0.72237313, 0.4773095
0.97942501, 0.1087262
-0.00325682, 0.03084625, 0.04867638
0.63261819, 0.45561084, 0.62623984
0.9270317, 0.10865581
-0.01218591, 0.00800822, 0.03957301
-0.22232734, -0.56810206, 0.79232156
0.6484893, 0.22378689
-0.01516228, 0.02961317, 0.04564193
-0.86144596, 0.49919125, -0.09320353
0.97010344, 0.72079253
-0.01813864, 0.00162093, 0.03941348
-0.69273967, -0.47904906, 0.53907895
0.58157474, 0.21588051
-0.01218591, -0.00172157, 0.03941348
-0.20365001, -0.8157903, 0.54127628
0.54731238, 0.20034873
-0.00028045, 0.00162094, 0.03941348
0.69273967, -0.47904906, 0.53907895
0.47878769, 0.21588051
-0.00028045, 0.02961812, 0.03957302
0.64891505, 0.320719, 0.68993193
0.47878766, 0.34647793
-0.00325682, 0.01074849, 0.03957301
0.55265969, -0.23877682, 0.79842526
0.49591887, 0.25879532
-0.00325682, 0.03084625, 0.03957302
0.50028992, 0.72237313, 0.4773095
0.49591884, 0.35218477
-0.01516228, 0.03084625, 0.03957302
-0.50028992, 0.72237313, 0.4773095
0.56444353, 0.35218477
-0.01813864, 0.02961811, 0.03957302
-0.64891505, 0.320719, 0.68993193
0.58157468, 0.34647793
-0.01516228, 0.01074848, 0.03957301
-0.55265969, -0.23877682, 0.79842526
0.56444353, 0.25879526
-0.01516228, 0.02961317, 0.04260748
-0.86144596, 0.49919125, 0.09320353
0.39313677, 0.35218477
-0.01813864, 0.00162093, 0.03941348
-0.69273967, -0.47904906, 0.53907895
0.37691846, 0.35218483
-0.01813864, 0.0038664, -0.00727921
-0.59675896, -0.76964629, -0.2268746
0.64554453, 0.36482698
-0.00028045, 0.01267435, 0.00179443
0.90139472, -0.43296608, -0.00338755
0.21743011, 0.93798368
-0.00028045, 0.00386641, -0.00727921
0.5802179, -0.78542435, -0.21539964
0.26965234, 0.98738694
-0.01813864, 0.02920281, 0.03901375
-0.45060578, 0.10510574, 0.88647115
0.59096909, 0.22699618
-0.00028045, 0.0426502, -0.00644334
0.3752861, 0.17712943, 0.90981781
0.36093044, 0.26715821
0.00061402, 0.00459907, 0.03886082
0.75081635, -0.17590868, 0.63664663
0.59096909, 0.23737663
-0.01813864, 0.00236516, 0.03886082
-0.34614092, -0.10898159, 0.93182164
0.14835954, 0.04448825
-0.01813864, 0.04265019, -0.00644334
-0.36960965, 0.20120853, 0.90710163
0.0, 0.35222274
-0.01986541, 0.01804643, -0.00659627
-0.71919918, -0.19711906, -0.66621906
0.36606181, 0.27429903
-0.00028045, 0.01539725, -0.00817249
1.0, 0.00018311, 0.0
0.92703205, 0.64505744
-0.00028045, 0.01267435, 0.00179443
0.90139472, -0.43296608, -0.00338755
0.89964497, 0.44455248
-0.00028045, 0.04339443, -0.00827527
0.92458874, -0.29325235, 0.24307993
0.24952482, 0.09894168
-0.00028045, 0.09821738, -0.00874239
0.73393965, 0.12884915, 0.66685992
0.85406339, 0.08797503
-0.0155483, 0.07893972, 0.01039303
-0.64339119, 0.22544023, 0.73155922
0.76616848, 0.23693293
-0.0155483, 0.04168856, 0.00975962
0.47499007, -0.74690998, 0.46528518
0.9270317, 0.06184554
-0.0155483, 0.04168856, 0.00975962
0.47499007, -0.74690998, 0.46528518
0.97261328, 0.44455248
-0.00623318, 0.0458507, -0.00827527
-0.04757836, -0.66472363, 0.74553668
0.28378716, 0.11035532
-0.01554829, 0.04726528, -0.00679937
-0.24719992, -0.5648976, 0.78722495
0.97261322, 0.35246778
-0.0028708, 0.04726528, -0.00679937
0.24719992, -0.5648976, 0.78722495
0.95526981, 0.99765977
-0.0155483, 0.05209784, 0.00832107
-0.93722343, 0.28690451, -0.19812617
0.89964497, 0.26784676
-0.01554829, 0.05686645, -0.00555755
-0.86214787, 0.29670095, 0.41059601
1.0, 0.10865581
-0.0155483, 0.08998594, -0.00594386
-0.940611, -0.27426985, 0.1999878
0.92703205, 0.69741109
-0.0155483, 0.08998594, -0.00594386
-0.940611, -0.27426985, 0.1999878
0.40581936, 0.16081637
-0.0028708, 0.07854165, 0.00914352
0.78597367, -0.17786187, -0.59208959
0.47878766, 0.05468869
# Number of Faces:
326
# Face Data:
0, 1, 2
3, 4, 5
6, 7, 0
8, 9, 10
11, 12, 13
14, 15, 16
17, 18, 6
19, 20, 21
22, 23, 24
25, 26, 27
28, 29, 30
15, 31, 32
33, 34, 35
36, 37, 38
35, 39, 40
38, 41, 42
43, 44, 45
46, 47, 48
46, 49, 50
45, 51, 52
53, 54, 55
56, 57, 58
59, 57, 60
59, 47, 61
62, 48, 47
63, 48, 64
65, 49, 63
66, 67, 65
56, 68, 66
69, 70, 71
72, 73, 74
75, 55, 76
74, 77, 78
66, 79, 56
80, 81, 82
83, 81, 84
60, 79, 85
86, 45, 52
87, 50, 88
89, 46, 87
90, 45, 91
92, 38, 42
93, 40, 94
95, 38, 96
97, 35, 93
98, 99, 100
98, 101, 102
103, 104, 99
105, 106, 107
108, 109, 110
9, 111, 10
112, 105, 113
10, 110, 109
114, 9, 106
13, 115, 116
117, 118, 119
120, 121, 122
123, 124, 125
126, 127, 128
129, 130, 131
132, 133, 132
134, 135, 136
133, 137, 133
138, 139, 140
138, 136, 141
142, 143, 144
145, 146, 147
148, 149, 150
151, 152, 153
154, 155, 146
156, 157, 148
158, 159, 160
161, 162, 163
161, 164, 158
165, 166, 167
168, 169, 126
170, 158, 171
172, 173, 168
174, 161, 170
175, 169, 176
171, 160, 177
178, 116, 115
179, 2, 1
180, 181, 182
183, 184, 185
186, 181, 116
179, 184, 187
178, 188, 189
190, 191, 2
192, 193, 194
195, 196, 197
198, 199, 198
199, 200, 199
201, 132, 201
137, 201, 137
200, 202, 200
202, 198, 202
203, 204, 205
206, 207, 208
209, 205, 210
211, 212, 213
214, 215, 216
217, 218, 214
219, 216, 215
220, 221, 222
223, 224, 225
226, 227, 228
229, 230, 227
225, 231, 232
233, 227, 234
234, 230, 235
223, 236, 237
238, 229, 226
239, 240, 229
143, 241, 144
242, 243, 244
245, 246, 247
244, 248, 242
249, 250, 248
251, 252, 253
254, 255, 256
257, 143, 245
258, 259, 260
261, 262, 263
264, 265, 266
267, 268, 269
266, 270, 271
272, 273, 268
274, 273, 275
276, 277, 278
276, 279, 264
280, 281, 274
282, 270, 277
280, 269, 283
284, 285, 286
287, 288, 289
290, 291, 292
293, 294, 295
295, 296, 293
0, 7, 1
297, 1, 7
2, 298, 0
3, 12, 4
6, 18, 7
8, 299, 9
11, 4, 12
21, 16, 19
300, 117, 14
14, 301, 15
15, 25, 27
19, 16, 15
15, 27, 19
300, 14, 16
17, 302, 18
19, 303, 20
22, 304, 23
25, 305, 26
28, 306, 29
15, 301, 31
33, 307, 34
36, 308, 37
35, 34, 39
38, 37, 41
43, 309, 44
46, 310, 47
46, 48, 49
45, 44, 51
53, 311, 54
56, 60, 57
59, 61, 57
59, 62, 47
62, 64, 48
63, 49, 48
65, 67, 49
66, 68, 67
56, 58, 68
71, 85, 79
79, 312, 69
69, 313, 70
70, 314, 71
71, 79, 69
72, 315, 73
75, 53, 55
74, 73, 77
66, 312, 79
80, 316, 81
83, 82, 81
60, 56, 79
86, 91, 45
87, 46, 50
89, 310, 46
90, 43, 45
92, 96, 38
93, 35, 40
95, 36, 38
97, 33, 35
98, 103, 99
98, 100, 101
103, 317, 104
105, 114, 106
108, 318, 109
9, 112, 111
113, 319, 111
108, 110, 111
111, 112, 113
114, 105, 112
319, 108, 111
10, 111, 110
114, 112, 9
320, 11, 116
13, 321, 115
116, 11, 13
117, 300, 118
120, 322, 121
125, 323, 123
323, 324, 123
124, 325, 125
326, 172, 128
126, 175, 127
128, 172, 168
175, 327, 127
128, 168, 126
131, 328, 329
329, 330, 131
331, 129, 330
130, 332, 131
131, 330, 129
132, 133, 133
134, 333, 135
133, 137, 137
138, 141, 139
138, 134, 136
142, 245, 143
145, 334, 146
335, 336, 156
156, 148, 335
150, 335, 148
151, 337, 152
146, 334, 154
334, 338, 154
155, 339, 146
156, 340, 157
158, 164, 159
161, 341, 162
161, 163, 164
342, 343, 167
344, 345, 346
345, 347, 346
343, 165, 167
348, 349, 350
350, 349, 342
344, 346, 166
167, 350, 342
344, 166, 165
168, 173, 169
170, 161, 158
172, 351, 173
174, 341, 161
175, 126, 169
171, 158, 160
178, 186, 116
179, 190, 2
180, 352, 181
183, 187, 184
186, 182, 181
179, 1, 184
352, 180, 189
178, 115, 188
115, 353, 188
189, 180, 178
190, 183, 354
183, 185, 354
355, 2, 191
190, 354, 191
192, 356, 193
195, 204, 196
198, 199, 199
199, 200, 200
201, 132, 132
137, 201, 201
200, 202, 202
202, 198, 198
203, 196, 204
206, 357, 207
209, 203, 205
211, 358, 212
214, 218, 215
217, 359, 218
219, 360, 216
220, 361, 221
223, 237, 224
226, 229, 227
229, 240, 230
225, 224, 231
233, 228, 227
234, 227, 230
223, 362, 236
238, 239, 229
239, 363, 240
143, 364, 241
242, 365, 243
245, 142, 246
244, 249, 248
249, 366, 250
251, 367, 252
254, 368, 255
369, 364, 143
245, 247, 257
257, 369, 143
258, 370, 259
261, 371, 262
264, 279, 265
267, 272, 268
266, 265, 270
272, 275, 273
274, 281, 273
276, 282, 277
276, 278, 279
280, 283, 281
282, 271, 270
280, 267, 269
284, 372, 285
287, 373, 288
290, 374, 291
293, 375, 294
295, 376, 296
