# Project Zomboid Skinned Mesh
# File Version:
1.0
# Model Name:
spas12
# Vertex Stride Element Count:
3
# Vertex Stride Size (in bytes):
76
# Vertex Stride Data:
# (Int)    Offset
# (String) Type
0
VertexArray
12
NormalArray
24
TextureCoordArray
# Vertex Count:
576
# Vertex Buffer:
0.012199, 0.25313401, -0.04589796
1.0, 0.0, 0.0
0.005826, 0.85123099
0.012199, 0.25313401, -0.04956696
1.0, 0.0, 0.0
0.02666, 0.85123099
0.012199, 0.27147499, -0.04956695
1.0, 0.0, 0.0
0.02666, 0.74705899
0.01088, 0.131679, -0.02258498
0.95773184, -0.00027467, 0.28760642
0.99217898, 0.27574599
0.01052, 0.0175, -0.022585
0.97402877, -0.0028077, 0.22629474
0.610102, 0.27573299
0.01088, 0.01755601, -0.047748
0.96868801, -0.00070193, -0.24820703
0.61012399, 0.36062503
0.00712, 0.01755601, -0.054392
0.48457289, -0.06234932, -0.87249368
0.61014402, 0.385382
0.00712, 0.13167901, -0.05439198
0.503708, 0.0, -0.86385691
0.99217498, 0.38536602
0.00712, 0.131679, -0.01688998
0.47379985, 0.0, 0.8806116
0.99217999, 0.25315702
0.00712, 0.019713, -0.01689
0.53767508, -0.00161748, 0.84313488
0.61639303, 0.253142
0.01088, 0.01160301, -0.047748
0.9474166, -0.03085421, -0.31846064
0.589984, 0.36058998
-0.009942, 0.131679, -0.02258498
-0.95773184, -0.00027467, 0.28760642
0.99217403, 0.53920799
-0.009942, 0.13167901, -0.04774798
-0.96700948, 0.0, -0.25464645
0.99217403, 0.45487797
-0.009942, 0.01755601, -0.047748
-0.96868801, -0.00070193, -0.24820703
0.610129, 0.45485502
-0.006182, 0.13167901, -0.05439198
-0.503708, 0.0, -0.86385691
0.99217403, 0.43029398
-0.006182, 0.01755601, -0.054392
-0.48457289, -0.06234932, -0.87249368
0.61014497, 0.43028003
-0.006182, 0.019713, -0.01689
-0.53767508, -0.00161748, 0.84313488
0.61738598, 0.56185499
-0.006182, 0.131679, -0.01688998
-0.47379985, 0.0, 0.8806116
0.99217403, 0.56168199
-0.009942, 0.01160301, -0.047748
-0.9474166, -0.03085421, -0.31846064
0.59024203, 0.45488501
-0.009582, 0.0175, -0.022585
-0.97402877, -0.0028077, 0.22629474
0.61012, 0.53921399
-0.006182, 0.00899801, -0.052952
-0.42829677, -0.14993744, -0.89107943
0.58273703, 0.43026298
0.00712, 0.00899801, -0.052952
0.42829677, -0.14993744, -0.89107943
0.58234, 0.38537198
0.00712, 0.131679, -0.01688998
0.47379985, 0.0, 0.8806116
0.99217403, 0.606264
0.012129, 0.130925, -0.02084998
0.72426528, -0.63811153, 0.26120791
0.98733997, 0.755767
0.012129, 0.13092501, -0.05857098
0.57734919, -0.57734919, -0.57734919
0.98734099, 0.684008
0.012129, 0.19572002, -0.05857097
0.66936249, 0.13138218, -0.73119295
0.86407697, 0.68400699
0.012129, 0.19572, -0.02084997
0.94067204, 0.0, 0.33927426
0.86407602, 0.755766
0.012129, 0.20636702, -0.05461697
0.74913788, 0.11713004, -0.65193641
0.843822, 0.69152999
0.012129, 0.32956901, -0.05461695
0.57734919, 0.57734919, -0.57734919
0.609447, 0.69152799
0.012129, 0.32956901, -0.02084995
0.72426528, 0.63811153, 0.26120791
0.609447, 0.75576399
0.004865, 0.19572, -0.01208997
0.4252449, 0.0, 0.90505689
0.86407602, 0.77741601
0.004865, 0.130925, -0.01208998
0.3327128, -0.6227302, 0.708121
0.98733997, 0.777417
0.012129, 0.206367, -0.02084997
0.94067204, 0.0, 0.33927426
0.843822, 0.755766
0.004865, 0.206367, -0.01208997
0.4252449, 0.0, 0.90505689
0.843822, 0.77741501
-0.003823, 0.19572, -0.01208997
-0.4252449, 0.0, 0.90505689
0.86407602, 0.793942
-0.003823, 0.130925, -0.01208998
-0.3327128, -0.6227302, 0.708121
0.98733997, 0.793943
0.012129, 0.13092501, -0.05857098
0.57734919, -0.57734919, -0.57734919
0.90824902, 0.990298
-0.011087, 0.13092501, -0.05857098
-0.57734919, -0.57734919, -0.57734919
0.90834302, 0.948456
-0.011087, 0.19572002, -0.05857097
-0.66936249, 0.13138218, -0.73119295
0.79149199, 0.948269
0.012129, 0.19572002, -0.05857097
0.66936249, 0.13138218, -0.73119295
0.79150701, 0.990112
-0.011087, 0.20636702, -0.05461697
-0.74913788, 0.11713004, -0.65193641
0.77101398, 0.948277
0.012129, 0.20636702, -0.05461697
0.74913788, 0.11713004, -0.65193641
0.77104503, 0.990125
-0.011087, 0.32956901, -0.05461695
-0.57734919, 0.57734919, -0.57734919
0.54888099, 0.948738
0.004865, 0.32956901, -0.01208995
0.3327128, 0.6227302, 0.708121
0.47230399, 0.977723
0.012129, 0.32956901, -0.02084995
0.72426528, 0.63811153, 0.26120791
0.488132, 0.990767
0.012129, 0.130925, -0.02084998
0.72426528, -0.63811153, 0.26120791
0.97622299, 0.990501
0.004865, 0.130925, -0.01208998
0.3327128, -0.6227302, 0.708121
0.99205101, 0.977455
-0.003823, 0.130925, -0.01208998
-0.3327128, -0.6227302, 0.708121
0.992091, 0.961798
-0.011087, 0.19572002, -0.05857097
-0.66936249, 0.13138218, -0.73119295
0.86407501, 0.887351
-0.011087, 0.13092501, -0.05857098
-0.57734919, -0.57734919, -0.57734919
0.98733902, 0.887352
-0.011087, 0.130925, -0.02084998
-0.72426528, -0.63811153, 0.26120791
0.98733997, 0.81559201
-0.011087, 0.19572, -0.02084997
-0.94067204, 0.0, 0.33927426
0.86407602, 0.81559201
-0.011087, 0.206367, -0.02084997
-0.94067204, 0.0, 0.33927426
0.84382099, 0.81559099
-0.011087, 0.20636702, -0.05461697
-0.74913788, 0.11713004, -0.65193641
0.84382099, 0.879828
-0.011087, 0.32956901, -0.02084995
-0.72426528, 0.63811153, 0.26120791
0.60944599, 0.81558999
-0.011087, 0.32956901, -0.05461695
-0.57734919, 0.57734919, -0.57734919
0.60944599, 0.879826
-0.003823, 0.206367, -0.01208997
-0.4252449, 0.0, 0.90505689
0.84382099, 0.793942
-0.003823, 0.32956901, -0.01208995
-0.3327128, 0.6227302, 0.708121
0.609447, 0.79393999
-0.011087, 0.32956901, -0.02084995
-0.72426528, 0.63811153, 0.26120791
0.488013, 0.948925
-0.003823, 0.32956901, -0.01208995
-0.3327128, 0.6227302, 0.708121
0.472262, 0.962065
-0.011087, 0.130925, -0.02084998
-0.72426528, -0.63811153, 0.26120791
0.97634, 0.94866
0.010672, -0.02093401, 0.048953
0.7053743, -0.17627491, 0.68654442
0.32351699, 0.72618401
0.010672, -0.02594001, 0.040545
0.89187294, -0.44935453, 0.05105747
0.34151599, 0.69799301
0.010672, 0.00319099, 0.040545
0.95901364, 0.28312021, -0.01028474
0.241997, 0.69488499
0.010672, -0.003331, 0.00011
0.97726369, -0.20587787, -0.05035554
0.26859099, 0.55744299
0.010672, -0.003331, -0.009456
0.97991884, -0.18225653, 0.08069094
0.26961201, 0.52476501
0.010672, 0.02167, -0.002064
0.89321572, 0.42841884, 0.13638721
0.183415, 0.54734799
0.010672, -0.020064, -0.022964
0.9092685, -0.39454329, 0.13232826
0.32822001, 0.48040402
0.011297, 0.019931, -0.023755
0.83223975, 0.53419602, -0.14825892
0.191671, 0.47343302
0.010672, -0.01833099, -0.043369
0.84081542, -0.37986389, -0.38560137
0.32447499, 0.41050798
0.011692, 0.01241201, -0.048133
0.74269843, 0.54179507, -0.39347515
0.219956, 0.39095402
0.010672, 0.00710399, 0.048954
0.74440747, 0.37363812, 0.55336159
0.227731, 0.72319299
0.007088, 0.00701599, 0.040545
0.43775749, 0.89806819, -0.04223762
0.22893, 0.69447699
0.010672, 0.015365, 0.007284
0.93081456, 0.32938626, 0.15826899
0.20395599, 0.579956
0.007088, 0.01919, 0.007284
0.37754449, 0.81942201, 0.43119603
0.190889, 0.579548
0.007088, 0.025495, -0.002064
0.36454359, 0.90643024, 0.21323283
0.170349, 0.54694
0.007088, 0.023755, -0.018152
0.31183812, 0.93392742, -0.1745964
0.17800701, 0.49216801
0.007088, -0.02494101, 0.048953
0.27512437, -0.55336159, 0.78615677
0.33720601, 0.72660801
0.007088, -0.02994701, 0.03926999
0.3724784, -0.92794579, -0.01275674
0.35534, 0.694065
0.007088, -0.009888, -0.000437
0.53752249, -0.81432539, -0.21890926
0.291049, 0.55627599
0.007088, -0.009705, -0.008909
0.55507064, -0.73134553, 0.3961913
0.29133099, 0.52731201
0.007088, -0.024071, -0.020232
0.3999756, -0.84066284, 0.3650319
0.34161699, 0.49016398
0.007088, -0.02142699, -0.044644
0.32587665, -0.73839533, -0.59038055
0.33518901, 0.40648198
0.007088, 0.01077301, -0.053992
0.342967, 0.38801232, -0.85543382
0.226181, 0.37111199
0.007088, 0.01092899, 0.048954
0.320719, 0.82274848, 0.46922207
0.072898, 0.65926099
0.007088, -0.02494101, 0.048953
0.27512437, -0.55336159, 0.78615677
0.072877, 0.739939
0.010672, -0.02093401, 0.048953
0.7053743, -0.17627491, 0.68654442
0.080942, 0.73092899
0.011297, 0.019931, -0.023755
0.83223975, 0.53419602, -0.14825892
0.083111, 0.48220599
0.011692, 0.01241201, -0.048133
0.74269843, 0.54179507, -0.39347515
0.083414, 0.42483199
0.007088, 0.01077301, -0.053992
0.342967, 0.38801232, -0.85543382
0.072911, 0.41125798
-0.009705, 0.00319099, 0.040545
-0.95901364, 0.28312021, -0.01028474
0.241889, 0.694552
-0.009705, -0.02594001, 0.040545
-0.89187294, -0.44935453, 0.05105747
0.34140801, 0.69766
-0.009705, -0.02093401, 0.048953
-0.7053743, -0.17627491, 0.68654442
0.32340899, 0.72584999
-0.009705, 0.015365, 0.007284
-0.93081456, 0.32938626, 0.15826899
0.203848, 0.57962301
-0.009705, -0.003331, 0.00011
-0.97726369, -0.20587787, -0.05035554
0.268484, 0.55711001
-0.009705, 0.02167, -0.002064
-0.89321572, 0.42838833, 0.1363567
0.18330701, 0.54701501
-0.009705, -0.003331, -0.009456
-0.97991884, -0.18225653, 0.08066042
0.26950401, 0.524432
-0.010329, 0.019931, -0.023755
-0.83223975, 0.53416544, -0.14825892
0.191563, 0.47310001
-0.009705, -0.020064, -0.022964
-0.9092685, -0.39454329, 0.13232826
0.32811201, 0.48006999
-0.010725, 0.01241201, -0.048133
-0.74269843, 0.54179507, -0.39344463
0.21984801, 0.39062101
-0.009705, -0.01833099, -0.043369
-0.84081542, -0.37986389, -0.38560137
0.32436699, 0.41017401
-0.009705, 0.00710399, 0.048954
-0.74440747, 0.37363812, 0.55336159
0.227623, 0.72286001
-0.006121, 0.01092899, 0.048954
-0.320719, 0.82274848, 0.46922207
0.21455701, 0.72245201
-0.006121, 0.00701599, 0.040545
-0.43775749, 0.89806819, -0.04223762
0.22882199, 0.69414401
-0.006121, 0.01919, 0.007284
-0.37754449, 0.81942201, 0.43119603
0.190781, 0.57921499
-0.006121, 0.025495, -0.002064
-0.36454359, 0.90643024, 0.21323283
0.170241, 0.54660699
-0.006121, 0.023755, -0.018152
-0.31186864, 0.93392742, -0.17462692
0.177899, 0.49183398
-0.006121, -0.02994701, 0.03926999
-0.3724784, -0.92794579, -0.01275674
0.355232, 0.69373199
-0.006121, -0.02494101, 0.048953
-0.27512437, -0.55336159, 0.78615677
0.337098, 0.726275
-0.006121, -0.009888, -0.000437
-0.53752249, -0.81432539, -0.21890926
0.290941, 0.555942
-0.006121, -0.009705, -0.008909
-0.55507064, -0.73134553, 0.3961913
0.29122299, 0.52697799
-0.006121, -0.024071, -0.020232
-0.3999756, -0.84066284, 0.3650319
0.34150901, 0.48983097
-0.006121, -0.02142699, -0.044644
-0.32587665, -0.73839533, -0.59038055
0.33508101, 0.40614903
-0.006121, 0.01077301, -0.053992
-0.342967, 0.38801232, -0.85543382
0.226073, 0.37077802
-0.009705, -0.02093401, 0.048953
-0.7053743, -0.17627491, 0.68654442
0.03511, 0.73091701
-0.006121, -0.02494101, 0.048953
-0.27512437, -0.55336159, 0.78615677
0.04317, 0.73993099
-0.006121, 0.01092899, 0.048954
-0.320719, 0.82274848, 0.46922207
0.043191, 0.65925601
-0.006121, 0.01077301, -0.053992
-0.342967, 0.38801232, -0.85543382
0.043204, 0.41125703
-0.010725, 0.01241201, -0.048133
-0.74269843, 0.54179507, -0.39344463
0.032701, 0.42483199
-0.010329, 0.019931, -0.023755
-0.83223975, 0.53416544, -0.14825892
0.033003, 0.48220497
0.007088, 0.01919, 0.007284
0.37754449, 0.81942201, 0.43119603
0.072909, 0.55873501
-0.006121, 0.01919, 0.007284
-0.37754449, 0.81942201, 0.43119603
0.043202, 0.558734
-0.006121, 0.00701599, 0.040545
-0.43775749, 0.89806819, -0.04223762
0.043194, 0.63839599
0.007088, 0.025495, -0.002064
0.36454359, 0.90643024, 0.21323283
0.07291, 0.53337499
-0.006121, 0.025495, -0.002064
-0.36454359, 0.90643024, 0.21323283
0.043203, 0.53337401
0.007088, 0.023755, -0.018152
0.31183812, 0.93392742, -0.1745964
0.07291, 0.49698198
-0.006121, 0.023755, -0.018152
-0.31186864, 0.93392742, -0.17462692
0.043203, 0.49698102
0.007088, -0.02142699, -0.044644
0.32587665, -0.73839533, -0.59038055
0.093338, 0.50275299
-0.006121, -0.02142699, -0.044644
-0.32587665, -0.73839533, -0.59038055
0.122635, 0.502756
-0.006121, 0.01077301, -0.053992
-0.342967, 0.38801232, -0.85543382
0.122643, 0.42838401
0.007088, -0.024071, -0.020232
0.3999756, -0.84066284, 0.3650319
0.093332, 0.557219
-0.006121, -0.024071, -0.020232
-0.3999756, -0.84066284, 0.3650319
0.12263, 0.55722201
0.007088, -0.009705, -0.008909
0.55507064, -0.73134553, 0.3961913
0.093329, 0.59779099
-0.006121, -0.009705, -0.008909
-0.55507064, -0.73134553, 0.3961913
0.122626, 0.59779301
0.007088, -0.009888, -0.000437
0.53752249, -0.81432539, -0.21890926
0.093327, 0.616588
-0.006121, -0.009888, -0.000437
-0.53752249, -0.81432539, -0.21890926
0.122624, 0.61658999
0.007088, -0.02994701, 0.03926999
0.3724784, -0.92794579, -0.01275674
0.09332, 0.715262
-0.006121, -0.02994701, 0.03926999
-0.3724784, -0.92794579, -0.01275674
0.122617, 0.71526399
0.007088, -0.02494101, 0.048953
0.27512437, -0.55336159, 0.78615677
0.093318, 0.739438
-0.006121, -0.02494101, 0.048953
-0.27512437, -0.55336159, 0.78615677
0.122615, 0.73943999
0.007088, 0.00701599, 0.040545
0.43775749, 0.89806819, -0.04223762
0.072902, 0.638401
0.005066, 0.44621801, -0.03833292
0.47227395, 0.59566027, 0.64967805
0.073562, 0.31460601
0.007867, 0.44621801, -0.04696292
0.76381725, 0.59569079, -0.24839015
0.03515, 0.32707602
0.000526, 0.44621801, -0.05229393
-0.00021363, 0.59566027, -0.80318612
0.011421, 0.29439801
-0.004007, 0.44621801, -0.03833092
-0.47196874, 0.59569079, 0.64989167
0.073572, 0.274221
-0.006812, 0.44621801, -0.04695893
-0.76393932, 0.59569079, -0.24799341
0.035167, 0.26173198
0.007867, 0.44621801, -0.04696292
0.76381725, 0.59569079, -0.24839015
0.98928499, 0.00554502
0.007867, 0.327131, -0.04696295
0.95095676, 0.0, -0.30927458
0.003809, 0.00555801
0.000526, 0.327131, -0.05229395
-0.00027467, 0.0, -1.0
0.003815, 0.05522698
0.000526, 0.44621801, -0.05229393
-0.00021363, 0.59566027, -0.80318612
0.98929101, 0.05516499
-0.006812, 0.327131, -0.04695895
-0.95110935, 0.0, -0.30875576
0.003821, 0.10484999
-0.006812, 0.44621801, -0.04695893
-0.76393932, 0.59569079, -0.24799341
0.98929697, 0.104837
-0.004007, 0.327131, -0.03833095
-0.58760339, 0.0, 0.80910671
0.003819, 0.14952499
-0.004007, 0.44621801, -0.03833092
-0.47196874, 0.59569079, 0.64989167
0.98929501, 0.14956999
0.005066, 0.327131, -0.03833295
0.58800012, 0.0, 0.80883205
0.003811, 0.19191599
0.005066, 0.44621801, -0.03833292
0.47227395, 0.59566027, 0.64967805
0.98928702, 0.19195998
0.007867, 0.327131, -0.04696295
0.95095676, 0.0, -0.30927458
0.003809, 0.23664403
0.013013, 0.33021501, -0.02545395
0.82003236, 0.51139867, -0.25687429
0.39600301, 0.816174
0.013013, 0.312464, -0.01987495
0.96734518, 0.04977569, 0.24848171
0.40729001, 0.772718
0.013013, 0.316111, -0.04491895
0.65373701, 0.23203222, -0.72023684
0.34588301, 0.783856
0.013013, 0.244085, -0.01987396
0.96316415, -0.02920621, 0.26731163
0.40648901, 0.60933799
0.013013, 0.190863, -0.01987397
0.9578234, 0.0, 0.28724021
0.40603501, 0.47800398
0.013013, 0.18008301, -0.04491897
0.61488694, 0.17902158, -0.76799828
0.34358299, 0.45422697
0.013013, 0.29824099, -0.01319095
0.94366282, 0.08191168, 0.32056642
0.41756001, 0.737939
0.013013, 0.272531, -0.01319095
0.95132297, -0.03784295, 0.30579546
0.416996, 0.67779201
0.013013, 0.18008301, -0.01987497
0.92526019, 0.3116245, 0.21625416
0.40213099, 0.452739
0.013013, 0.330152, -0.03488995
0.60548723, 0.70119327, -0.37638476
0.37291399, 0.816854
0.013013, 0.336597, -0.01986395
0.74355298, 0.66863, -0.00436415
0.41065601, 0.830741
0.006771, 0.244085, -0.01040296
0.48768577, -0.10296945, 0.86690879
0.43623799, 0.60995701
0.006771, 0.190863, -0.01040297
0.53627127, 0.16672261, 0.82738733
0.43541101, 0.475793
0.006771, 0.312464, -0.01040395
0.49690238, 0.19895016, 0.84466076
0.437006, 0.77140699
0.006771, 0.29824099, -0.00371995
0.44502091, 0.18875699, 0.8753624
0.44080299, 0.73519501
0.006771, 0.272531, -0.00371996
0.45908993, -0.10028382, 0.88268685
0.44034901, 0.678592
0.006771, 0.336597, -0.01039295
0.37415692, 0.61415446, 0.69481492
0.43857399, 0.82986
0.014336, 0.17803501, -0.01987497
0.98193306, -0.04565569, 0.18353832
0.40076101, 0.44701803
0.014336, 0.17803501, -0.04491897
0.80498672, -0.03942991, -0.59193701
0.34300801, 0.44845301
0.006771, 0.18008301, -0.00490097
0.4646138, 0.51414531, 0.72090822
0.437967, 0.44592899
0.007448, 0.17803501, -0.00358397
0.53663749, -0.04211554, 0.84273809
0.43781701, 0.43981999
0.013013, 0.17637099, -0.01987497
0.47096163, -0.8761254, 0.10269479
0.40060601, 0.44191998
0.006771, 0.17637099, -0.00490097
0.30545977, -0.8529008, 0.42332223
0.436869, 0.43477798
-0.00587, 0.244085, -0.01040296
-0.48762473, -0.10296945, 0.86693931
0.469652, 0.60973901
-0.00587, 0.190863, -0.01040297
-0.53624076, 0.16672261, 0.82741785
0.46916601, 0.47568101
-0.00587, 0.312464, -0.01040395
-0.49687186, 0.19895016, 0.84469128
0.47051501, 0.770982
-0.00587, 0.29824099, -0.00371995
-0.4449904, 0.18875699, 0.87539291
0.46628401, 0.735342
-0.00587, 0.272531, -0.00371996
-0.45905942, -0.10028382, 0.88271737
0.466203, 0.678626
-0.00587, 0.18008301, -0.00490097
-0.4646138, 0.51414531, 0.72093874
0.46647, 0.44637001
-0.00587, 0.336597, -0.01039295
-0.3741264, 0.61418498, 0.69481492
0.469814, 0.829697
-0.006547, 0.17803501, -0.00358397
-0.53663749, -0.04211554, 0.84273809
0.46667299, 0.44036603
-0.00587, 0.17637099, -0.00490097
-0.30545977, -0.8529008, 0.42332223
0.46751499, 0.43513399
0.013013, 0.33021501, -0.02545395
0.82003236, 0.51139867, -0.25687429
0.401115, 0.29219502
0.013013, 0.330152, -0.03488995
0.60548723, 0.70119327, -0.37638476
0.42802799, 0.29219502
0.011023, 0.330152, -0.03474595
-0.6229133, 0.70033878, -0.34852138
0.427618, 0.29786903
0.013013, 0.316111, -0.04491895
0.65373701, 0.23203222, -0.72023684
0.45663199, 0.29219401
0.011072, 0.316111, -0.04496995
-0.28141117, 0.29132968, -0.9142735
0.45677701, 0.297732
0.013013, 0.18008301, -0.04491897
0.61488694, 0.17902158, -0.76799828
0.63609803, 0.62866199
0.011072, 0.18008301, -0.04496997
0.02624592, 0.0, -0.99963379
0.63609803, 0.63198799
0.011072, 0.316111, -0.04496995
-0.28141117, 0.29132968, -0.9142735
0.869138, 0.63198799
0.010843, 0.33021501, -0.02532995
-0.83526111, 0.47776726, -0.27207252
0.40076301, 0.298383
0.010837, 0.336597, -0.02101395
-0.33756524, 0.73671681, -0.58586383
0.38845199, 0.29839998
0.013013, 0.336597, -0.01986395
0.74355298, 0.66863, -0.00436415
0.38517201, 0.29219502
0.005592, 0.336597, -0.01368895
-0.25778985, 0.82573932, -0.50163275
0.36755899, 0.31335998
0.014336, 0.17803501, -0.04491897
0.80498672, -0.03942991, -0.59193701
0.63259, 0.626396
0.011072, 0.17803501, -0.04496997
0.02108829, -0.00018311, -0.99975586
0.63259, 0.63198799
0.013013, 0.17637099, -0.04491897
0.34788048, -0.70928067, -0.61305583
0.62973899, 0.62866199
0.011072, 0.17637099, -0.04496997
0.01864681, -0.70336008, -0.71056247
0.62973899, 0.63198799
0.013013, 0.17637099, -0.04491897
0.34788048, -0.70928067, -0.61305583
0.45127299, 0.83291601
0.013013, 0.17637099, -0.01987497
0.47096163, -0.8761254, 0.10269479
0.38645199, 0.83291499
0.010838, 0.17637099, -0.02101397
0.0, -1.0, 0.0
0.38940001, 0.83854599
0.006771, 0.17637099, -0.00490097
0.30545977, -0.8529008, 0.42332223
0.34769401, 0.84907199
0.00525, 0.17637099, -0.01253797
0.0, -1.0, 0.0
0.367461, 0.853007
-0.00587, 0.17637099, -0.00490097
-0.30545977, -0.8529008, 0.42332223
0.34769401, 0.881791
0.010843, 0.33021501, -0.02532995
-0.83526111, 0.47776726, -0.27207252
0.38821, 0.25783598
0.011023, 0.330152, -0.03474595
-0.6229133, 0.70033878, -0.34852138
0.37654799, 0.25791597
0.011072, 0.316111, -0.04496995
-0.28141117, 0.29132968, -0.9142735
0.36388901, 0.27530599
0.010837, 0.336597, -0.02101395
-0.33756524, 0.73671681, -0.58586383
0.39355499, 0.24993199
0.010837, 0.31608099, -0.02101395
-0.95080417, -0.00106815, -0.30973235
0.393558, 0.27534002
0.005592, 0.31608099, -0.01368895
-0.4570452, 0.0, -0.88943142
0.404715, 0.27533901
-0.012113, 0.33021501, -0.02545395
-0.82003236, 0.51139867, -0.25687429
0.51211703, 0.81533299
-0.012113, 0.316111, -0.04491895
-0.65373701, 0.23203222, -0.72023684
0.561692, 0.782507
-0.012113, 0.312464, -0.01987495
-0.96731466, 0.04977569, 0.24851222
0.500251, 0.772075
-0.012113, 0.244085, -0.01987396
-0.96313363, -0.02920621, 0.26734215
0.499392, 0.60890901
-0.012113, 0.18008301, -0.04491897
-0.61497849, 0.17893001, -0.76793724
0.56076902, 0.45350802
-0.012113, 0.190863, -0.01987397
-0.9578234, 0.0, 0.28727072
0.49858499, 0.47781098
-0.012113, 0.29824099, -0.01319095
-0.9436323, 0.08191168, 0.32062745
0.48960099, 0.73754001
-0.012113, 0.272531, -0.01319095
-0.95132297, -0.03784295, 0.30582598
0.48954701, 0.67746201
-0.012113, 0.18008301, -0.01987497
-0.9252907, 0.31144139, 0.21628468
0.502325, 0.452654
-0.012113, 0.330152, -0.03488995
-0.60548723, 0.70119327, -0.37638476
0.53517097, 0.815749
-0.012113, 0.336597, -0.01986395
-0.74355298, 0.66863, -0.00433363
0.49770701, 0.830109
-0.013435, 0.17803501, -0.04491897
-0.8049562, -0.0393994, -0.59196752
0.56130302, 0.44770598
-0.013435, 0.17803501, -0.01987497
-0.98193306, -0.04565569, 0.18356884
0.50364101, 0.44692099
-0.012113, 0.17637099, -0.04491897
-0.34800255, -0.70925015, -0.61302531
0.56151998, 0.44261801
-0.012113, 0.17637099, -0.01987497
-0.47111422, -0.87603384, 0.1027253
0.50374597, 0.44182903
-0.012113, 0.33021501, -0.02545395
-0.82003236, 0.51139867, -0.25687429
0.401115, 0.363855
-0.009943, 0.33021501, -0.02532995
0.83526111, 0.47776726, -0.27207252
0.40076301, 0.35766602
-0.010123, 0.330152, -0.03474595
0.62288278, 0.70033878, -0.34852138
0.427618, 0.358181
-0.012113, 0.330152, -0.03488995
-0.60548723, 0.70119327, -0.37638476
0.42802799, 0.363855
-0.010171, 0.316111, -0.04496995
0.28144169, 0.2913602, -0.91424298
0.45677701, 0.35831797
-0.010171, 0.316111, -0.04496995
0.28144169, 0.2913602, -0.91424298
0.869138, 0.63867301
-0.010171, 0.18008301, -0.04496997
-0.02624592, 0.0, -0.99963379
0.63609803, 0.63867301
-0.012113, 0.18008301, -0.04491897
-0.61497849, 0.17893001, -0.76793724
0.63609803, 0.64199901
-0.009937, 0.336597, -0.02101395
0.33753473, 0.73671681, -0.58589435
0.38845199, 0.35764998
-0.004691, 0.336597, -0.01368895
0.25775933, 0.82573932, -0.50166327
0.36755899, 0.34268898
-0.012113, 0.336597, -0.01986395
-0.74355298, 0.66863, -0.00433363
0.38517201, 0.363855
-0.010171, 0.17803501, -0.04496997
-0.02108829, -0.00018311, -0.99975586
0.63259, 0.63867301
-0.010171, 0.17637099, -0.04496997
-0.01864681, -0.70336008, -0.71056247
0.62973899, 0.63867301
-0.012113, 0.17637099, -0.04491897
-0.34800255, -0.70925015, -0.61302531
0.62973899, 0.64199901
-0.012113, 0.17637099, -0.04491897
-0.34800255, -0.70925015, -0.61302531
0.45127299, 0.897947
-0.010171, 0.17637099, -0.04496997
-0.01864681, -0.70336008, -0.71056247
0.45140499, 0.892923
-0.009937, 0.17637099, -0.02101397
0.0, -1.0, 0.0
0.38940001, 0.892317
-0.012113, 0.17637099, -0.01987497
-0.47111422, -0.87603384, 0.1027253
0.38645199, 0.897948
-0.00435, 0.17637099, -0.01253797
0.0, -1.0, 0.0
0.367461, 0.877856
-0.00587, 0.336597, -0.01039295
-0.3741264, 0.61418498, 0.69481492
0.35815999, 0.34605199
-0.009943, 0.33021501, -0.02532995
0.83526111, 0.47776726, -0.27207252
0.433952, 0.25783199
-0.010171, 0.316111, -0.04496995
0.28144169, 0.2913602, -0.91424298
0.45827699, 0.27529699
-0.010123, 0.330152, -0.03474595
0.62288278, 0.70033878, -0.34852138
0.44561499, 0.257909
-0.009937, 0.31608099, -0.02101395
0.95080417, -0.00106815, -0.30976287
0.428608, 0.27533603
-0.004691, 0.31608099, -0.01368895
0.45701468, 0.0, -0.88943142
0.41745099, 0.27533698
-0.009937, 0.336597, -0.02101395
0.33753473, 0.73671681, -0.58589435
0.428606, 0.24992901
-0.004691, 0.336597, -0.01368895
0.25775933, 0.82573932, -0.50166327
0.41744801, 0.24993002
0.005592, 0.336597, -0.01368895
-0.25778985, 0.82573932, -0.50163275
0.404713, 0.24993098
0.001303, 0.405229, -0.05470793
0.46836758, -0.29465622, -0.83291113
0.20134901, 0.863235
0.000556, 0.40562999, -0.06439593
0.0, -0.51722771, -0.85583055
0.19992, 0.82861701
0.000556, 0.41591701, -0.06439593
0.0, 0.45735037, -0.88924831
0.16327, 0.828618
0.001303, 0.405229, -0.05470793
0.46836758, -0.29465622, -0.83291113
0.22685499, 0.889231
0.001303, 0.41751599, -0.05470793
0.397351, 0.84389782, -0.36039308
0.15458401, 0.889231
0.003856, 0.41751599, -0.05367493
0.66313672, 0.60029906, -0.44703513
0.15458401, 0.90425
0.003856, 0.41751599, -0.05367493
0.66313672, 0.60029906, -0.44703513
0.149158, 0.76244
0.003856, 0.41751599, -0.04955593
0.70708334, 0.70708334, 0.0
0.13738, 0.762439
0.003856, 0.39334401, -0.04955593
0.70708334, -0.70708334, 0.0
0.1375, 0.825543
-0.000191, 0.405229, -0.05470793
-0.46830654, -0.29465622, -0.83294165
0.20134901, 0.794
-0.000191, 0.405229, -0.05470793
-0.46830654, -0.29465622, -0.83294165
0.22685499, 0.880446
-0.002745, 0.39334401, -0.05367494
-0.58384961, -0.59526354, -0.55201882
0.29676101, 0.865426
-0.002745, 0.41751599, -0.05367493
-0.6631062, 0.60026854, -0.44709617
0.15458401, 0.865426
-0.002745, 0.39334401, -0.04955593
-0.70708334, -0.70708334, 0.0
0.1375, 0.84287199
-0.002745, 0.41751599, -0.04955593
-0.70708334, 0.70708334, 0.0
0.13738, 0.905976
-0.002745, 0.41751599, -0.05367493
-0.6631062, 0.60026854, -0.44709617
0.149158, 0.905976
0.003856, 0.39334401, -0.05367494
0.58384961, -0.59526354, -0.55201882
0.29676101, 0.90425
-0.002745, 0.39334401, -0.05367494
-0.58384961, -0.59526354, -0.55201882
0.149038, 0.84287301
0.000556, 0.40562999, -0.06439593
0.0, -0.51722771, -0.85583055
0.241732, 0.78315
0.001303, 0.405229, -0.05470793
0.46836758, -0.29465622, -0.83291113
0.15781701, 0.776599
-0.000191, 0.405229, -0.05470793
-0.46830654, -0.29465622, -0.83294165
0.157813, 0.789526
0.003856, 0.41751599, -0.05367493
0.66313672, 0.60029906, -0.44703513
0.244626, 0.79612701
-0.002745, 0.41751599, -0.05367493
-0.6631062, 0.60026854, -0.44709617
0.244626, 0.859366
-0.002745, 0.41751599, -0.04955593
-0.70708334, 0.70708334, 0.0
0.205165, 0.859366
0.001303, 0.41751599, -0.05470793
0.397351, 0.84389782, -0.36039308
0.25452799, 0.820592
-0.000191, 0.41751599, -0.05470793
-0.39728996, 0.84389782, -0.36048463
0.25452799, 0.834902
0.000556, 0.41591701, -0.06439593
0.0, 0.45735037, -0.88924831
0.34734201, 0.827746
0.006386, 0.15434402, -0.05772897
1.0, 0.0, 0.0
0.11619, 0.969738
0.006386, 0.14353402, -0.05772898
0.70708334, -0.70708334, 0.0
0.139437, 0.969878
0.006386, 0.15434402, -0.06266297
0.80416274, 0.22745445, -0.54911953
0.116254, 0.959129
0.006386, 0.16595101, -0.06266297
0.57734919, 0.57734919, -0.57734919
0.091295, 0.958979
0.006386, 0.15056401, -0.06644298
0.80416274, 0.54911953, -0.22745445
0.124432, 0.951048
0.006386, 0.14353402, -0.07320797
0.57734919, -0.57734919, -0.57734919
0.13963699, 0.936592
-0.005263, 0.15434402, -0.05772897
-1.0, 0.0, 0.0
0.041224, 0.969287
-0.005263, 0.15434402, -0.06266297
-0.80416274, 0.22745445, -0.54911953
0.041287, 0.958678
-0.005263, 0.14353402, -0.05772898
-0.70708334, -0.70708334, 0.0
0.017977, 0.969148
-0.005263, 0.16595101, -0.06266297
-0.57734919, 0.57734919, -0.57734919
0.066246, 0.958828
-0.005263, 0.15056401, -0.06644298
-0.80416274, 0.54911953, -0.22745445
0.033207, 0.9505
-0.005263, 0.15056401, -0.07320797
-0.57734919, 0.57734919, -0.57734919
0.033294, 0.935952
-0.005263, 0.14353402, -0.07320797
-0.57734919, -0.57734919, -0.57734919
0.018176, 0.935862
-0.005263, 0.16595101, -0.05772897
-0.70708334, 0.70708334, 0.0
0.066182, 0.969437
0.006386, 0.15434402, -0.06266297
0.80416274, 0.22745445, -0.54911953
0.091446, 0.93402
-0.005263, 0.15434402, -0.06266297
-0.80416274, 0.22745445, -0.54911953
0.066396, 0.933869
0.006386, 0.15056401, -0.06644298
0.80416274, 0.54911953, -0.22745445
0.091516, 0.922524
-0.005263, 0.15056401, -0.06644298
-0.80416274, 0.54911953, -0.22745445
0.066466, 0.922373
0.006386, 0.15056401, -0.07320797
0.57734919, 0.57734919, -0.57734919
0.091604, 0.907977
-0.005263, 0.15056401, -0.07320797
-0.57734919, 0.57734919, -0.57734919
0.066553, 0.907825
0.006386, 0.14353402, -0.07320797
0.57734919, -0.57734919, -0.57734919
0.091695, 0.892859
-0.005263, 0.14353402, -0.07320797
-0.57734919, -0.57734919, -0.57734919
0.066645, 0.892708
0.006386, 0.14353402, -0.05772898
0.70708334, -0.70708334, 0.0
0.091896, 0.85957301
-0.005263, 0.14353402, -0.05772898
-0.70708334, -0.70708334, 0.0
0.066846, 0.859421
0.012199, 0.298917, -0.04589795
1.0, 0.0, 0.0
0.005826, 0.85123099
0.012199, 0.298917, -0.04956695
1.0, 0.0, 0.0
0.02666, 0.85123099
0.012199, 0.317258, -0.04956695
1.0, 0.0, 0.0
0.02666, 0.74705899
0.012199, 0.27612299, -0.04589796
1.0, 0.0, 0.0
0.005826, 0.85123099
0.012199, 0.27612299, -0.04956695
1.0, 0.0, 0.0
0.02666, 0.85123099
0.012199, 0.29446301, -0.04956695
1.0, 0.0, 0.0
0.02666, 0.74705899
0.012199, 0.23034002, -0.04589796
1.0, 0.0, 0.0
0.005826, 0.85123099
0.012199, 0.23034002, -0.04956696
1.0, 0.0, 0.0
0.02666, 0.85123099
0.012199, 0.24868101, -0.04956696
1.0, 0.0, 0.0
0.02666, 0.74705899
0.012199, 0.20803002, -0.04589797
1.0, 0.0, 0.0
0.005826, 0.85123099
0.012199, 0.20803002, -0.04956697
1.0, 0.0, 0.0
0.02666, 0.85123099
0.012199, 0.22637102, -0.04956696
1.0, 0.0, 0.0
0.02666, 0.74705899
0.012199, 0.18475102, -0.04589797
1.0, 0.0, 0.0
0.005826, 0.85123099
0.012199, 0.18475102, -0.04956697
1.0, 0.0, 0.0
0.02666, 0.85123099
0.012199, 0.20309201, -0.04956697
1.0, 0.0, 0.0
0.02666, 0.74705899
0.012199, 0.16244201, -0.04589798
0.99996948, 0.0, 0.0
0.005826, 0.85123099
0.012199, 0.16244201, -0.04956697
1.0, 0.0, 0.0
0.02666, 0.85123099
0.012199, 0.18078202, -0.04956697
0.99996948, 0.0, 0.0
0.02666, 0.74705899
0.012199, 0.14032601, -0.04589798
1.0, 0.0, 0.0
0.005826, 0.85123099
0.012199, 0.14032601, -0.04956698
1.0, 0.0, 0.0
0.02666, 0.85123099
0.012199, 0.15866701, -0.04956697
1.0, 0.0, 0.0
0.02666, 0.74705899
0.012199, 0.150996, -0.02834198
1.0, 0.0, 0.0
0.005826, 0.85123099
0.012199, 0.150996, -0.03200997
1.0, 0.0, 0.0
0.02666, 0.85123099
0.012199, 0.169337, -0.03200997
1.0, 0.0, 0.0
0.02666, 0.74705899
0.012199, 0.17378999, -0.02834197
1.0, 0.0, 0.0
0.005826, 0.85123099
0.012199, 0.17378999, -0.03200997
1.0, 0.0, 0.0
0.02666, 0.85123099
0.012199, 0.192131, -0.03200997
1.0, 0.0, 0.0
0.02666, 0.74705899
0.012199, 0.16166601, -0.02242497
1.0, 0.0, 0.0
0.005826, 0.85123099
0.012199, 0.16166601, -0.02609297
1.0, 0.0, 0.0
0.02666, 0.85123099
0.012199, 0.180007, -0.02609297
1.0, 0.0, 0.0
0.02666, 0.74705899
0.012199, 0.140714, -0.02242498
1.0, 0.0, 0.0
0.005826, 0.85123099
0.012199, 0.140714, -0.02609298
1.0, 0.0, 0.0
0.02666, 0.85123099
0.012199, 0.15905499, -0.02609297
1.0, 0.0, 0.0
0.02666, 0.74705899
-0.01111, 0.317258, -0.04956695
-1.0, 0.0, 0.0
0.02666, 0.74705899
-0.01111, 0.298917, -0.04956695
-1.0, 0.0, 0.0
0.02666, 0.85123099
-0.01111, 0.298917, -0.04589795
-1.0, 0.0, 0.0
0.005826, 0.85123099
-0.01111, 0.29446301, -0.04956695
-1.0, 0.0, 0.0
0.02666, 0.74705899
-0.01111, 0.27612299, -0.04956695
-1.0, 0.0, 0.0
0.02666, 0.85123099
-0.01111, 0.27612299, -0.04589796
-1.0, 0.0, 0.0
0.005826, 0.85123099
-0.01111, 0.27147499, -0.04956695
-1.0, 0.0, 0.0
0.02666, 0.74705899
-0.01111, 0.25313401, -0.04956696
-1.0, 0.0, 0.0
0.02666, 0.85123099
-0.01111, 0.25313401, -0.04589796
-1.0, 0.0, 0.0
0.005826, 0.85123099
-0.01111, 0.24868101, -0.04589796
-1.0, 0.0, 0.0
0.005826, 0.74705899
-0.01111, 0.24868101, -0.04956696
-0.99996948, 0.0, 0.0
0.02666, 0.74705899
-0.01111, 0.23034002, -0.04956696
-1.0, 0.0, 0.0
0.02666, 0.85123099
-0.01111, 0.22637102, -0.04956696
-1.0, 0.0, 0.0
0.02666, 0.74705899
-0.01111, 0.20803002, -0.04956697
-1.0, 0.0, 0.0
0.02666, 0.85123099
-0.01111, 0.20803002, -0.04589797
-1.0, 0.0, 0.0
0.005826, 0.85123099
-0.01111, 0.20309201, -0.04589797
-1.0, 0.0, 0.0
0.005826, 0.74705899
-0.01111, 0.20309201, -0.04956697
-0.99996948, 0.0, 0.0
0.02666, 0.74705899
-0.01111, 0.18475102, -0.04956697
-1.0, 0.0, 0.0
0.02666, 0.85123099
-0.01111, 0.18078202, -0.04589797
-1.0, 0.0, 0.0
0.005826, 0.74705899
-0.01111, 0.18078202, -0.04956697
-0.99996948, 0.0, 0.0
0.02666, 0.74705899
-0.01111, 0.16244201, -0.04956697
-1.0, 0.0, 0.0
0.02666, 0.85123099
-0.01111, 0.15866701, -0.04956697
-1.0, 0.0, 0.0
0.02666, 0.74705899
-0.01111, 0.14032601, -0.04956698
-1.0, 0.0, 0.0
0.02666, 0.85123099
-0.01111, 0.14032601, -0.04589798
-1.0, 0.0, 0.0
0.005826, 0.85123099
-0.01111, 0.180007, -0.02609297
-1.0, 0.0, 0.0
0.02666, 0.74705899
-0.01111, 0.16166601, -0.02609297
-1.0, 0.0, 0.0
0.02666, 0.85123099
-0.01111, 0.16166601, -0.02242497
-1.0, 0.0, 0.0
0.005826, 0.85123099
-0.01111, 0.169337, -0.03200997
-1.0, 0.0, 0.0
0.02666, 0.74705899
-0.01111, 0.150996, -0.03200997
-1.0, 0.0, 0.0
0.02666, 0.85123099
-0.01111, 0.150996, -0.02834198
-1.0, 0.0, 0.0
0.005826, 0.85123099
-0.01111, 0.15905499, -0.02609297
-1.0, 0.0, 0.0
0.02666, 0.74705899
-0.01111, 0.140714, -0.02609298
-1.0, 0.0, 0.0
0.02666, 0.85123099
-0.01111, 0.140714, -0.02242498
-1.0, 0.0, 0.0
0.005826, 0.85123099
-0.01111, 0.192131, -0.03200997
-1.0, 0.0, 0.0
0.02666, 0.74705899
-0.01111, 0.17378999, -0.03200997
-1.0, 0.0, 0.0
0.02666, 0.85123099
-0.01111, 0.17378999, -0.02834197
-1.0, 0.0, 0.0
0.005826, 0.85123099
0.002788, 0.087011, -0.01395999
0.59743035, 0.65507978, 0.46247751
0.17849199, 0.30122501
0.002788, 0.054451, -0.00239299
0.74419385, 0.31965086, 0.58647418
0.261558, 0.297656
0.002788, 0.051334, -0.00774199
0.85973692, -0.50920135, -0.03924681
0.262604, 0.28285301
0.002788, 0.087011, -0.01856598
0.70708334, 0.70708334, 0.0
0.17430399, 0.29105699
0.002788, 0.045026, -0.01856599
0.55317849, -0.71971798, 0.41944641
0.266693, 0.25313801
0.002788, 0.044354, 0.00539001
0.63811153, 0.23532823, 0.73305458
0.29135799, 0.29839402
0.002788, 0.043223, 0.00225501
0.81646168, -0.25098422, -0.51994383
0.29241601, 0.29071498
0.002788, 0.036544, 0.00511301
0.67625964, -0.13116856, 0.72484511
0.30877599, 0.29851598
0.002788, 0.037109, 0.00231801
0.75695062, 0.12906277, -0.64058352
0.30818999, 0.291875
0.002788, 0.022682, 0.000479
0.666982, -0.23621327, 0.70659506
0.34316099, 0.29938602
-0.002622, 0.087011, -0.01395999
-0.59743035, 0.65507978, 0.46247751
0.178978, 0.314116
-0.002622, 0.087011, -0.01856598
-0.70708334, 0.70708334, 0.0
0.175568, 0.32458299
-0.002622, 0.051334, -0.00774199
-0.85973692, -0.50920135, -0.03924681
0.26325601, 0.32574999
-0.002622, 0.045026, -0.01856599
-0.55317849, -0.71971798, 0.41944641
0.26975101, 0.35470903
-0.002622, 0.043223, 0.00225501
-0.81646168, -0.25098422, -0.51994383
0.292142, 0.31871003
-0.002622, 0.044354, 0.00539001
-0.63811153, 0.23532823, 0.73305458
0.29112899, 0.310956
-0.002622, 0.054451, -0.00239299
-0.74419385, 0.31965086, 0.58647418
0.261738, 0.31105602
-0.002622, 0.037109, 0.00231801
-0.75695062, 0.12906277, -0.64058352
0.307767, 0.31830901
-0.002622, 0.036544, 0.00511301
-0.67625964, -0.13116856, 0.72484511
0.30866599, 0.31170899
-0.002622, 0.024577, -0.003098
-0.72426528, 0.27350688, -0.63289285
0.340949, 0.322065
-0.002622, 0.022682, 0.000479
-0.666982, -0.23621327, 0.70659506
0.34290799, 0.31250799
-0.002622, 0.043223, 0.00225501
-0.81646168, -0.25098422, -0.51994383
0.163258, 0.249807
-0.002622, 0.051334, -0.00774199
-0.85973692, -0.50920135, -0.03924681
0.133893, 0.24990398
0.002788, 0.051334, -0.00774199
0.85973692, -0.50920135, -0.03924681
0.13392299, 0.26225102
-0.002622, 0.037109, 0.00231801
-0.75695062, 0.12906277, -0.64058352
0.177204, 0.24971002
0.002788, 0.043223, 0.00225501
0.81646168, -0.25098422, -0.51994383
0.16333599, 0.26214999
0.002788, 0.037109, 0.00231801
0.75695062, 0.12906277, -0.64058352
0.177306, 0.26204401
0.002788, 0.024577, -0.003098
0.72426528, 0.27350688, -0.63289285
0.208463, 0.26171601
0.002788, 0.087011, -0.01856598
0.70708334, 0.70708334, 0.0
0.167458, 0.30167598
-0.002622, 0.087011, -0.01856598
-0.70708334, 0.70708334, 0.0
0.16798, 0.31462502
0.002788, 0.045026, -0.01856599
0.55317849, -0.71971798, 0.41944641
0.105334, 0.26225501
0.005066, 0.44190699, -0.02101093
0.47227395, 0.59566027, 0.64967805
0.180508, 0.39812201
0.007867, 0.44190699, -0.02963993
0.76381725, 0.59569079, -0.24839015
0.12769499, 0.41526699
0.000526, 0.44190699, -0.03497093
-0.00021363, 0.59566027, -0.80318612
0.095068, 0.37033701
-0.004007, 0.44190699, -0.02100893
-0.47196874, 0.59569079, 0.64989167
0.18052199, 0.34259498
-0.006812, 0.44190699, -0.02963593
-0.76393932, 0.59569079, -0.24799341
0.127717, 0.325423
0.007867, 0.44190699, -0.02963993
0.76381725, 0.59569079, -0.24839015
0.98928499, 0.00554502
0.007867, 0.32281899, -0.02963995
0.95095676, 0.0, -0.30924407
0.003809, 0.00555801
0.000526, 0.32281899, -0.03497095
-0.00027467, 0.0, -0.99996948
0.003815, 0.05522698
0.000526, 0.44190699, -0.03497093
-0.00021363, 0.59566027, -0.80318612
0.98929101, 0.05516499
-0.006812, 0.32281899, -0.02963595
-0.95110935, 0.0, -0.30875576
0.003821, 0.10484999
-0.006812, 0.44190699, -0.02963593
-0.76393932, 0.59569079, -0.24799341
0.98929697, 0.104837
-0.004007, 0.32281899, -0.02100895
-0.58760339, 0.0, 0.80913723
0.003819, 0.14952499
-0.004007, 0.44190699, -0.02100893
-0.47196874, 0.59569079, 0.64989167
0.98929501, 0.14956999
0.005066, 0.32281899, -0.02101095
0.5879696, 0.0, 0.80886257
0.003811, 0.19191599
0.007867, 0.44190699, -0.02963993
0.76381725, 0.59569079, -0.24839015
0.98928499, 0.23663098
0.005066, 0.44190699, -0.02101093
0.47227395, 0.59566027, 0.64967805
0.98928702, 0.19195998
0.011047, 0.12297301, -0.04927898
1.0, 0.0, 0.0
0.37905899, 0.993175
0.011047, 0.12297301, -0.03775098
1.0, 0.0, 0.0
0.37905899, 0.942262
0.011047, 0.07867301, -0.03775099
1.0, 0.0, 0.0
0.18083601, 0.942262
0.002395, 0.29496801, -0.05488795
0.0, 0.0, -0.99996948
0.005826, 0.85123099
-0.001273, 0.29496801, -0.05488795
0.0, 0.0, -1.0
0.02666, 0.85123099
-0.001273, 0.31330901, -0.05488795
0.0, 0.0, -0.99996948
0.02666, 0.74705899
0.002395, 0.272578, -0.05488795
0.0, 0.0, -0.99996948
0.005826, 0.85123099
-0.001273, 0.272578, -0.05488795
0.0, 0.0, -1.0
0.02666, 0.85123099
-0.001273, 0.29091901, -0.05488795
0.0, 0.0, -0.99996948
0.02666, 0.74705899
0.002395, 0.25123501, -0.05488796
0.0, 0.0, -0.99996948
0.005826, 0.85123099
-0.001273, 0.25123501, -0.05488796
0.0, 0.0, -1.0
0.02666, 0.85123099
-0.001273, 0.269575, -0.05488795
0.0, 0.0, -0.99996948
0.02666, 0.74705899
0.002395, 0.23004802, -0.05488796
0.0, 0.0, -0.99996948
0.005826, 0.85123099
-0.001273, 0.23004802, -0.05488796
0.0, 0.0, -1.0
0.02666, 0.85123099
-0.001273, 0.24838902, -0.05488796
0.0, 0.0, -0.99996948
0.02666, 0.74705899
0.002395, 0.20909101, -0.05488797
0.0, 0.0, -0.99996948
0.005826, 0.85123099
-0.001273, 0.20909101, -0.05488797
0.0, 0.0, -1.0
0.02666, 0.85123099
-0.001273, 0.22743201, -0.05488796
0.0, 0.0, -0.99996948
0.02666, 0.74705899
0.002395, 0.17031202, -0.05886197
0.0, 0.0, -0.99996948
0.005826, 0.85123099
-0.001273, 0.17031202, -0.05886197
0.0, 0.0, -1.0
0.02666, 0.85123099
-0.001273, 0.18865302, -0.05886197
0.0, 0.0, -0.99996948
0.02666, 0.74705899
0.002395, 0.19543302, -0.05886197
0.0, 0.17871639, -0.98388624
0.005826, 0.826314
-0.001273, 0.19543302, -0.05886197
0.0, 0.17871639, -0.98388624
0.02666, 0.826314
-0.001273, 0.20643002, -0.05472997
0.0, 0.35172582, -0.93609422
0.02666, 0.74705899
0.002395, 0.19104502, -0.05886197
0.0, 0.0, -1.0
0.005826, 0.85123099
-0.001273, 0.19104502, -0.05886197
0.0, 0.0, -1.0
0.02666, 0.85123099
0.009157, 0.30757201, -0.05488795
0.0, 0.0, -0.99996948
0.005826, 0.85123099
0.005489, 0.30757201, -0.05488795
0.0, 0.0, -1.0
0.02666, 0.85123099
0.005489, 0.32591301, -0.05488795
0.0, 0.0, -0.99996948
0.02666, 0.74705899
0.009157, 0.28518099, -0.05488795
0.0, 0.0, -0.99996948
0.005826, 0.85123099
0.005489, 0.28518099, -0.05488795
0.0, 0.0, -1.0
0.02666, 0.85123099
0.005489, 0.30352199, -0.05488795
0.0, 0.0, -0.99996948
0.02666, 0.74705899
0.009157, 0.26383799, -0.05488795
0.0, 0.0, -0.99996948
0.005826, 0.85123099
0.005489, 0.26383799, -0.05488795
0.0, 0.0, -1.0
0.02666, 0.85123099
0.005489, 0.282179, -0.05488795
0.0, 0.0, -0.99996948
0.02666, 0.74705899
0.009157, 0.24265102, -0.05488796
0.0, 0.0, -1.0
0.005826, 0.85123099
0.005489, 0.24265102, -0.05488796
0.0, 0.0, -1.0
0.02666, 0.85123099
0.005489, 0.26099199, -0.05488796
0.0, 0.0, -1.0
0.02666, 0.74705899
0.009157, 0.22169401, -0.05488796
0.0, 0.0, -0.99996948
0.005826, 0.85123099
0.005489, 0.22169401, -0.05488796
0.0, 0.0, -1.0
0.02666, 0.85123099
0.005489, 0.24003501, -0.05488796
0.0, 0.0, -0.99996948
0.02666, 0.74705899
-0.004363, 0.30757201, -0.05488795
0.0, 0.0, -0.99996948
0.005826, 0.85123099
-0.008031, 0.30757201, -0.05488795
0.0, 0.0, -1.0
0.02666, 0.85123099
-0.008031, 0.32591301, -0.05488795
0.0, 0.0, -0.99996948
0.02666, 0.74705899
-0.004363, 0.28518099, -0.05488795
0.0, 0.0, -0.99996948
0.005826, 0.85123099
-0.008031, 0.28518099, -0.05488795
0.0, 0.0, -1.0
0.02666, 0.85123099
-0.008031, 0.30352199, -0.05488795
0.0, 0.0, -0.99996948
0.02666, 0.74705899
-0.004363, 0.26383799, -0.05488795
0.0, 0.0, -0.99996948
0.005826, 0.85123099
-0.008031, 0.26383799, -0.05488795
0.0, 0.0, -1.0
0.02666, 0.85123099
-0.008031, 0.282179, -0.05488795
0.0, 0.0, -0.99996948
0.02666, 0.74705899
-0.004363, 0.24265102, -0.05488796
0.0, 0.0, -1.0
0.005826, 0.85123099
-0.008031, 0.24265102, -0.05488796
0.0, 0.0, -1.0
0.02666, 0.85123099
-0.008031, 0.26099199, -0.05488796
0.0, 0.0, -1.0
0.02666, 0.74705899
-0.004363, 0.22169401, -0.05488796
0.0, 0.0, -0.99996948
0.005826, 0.85123099
-0.008031, 0.22169401, -0.05488796
0.0, 0.0, -1.0
0.02666, 0.85123099
-0.008031, 0.24003501, -0.05488796
0.0, 0.0, -0.99996948
0.02666, 0.74705899
0.009157, 0.20624101, -0.05480897
0.0, 0.16885892, -0.9856258
0.005826, 0.821495
0.005489, 0.20624101, -0.05480897
0.0, 0.16885892, -0.9856258
0.02666, 0.821495
0.005489, 0.21934602, -0.05488796
0.0, -0.00601215, -0.99996948
0.02666, 0.74705899
0.009157, 0.20100501, -0.05669297
0.0, 0.33854184, -0.94091618
0.005826, 0.85123099
0.005489, 0.20100501, -0.05669297
0.0, 0.33854184, -0.94091618
0.02666, 0.85123099
-0.004328, 0.20624101, -0.05480897
0.0, 0.16885892, -0.9856258
0.005826, 0.821495
-0.007996, 0.20624101, -0.05480897
0.0, 0.16885892, -0.9856258
0.02666, 0.821495
-0.007996, 0.21934602, -0.05488796
0.0, -0.00601215, -0.99996948
0.02666, 0.74705899
-0.004328, 0.20100501, -0.05669297
0.0, 0.33854184, -0.94091618
0.005826, 0.85123099
-0.007996, 0.20100501, -0.05669297
0.0, 0.33854184, -0.94091618
0.02666, 0.85123099
0.005489, 0.19554701, -0.05887597
0.0, 0.20053713, -0.9796747
0.005826, 0.821495
0.009157, 0.19554701, -0.05887597
0.0, 0.20056765, -0.9796747
0.02666, 0.821495
0.009157, 0.17984702, -0.05895497
0.0, 0.00500504, -0.99996948
0.02666, 0.74705899
0.005489, 0.19818802, -0.05776297
0.0, 0.38834804, -0.9215064
0.005826, 0.85123099
0.009157, 0.19818802, -0.05776297
0.0, 0.38834804, -0.9215064
0.02666, 0.85123099
-0.007996, 0.19555302, -0.05887597
0.0, 0.1744438, -0.98464918
0.005826, 0.821495
-0.004328, 0.19555302, -0.05887597
0.0, 0.1744438, -0.98464918
0.02666, 0.821495
-0.004328, 0.17984702, -0.05895497
0.0, 0.00500504, -0.99996948
0.02666, 0.74705899
-0.007996, 0.19818802, -0.05792697
0.0, 0.33881649, -0.94082463
0.005826, 0.85123099
-0.004328, 0.19818802, -0.05792697
0.0, 0.33881649, -0.94082463
0.02666, 0.85123099
0.012199, 0.27147499, -0.04589796
1.0, 0.0, 0.0
0.005826, 0.74705899
0.01088, 0.13167901, -0.04774798
0.96700948, 0.0, -0.25464645
0.992176, 0.36068201
0.00712, 0.019713, -0.01689
0.53767508, -0.00161748, 0.84313488
0.61739498, 0.60648
0.004865, 0.32956901, -0.01208995
0.3327128, 0.6227302, 0.708121
0.609447, 0.77741399
0.012129, 0.32956901, -0.05461695
0.57734919, 0.57734919, -0.57734919
0.54898202, 0.990586
0.007088, 0.01092899, 0.048954
0.320719, 0.82274848, 0.46922207
0.214665, 0.722785
0.010672, 0.00710399, 0.048954
0.74440747, 0.37363812, 0.55336159
0.080958, 0.66786599
-0.009705, 0.00710399, 0.048954
-0.74440747, 0.37363812, 0.55336159
0.035126, 0.66785601
0.007088, 0.01077301, -0.053992
0.342967, 0.38801232, -0.85543382
0.093346, 0.42838103
0.007867, 0.44621801, -0.04696292
0.76381725, 0.59569079, -0.24839015
0.98928499, 0.23663098
0.013013, 0.17637099, -0.04491897
0.34788048, -0.70928067, -0.61305583
0.34274101, 0.44335002
0.013013, 0.316111, -0.04491895
0.65373701, 0.23203222, -0.72023684
0.869138, 0.62866199
0.006771, 0.336597, -0.01039295
0.37415692, 0.61415446, 0.69481492
0.35815999, 0.30999798
0.011072, 0.17637099, -0.04496997
0.01864681, -0.70336008, -0.71056247
0.45140499, 0.83794001
-0.012113, 0.316111, -0.04491895
-0.65373701, 0.23203222, -0.72023684
0.45663199, 0.363855
-0.012113, 0.316111, -0.04491895
-0.65373701, 0.23203222, -0.72023684
0.869138, 0.64199901
-0.013435, 0.17803501, -0.04491897
-0.8049562, -0.0393994, -0.59196752
0.63259, 0.644265
0.001303, 0.41751599, -0.05470793
0.397351, 0.84389782, -0.36039308
0.157572, 0.863236
0.003856, 0.39334401, -0.05367494
0.58384961, -0.59526354, -0.55201882
0.149038, 0.825543
-0.000191, 0.41751599, -0.05470793
-0.39728996, 0.84389782, -0.36048463
0.157572, 0.793999
-0.000191, 0.41751599, -0.05470793
-0.39728996, 0.84389782, -0.36048463
0.15458401, 0.880446
0.003856, 0.41751599, -0.04955593
0.70708334, 0.70708334, 0.0
0.205165, 0.79612701
0.006386, 0.16595101, -0.05772897
0.70708334, 0.70708334, 0.0
0.091232, 0.969589
0.006386, 0.15056401, -0.07320797
0.57734919, 0.57734919, -0.57734919
0.124519, 0.936501
0.012199, 0.317258, -0.04589795
1.0, 0.0, 0.0
0.005826, 0.74705899
0.012199, 0.29446301, -0.04589795
1.0, 0.0, 0.0
0.005826, 0.74705899
0.012199, 0.24868101, -0.04589796
1.0, 0.0, 0.0
0.005826, 0.74705899
0.012199, 0.22637102, -0.04589796
1.0, 0.0, 0.0
0.005826, 0.74705899
0.012199, 0.20309201, -0.04589797
1.0, 0.0, 0.0
0.005826, 0.74705899
0.012199, 0.18078202, -0.04589797
1.0, 0.0, 0.0
0.005826, 0.74705899
0.012199, 0.15866701, -0.04589798
1.0, 0.0, 0.0
0.005826, 0.74705899
0.012199, 0.169337, -0.02834197
1.0, 0.0, 0.0
0.005826, 0.74705899
0.012199, 0.192131, -0.02834197
1.0, 0.0, 0.0
0.005826, 0.74705899
0.012199, 0.180007, -0.02242497
1.0, 0.0, 0.0
0.005826, 0.74705899
0.012199, 0.15905499, -0.02242497
1.0, 0.0, 0.0
0.005826, 0.74705899
-0.01111, 0.317258, -0.04589795
-1.0, 0.0, 0.0
0.005826, 0.74705899
-0.01111, 0.29446301, -0.04589795
-1.0, 0.0, 0.0
0.005826, 0.74705899
-0.01111, 0.27147499, -0.04589796
-1.0, 0.0, 0.0
0.005826, 0.74705899
-0.01111, 0.23034002, -0.04589796
-0.99996948, 0.0, 0.0
0.005826, 0.85123099
-0.01111, 0.22637102, -0.04589796
-1.0, 0.0, 0.0
0.005826, 0.74705899
-0.01111, 0.18475102, -0.04589797
-0.99996948, 0.0, 0.0
0.005826, 0.85123099
-0.01111, 0.16244201, -0.04589798
-0.99996948, 0.0, 0.0
0.005826, 0.85123099
-0.01111, 0.15866701, -0.04589798
-1.0, 0.0, 0.0
0.005826, 0.74705899
-0.01111, 0.180007, -0.02242497
-1.0, 0.0, 0.0
0.005826, 0.74705899
-0.01111, 0.169337, -0.02834197
-1.0, 0.0, 0.0
0.005826, 0.74705899
-0.01111, 0.15905499, -0.02242497
-1.0, 0.0, 0.0
0.005826, 0.74705899
-0.01111, 0.192131, -0.02834197
-1.0, 0.0, 0.0
0.005826, 0.74705899
0.002788, 0.024577, -0.003098
0.72426528, 0.27350688, -0.63289285
0.341571, 0.28974301
-0.002622, 0.024577, -0.003098
-0.72426528, 0.27350688, -0.63289285
0.208336, 0.24936801
-0.002622, 0.045026, -0.01856599
-0.55317849, -0.71971798, 0.41944641
0.105335, 0.24990499
0.007867, 0.32281899, -0.02963995
0.95095676, 0.0, -0.30924407
0.003809, 0.23664403
0.011047, 0.07867301, -0.04927899
1.0, 0.0, 0.0
0.18083601, 0.993175
0.002395, 0.31330901, -0.05488795
0.0, 0.0, -1.0
0.005826, 0.74705899
0.002395, 0.29091901, -0.05488795
0.0, 0.0, -1.0
0.005826, 0.74705899
0.002395, 0.269575, -0.05488795
0.0, 0.0, -1.0
0.005826, 0.74705899
0.002395, 0.24838902, -0.05488796
0.0, 0.0, -1.0
0.005826, 0.74705899
0.002395, 0.22743201, -0.05488796
0.0, 0.0, -1.0
0.005826, 0.74705899
0.002395, 0.18865302, -0.05886197
0.0, 0.0, -1.0
0.005826, 0.74705899
0.002395, 0.20643002, -0.05472997
0.0, 0.35172582, -0.93609422
0.005826, 0.74705899
0.009157, 0.32591301, -0.05488795
0.0, 0.0, -1.0
0.005826, 0.74705899
0.009157, 0.30352199, -0.05488795
0.0, 0.0, -1.0
0.005826, 0.74705899
0.009157, 0.282179, -0.05488795
0.0, 0.0, -1.0
0.005826, 0.74705899
0.009157, 0.26099199, -0.05488796
0.0, 0.0, -1.0
0.005826, 0.74705899
0.009157, 0.24003501, -0.05488796
0.0, 0.0, -1.0
0.005826, 0.74705899
-0.004363, 0.32591301, -0.05488795
0.0, 0.0, -1.0
0.005826, 0.74705899
-0.004363, 0.30352199, -0.05488795
0.0, 0.0, -1.0
0.005826, 0.74705899
-0.004363, 0.282179, -0.05488795
0.0, 0.0, -1.0
0.005826, 0.74705899
-0.004363, 0.26099199, -0.05488796
0.0, 0.0, -1.0
0.005826, 0.74705899
-0.004363, 0.24003501, -0.05488796
0.0, 0.0, -1.0
0.005826, 0.74705899
0.009157, 0.21934602, -0.05488796
0.0, -0.00601215, -0.99996948
0.005826, 0.74705899
-0.004328, 0.21934602, -0.05488796
0.0, -0.00601215, -0.99996948
0.005826, 0.74705899
0.005489, 0.17984702, -0.05895497
0.0, 0.00500504, -0.99996948
0.005826, 0.74705899
-0.007996, 0.17984702, -0.05895497
0.0, 0.00500504, -0.99996948
0.005826, 0.74705899
# Number of Faces:
496
# Face Data:
0, 1, 2
3, 4, 5
5, 6, 7
3, 8, 9
5, 4, 10
6, 5, 10
11, 12, 13
14, 15, 13
16, 17, 11
13, 18, 19
15, 20, 18
6, 15, 14
21, 20, 15
22, 17, 16
23, 24, 25
26, 25, 27
27, 28, 29
26, 30, 31
32, 33, 30
33, 32, 29
30, 34, 35
36, 37, 38
39, 38, 40
41, 40, 42
42, 43, 44
37, 36, 45
37, 46, 47
48, 49, 50
51, 52, 53
54, 55, 53
51, 34, 56
52, 56, 57
34, 51, 50
56, 34, 30
57, 56, 33
42, 58, 59
42, 59, 43
37, 47, 60
61, 62, 63
63, 62, 64
64, 65, 66
65, 67, 68
67, 69, 70
71, 63, 72
73, 74, 72
66, 75, 74
66, 68, 76
62, 61, 77
62, 78, 79
64, 79, 80
67, 65, 80
67, 81, 82
69, 82, 83
84, 85, 86
87, 88, 89
90, 91, 92
90, 93, 94
95, 96, 94
97, 98, 96
99, 100, 98
101, 102, 103
103, 104, 93
104, 105, 95
95, 105, 106
91, 107, 108
109, 107, 91
110, 109, 94
98, 111, 110
112, 111, 98
113, 112, 100
114, 115, 116
117, 118, 119
120, 121, 122
123, 124, 121
125, 126, 124
89, 117, 126
127, 128, 129
130, 131, 128
132, 133, 131
134, 135, 133
136, 137, 135
138, 139, 137
84, 116, 115
140, 122, 116
141, 142, 143
144, 141, 143
145, 144, 143
146, 147, 148
149, 148, 150
151, 150, 152
153, 152, 154
155, 154, 156
157, 158, 159
160, 161, 162
158, 163, 159
163, 164, 159
160, 162, 159
161, 165, 162
166, 157, 159
158, 157, 167
160, 168, 169
163, 158, 170
163, 171, 172
164, 172, 168
165, 161, 169
167, 173, 170
165, 174, 175
176, 177, 174
175, 174, 178
174, 177, 179
168, 180, 181
170, 182, 183
171, 183, 184
172, 184, 180
169, 181, 185
173, 186, 182
176, 185, 187
177, 187, 188
189, 190, 191
190, 192, 193
194, 195, 196
189, 197, 198
199, 198, 200
194, 201, 202
203, 204, 202
205, 206, 207
206, 208, 209
209, 208, 210
211, 212, 213
214, 211, 215
214, 215, 216
217, 218, 219
220, 221, 222
219, 218, 223
223, 218, 224
218, 221, 220
222, 221, 225
226, 218, 217
219, 227, 217
181, 180, 220
223, 183, 182
184, 183, 223
180, 184, 224
225, 185, 181
182, 186, 227
228, 229, 225
229, 187, 185
230, 231, 229
229, 231, 188
232, 233, 234
235, 234, 236
237, 238, 239
240, 233, 232
241, 240, 242
239, 238, 243
243, 244, 245
246, 247, 248
249, 248, 250
200, 241, 251
252, 253, 254
252, 255, 253
256, 255, 257
256, 258, 259
257, 255, 252
215, 211, 213
260, 261, 262
263, 264, 265
266, 267, 268
262, 261, 269
270, 271, 272
273, 274, 275
276, 271, 270
268, 273, 277
278, 279, 280
281, 282, 283
281, 284, 285
286, 285, 284
287, 288, 289
287, 289, 290
289, 288, 291
291, 288, 292
293, 294, 295
296, 294, 293
294, 297, 295
297, 298, 299
290, 296, 300
301, 302, 296
303, 304, 302
305, 306, 304
307, 308, 306
309, 310, 308
311, 312, 313
314, 315, 316
317, 318, 319
320, 321, 322
323, 324, 325
326, 327, 328
329, 330, 331
332, 333, 334
335, 336, 337
338, 339, 340
341, 342, 343
344, 345, 346
347, 348, 349
350, 351, 352
353, 354, 355
356, 357, 358
359, 360, 361
362, 363, 364
365, 366, 367
368, 369, 370
371, 372, 373
374, 375, 376
377, 378, 379
380, 381, 382
383, 382, 384
381, 385, 386
386, 385, 387
388, 387, 389
390, 391, 392
391, 393, 392
394, 395, 396
394, 397, 398
397, 399, 400
401, 402, 403
404, 401, 405
404, 406, 407
380, 390, 396
408, 409, 390
410, 403, 402
387, 398, 400
385, 395, 398
381, 396, 395
411, 412, 413
414, 411, 413
415, 414, 413
416, 417, 418
419, 418, 420
421, 420, 422
423, 422, 424
425, 426, 424
427, 428, 429
430, 431, 432
433, 434, 435
436, 437, 438
439, 440, 441
442, 443, 444
445, 446, 447
448, 449, 450
451, 452, 449
453, 454, 455
456, 457, 458
459, 460, 461
462, 463, 464
465, 466, 467
468, 469, 470
471, 472, 473
474, 475, 476
477, 478, 479
480, 481, 482
483, 484, 485
486, 487, 484
488, 489, 490
491, 492, 489
493, 494, 495
496, 497, 494
498, 499, 500
501, 502, 499
503, 0, 2
504, 3, 5
504, 5, 7
4, 3, 9
21, 6, 10
19, 11, 13
12, 14, 13
19, 16, 11
13, 15, 18
7, 6, 14
6, 21, 15
505, 22, 16
26, 23, 25
32, 26, 27
32, 27, 29
23, 26, 31
26, 32, 30
506, 33, 29
31, 30, 35
39, 36, 38
41, 39, 40
507, 41, 42
507, 42, 44
46, 37, 45
51, 48, 50
48, 51, 53
52, 54, 53
52, 51, 56
54, 52, 57
35, 34, 50
33, 56, 30
506, 57, 33
71, 61, 63
73, 63, 64
73, 64, 66
66, 65, 68
68, 67, 70
508, 71, 72
63, 73, 72
73, 66, 74
75, 66, 76
78, 62, 77
64, 62, 79
65, 64, 80
81, 67, 80
69, 67, 82
70, 69, 83
509, 84, 86
125, 87, 89
101, 90, 92
91, 90, 94
93, 95, 94
95, 97, 96
97, 99, 98
90, 101, 103
90, 103, 93
93, 104, 95
97, 95, 106
92, 91, 108
94, 109, 91
96, 110, 94
96, 98, 110
100, 112, 98
99, 113, 100
510, 114, 116
126, 117, 119
140, 120, 122
120, 123, 121
123, 125, 124
125, 89, 126
511, 127, 129
127, 130, 128
130, 132, 131
132, 134, 133
134, 136, 135
136, 138, 137
85, 84, 115
84, 140, 116
149, 146, 148
151, 149, 150
153, 151, 152
155, 153, 154
512, 155, 156
164, 160, 159
161, 160, 169
171, 163, 170
164, 163, 172
160, 164, 168
176, 165, 169
158, 167, 170
162, 165, 175
165, 176, 174
513, 175, 178
178, 174, 179
169, 168, 181
171, 170, 183
172, 171, 184
168, 172, 180
176, 169, 185
170, 173, 182
177, 176, 187
179, 177, 188
197, 189, 191
191, 190, 193
514, 194, 196
199, 189, 198
515, 199, 200
195, 194, 202
201, 203, 202
516, 205, 207
207, 206, 209
250, 209, 210
259, 214, 216
224, 218, 220
222, 181, 220
219, 223, 182
224, 184, 223
220, 180, 224
222, 225, 181
219, 182, 227
221, 228, 225
225, 229, 185
228, 230, 229
187, 229, 188
235, 232, 234
517, 235, 236
518, 237, 239
242, 240, 232
251, 241, 242
519, 239, 243
519, 243, 245
249, 246, 248
210, 249, 250
515, 200, 251
258, 256, 257
216, 256, 259
520, 260, 262
276, 263, 265
521, 266, 268
522, 262, 269
523, 270, 272
277, 273, 275
263, 276, 270
521, 268, 277
524, 281, 283
282, 281, 285
525, 287, 290
526, 291, 292
300, 296, 293
295, 297, 299
525, 290, 300
290, 301, 296
301, 303, 302
303, 305, 304
305, 307, 306
307, 309, 308
527, 311, 313
528, 314, 316
529, 317, 319
530, 320, 322
531, 323, 325
532, 326, 328
533, 329, 331
534, 332, 334
535, 335, 337
536, 338, 340
537, 341, 343
538, 344, 346
539, 347, 349
540, 350, 352
541, 353, 355
542, 356, 358
543, 359, 361
544, 362, 364
545, 365, 367
546, 368, 370
547, 371, 373
548, 374, 376
549, 377, 379
383, 380, 382
382, 381, 386
388, 386, 387
550, 388, 389
396, 390, 392
392, 394, 396
395, 394, 398
398, 397, 400
405, 401, 403
406, 404, 405
551, 404, 407
381, 380, 396
380, 408, 390
552, 410, 402
389, 387, 400
387, 385, 398
385, 381, 395
419, 416, 418
421, 419, 420
423, 421, 422
426, 423, 424
553, 425, 424
554, 427, 429
555, 430, 432
556, 433, 435
557, 436, 438
558, 439, 441
559, 442, 444
560, 445, 447
561, 448, 450
448, 451, 449
562, 453, 455
563, 456, 458
564, 459, 461
565, 462, 464
566, 465, 467
567, 468, 470
568, 471, 473
569, 474, 476
570, 477, 479
571, 480, 482
572, 483, 485
483, 486, 484
573, 488, 490
488, 491, 489
574, 493, 495
493, 496, 494
575, 498, 500
498, 501, 499
