# Project Zomboid Skinned Mesh
# File Version:
1.0
# Model Name:
Cube
# Vertex Stride Element Count:
3
# Vertex Stride Size (in bytes):
76
# Vertex Stride Data:
# (Int)    Offset
# (String) Type
0
VertexArray
12
NormalArray
24
TextureCoordArray
# Vertex Count:
590
# Vertex Buffer:
0.01171886, 0.05240287, -0.02276995
-0.90450758, -0.30149236, 0.30149236
0.55587125, 0.14729673
-0.01229609, 0.18455923, -0.02276995
0.57734919, -0.57734919, 0.57734919
0.62428659, 0.52126583
-0.01229608, 0.05240287, -0.02276995
0.90450758, -0.30149236, 0.30149236
0.62428659, 0.14729673
0.0061247, 0.0108137, 0.00128064
-0.17215492, 0.73213905, -0.65901667
0.37800521, 0.13070834
0.01171888, 0.01359898, -0.02276995
-0.6765343, 0.41892758, 0.6056093
0.39393246, 0.06228727
0.0061247, 0.0108137, -0.02276995
-0.17215492, 0.73213905, 0.65901667
0.37800521, 0.06278759
-0.00028862, 0.18437043, -0.00816723
-0.00054933, 0.64207894, -0.76659441
0.95397913, 1.0
0.00478096, 0.324047, -0.00986992
-0.55293435, -0.61424601, -0.56291389
0.93953657, 0.60548723
0.00478098, 0.18437043, -0.00986992
-0.54942471, 0.62065494, -0.55934322
0.93953657, 0.9996413
-0.01054549, 0.15781854, -0.00550204
-0.70708334, 0.70708334, 0.0
0.8044312, 0.14613992
0.00947123, 0.15781854, 0.12553899
0.57734919, 0.57734919, 0.57734919
0.86145622, 0.51620537
0.00947124, 0.15781854, -0.00550204
0.70708334, 0.70708334, 0.0
0.86145616, 0.14613551
0.01171887, -0.12728079, 0.09899393
0.57295448, -0.5309, 0.62434769
0.13072649, 0.44627976
-0.01229606, -0.12728079, 0.02932419
-0.58641315, -0.60911894, -0.5339213
0.19914189, 0.24956298
0.01171888, -0.12728079, 0.02932419
0.58687091, -0.6088748, -0.53367716
0.13072649, 0.24956417
0.01171885, 0.15781941, -0.00550122
-0.90450758, 0.30149236, -0.30149236
0.48745576, 0.11433429
-0.01229608, 0.13450462, -0.00550122
1.0, 0.0, 0.0
0.55369222, 0.0463779
-0.01229608, 0.15781941, -0.00550128
0.90450758, 0.30149236, -0.30149236
0.48745573, 0.04637784
-0.00727219, 0.18437043, -0.01493172
0.77083653, 0.63698232, -0.00347911
0.92512989, 0.60474959
-0.00538298, 0.324047, -0.00986992
0.54765463, -0.61528367, -0.56697285
0.93953657, 0.99999627
-0.00538296, 0.18437043, -0.00986992
0.54411453, 0.62175357, -0.56331062
0.93953657, 0.60474581
0.00658249, 0.18437043, -0.01493172
-0.76866972, 0.63960689, -0.00335704
0.93329853, 0.1209594
0.00478096, 0.324047, -0.02013762
-0.55851924, -0.61494797, 0.55662709
0.9481526, 0.51620713
0.00478097, 0.18437043, -0.02013762
-0.55519271, 0.62096012, 0.55330056
0.94815248, 0.1209566
-0.00538296, 0.18437043, -0.00986992
0.54411453, 0.62175357, -0.56331062
0.96849227, 0.9996413
-0.00028863, 0.324047, -0.00816723
-0.00054933, -0.63499862, -0.77248454
0.95397913, 0.60584596
0.00478098, 0.18437043, -0.00986992
-0.54942471, 0.62065494, -0.55934322
0.9189015, 0.1209566
0.00658248, 0.324047, -0.01493172
-0.77446824, -0.63258767, -0.00338755
0.93329859, 0.51620984
0.00224617, 0.31825703, -0.02102447
-0.47715691, 0.56147951, -0.6760155
0.91144633, 0.5162099
-0.00029482, 0.324047, -0.02192764
0.0, -0.90777308, -0.41944641
0.90420735, 0.53273892
0.00224616, 0.324047, -0.02102447
-0.47715691, -0.56147951, -0.6760155
0.91144633, 0.53254852
-0.00028862, 0.18437043, -0.02191129
-0.00057985, 0.63991213, 0.76842552
0.3568559, 0.03715801
-0.00727219, 0.18437043, -0.01493172
0.77083653, 0.63698232, -0.00347911
0.36908802, 0.06228733
-0.00028862, 0.18437043, -0.00816723
-0.00054933, 0.64207894, -0.76659441
0.39377564, 0.04987437
0.00317301, 0.32409555, -0.01150709
0.39295632, -0.82793665, 0.40006715
0.04359373, 0.03165519
0.00439561, 0.32409555, -0.01494226
0.60240483, -0.79818112, 0.00262459
0.05396106, 0.03161138
0.00658248, 0.324047, -0.01493172
-0.77446824, -0.63258767, -0.00338755
0.05600938, 0.02576703
-0.00538296, 0.18437043, -0.02013762
0.5500046, 0.62199771, 0.55726796
0.91028535, 0.60474589
-0.0072722, 0.324047, -0.01493172
0.77651298, -0.63005465, -0.00350963
0.92512989, 1.0
-0.00379506, 0.32409555, -0.01151497
-0.39143041, -0.82613605, 0.40522477
0.80891442, 0.03903943
-0.00029081, 0.31026745, -0.01034371
0.00054933, -0.64207894, 0.76659441
0.81889755, 0.07817763
-0.00029082, 0.32409555, -0.01034371
0.00042726, -0.79448837, 0.60722679
0.81889755, 0.03904754
-0.00029081, 0.31026745, -0.01034371
0.00054933, -0.64207894, 0.76659441
0.33165517, 0.05375314
-0.0050744, 0.31026745, -0.01494269
-0.77083653, -0.63698232, 0.00350963
0.34847215, 0.06228733
-0.00029087, 0.31026745, -0.01972705
0.00057985, -0.63991213, -0.76842552
0.3568559, 0.04507208
0.00317301, 0.31026745, -0.01150709
0.54942471, -0.62065494, 0.55934322
0.82876557, 0.07816958
0.00317301, 0.32409555, -0.01150709
0.39295632, -0.82793665, 0.40006715
0.82876557, 0.03903943
-0.00029088, 0.32409555, -0.01972705
0.00042726, -0.79766226, -0.60307628
0.90907818, 0.06859851
-0.00377884, 0.31026745, -0.01851273
-0.5500046, -0.62202823, -0.55723745
0.89914143, 0.02932101
-0.00377885, 0.32409555, -0.01851273
-0.39622182, -0.82570881, -0.40147099
0.89914143, 0.06834275
0.00315729, 0.32409555, -0.01852071
0.39768669, -0.82744837, -0.3963744
0.91890156, 0.06834453
-0.00029087, 0.31026745, -0.01972705
0.00057985, -0.63991213, -0.76842552
0.90907818, 0.02957684
-0.00377885, 0.32409555, -0.01851273
-0.39622182, -0.82570881, -0.40147099
0.46752048, 0.04863179
-0.0050744, 0.31026745, -0.01494269
-0.77083653, -0.63698232, 0.00350963
0.47767425, 0.08776408
-0.0050744, 0.32409555, -0.01494269
-0.59718621, -0.80208749, 0.00268563
0.47767425, 0.04863387
0.00439561, 0.32409555, -0.01494226
0.60240483, -0.79818112, 0.00262459
0.20893706, 0.06850052
0.00317301, 0.31026745, -0.01150709
0.54942471, -0.62065494, 0.55934322
0.19914189, 0.10762829
0.00439561, 0.31026745, -0.01494226
0.76866972, -0.63960689, 0.00335704
0.20893705, 0.10763079
0.00315729, 0.31026745, -0.01852071
0.55516219, -0.62096012, -0.55330056
0.21912259, 0.10762829
0.00315729, 0.32409555, -0.01852071
0.39768669, -0.82744837, -0.3963744
0.21912259, 0.06849808
-0.00379505, 0.31026745, -0.01151497
-0.54411453, -0.62175357, 0.56331062
0.48745573, 0.08776218
-0.00379506, 0.32409555, -0.01151497
-0.39143041, -0.82613605, 0.40522477
0.48745573, 0.04863197
-0.00029482, 0.31825703, -0.02192764
0.0, 0.79079562, -0.61204869
0.90420735, 0.51640025
-0.00283581, 0.324047, -0.02102447
0.47715691, -0.56147951, -0.6760155
0.89696842, 0.53254861
0.00224617, 0.32018691, -0.02941324
-0.61256754, 0.38300729, 0.69139683
0.24861039, 0.05464888
-0.00283581, 0.31825703, -0.02632824
0.64995271, 0.73046052, 0.20966215
0.26308402, 0.04559368
0.00224617, 0.31825703, -0.02632824
-0.64995271, 0.73046052, 0.20963164
0.24860618, 0.04559076
-0.00283581, 0.31825703, -0.02632824
0.64995271, 0.73046052, 0.20966215
0.31505138, 0.05355757
-0.00283581, 0.32018709, -0.02941324
0.61256754, 0.38297677, 0.69139683
0.32054991, 0.06228733
-0.00283581, 0.324047, -0.02632824
0.64995271, -0.73046052, 0.20963164
0.33154607, 0.05355757
-0.00029482, 0.324047, -0.02192764
0.0, -0.90777308, -0.41944641
0.65964025, 0.03844124
-0.00283581, 0.324047, -0.02632824
0.64995271, -0.73046052, 0.20963164
0.65240055, 0.05086625
0.00224616, 0.324047, -0.02632824
-0.64995271, -0.73046052, 0.20966215
0.6668784, 0.05086684
-0.00029482, 0.31825703, -0.02192764
0.0, 0.79079562, -0.61204869
0.25584862, 0.03316462
0.00224616, 0.324047, -0.02632824
-0.64995271, -0.73046052, 0.20966215
0.69909054, 0.05182993
0.00224617, 0.32211709, -0.02941324
-0.61256754, -0.38300729, 0.69139683
0.70458853, 0.06055963
0.00224617, 0.31825703, -0.02632824
-0.64995271, 0.73046052, 0.20963164
0.71558523, 0.05182993
-0.00377885, 0.32409555, -0.01851273
-0.39622182, -0.82570881, -0.40147099
0.05580492, 0.05677813
-0.0050744, 0.32409555, -0.01494269
-0.59718621, -0.80208749, 0.00268563
0.04500699, 0.05689025
-0.0072722, 0.324047, -0.01493172
0.77651298, -0.63005465, -0.00350963
0.04290791, 0.06274956
-0.00538296, 0.18437043, -0.02013762
0.5500046, 0.62199771, 0.55726796
0.21965042, 0.44628286
-0.00028863, 0.324047, -0.02191129
-0.00073244, 0.0, 0.99996948
0.23416366, 0.05102116
-0.00538298, 0.324047, -0.02013762
0.55330056, -0.61607713, 0.56056398
0.21965048, 0.05103344
0.00478097, 0.18437043, -0.02013762
-0.55519271, 0.62096012, 0.55330056
0.24860613, 0.44628286
-0.00028862, 0.18437043, -0.02191129
-0.00057985, 0.63991213, 0.76842552
0.2341636, 0.44627064
-0.01229608, 0.15781941, -0.00550128
0.90450758, 0.30149236, -0.30149236
0.80958503, 0.14613396
-0.01057705, 0.15781941, 0.00124494
0.0, 0.70708334, -0.70708334
0.82876551, 0.14127105
0.00946792, 0.15781941, 0.00124494
0.0, 0.70708334, -0.70708334
0.82876551, 0.08454871
-0.00283581, 0.32211709, -0.02941324
0.61256754, -0.38300729, 0.69139683
0.65240151, 0.05993855
0.00224617, 0.32211709, -0.02941324
-0.61256754, -0.38300729, 0.69139683
0.66687936, 0.05993909
0.00224617, 0.32211709, -0.02941324
-0.61256754, -0.38300729, 0.69139683
0.91144633, 0.5162099
-0.00283581, 0.32018709, -0.02941324
0.61256754, 0.38297677, 0.69139683
0.9169445, 0.53059065
0.00224617, 0.32018691, -0.02941324
-0.61256754, 0.38300729, 0.69139683
0.91694516, 0.5162099
-0.01369319, 0.29588449, 0.00705424
0.57853937, -0.58323926, -0.5701468
0.06826519, 0.13070619
0.0133038, 0.29588449, -0.01335379
-0.57734919, -0.57734919, 0.57734919
0.12627736, 0.05431223
0.0133038, 0.29588449, 0.00705429
-0.57853937, -0.58323926, -0.5701468
0.06826504, 0.05431128
-0.01369316, 0.18436514, 0.00958991
0.57615894, 0.57130647, -0.58445996
0.31383863, 0.1310516
0.01330382, 0.18436514, -0.01335383
-0.57734919, 0.57734919, 0.57734919
0.24860618, 0.05465174
-0.01369317, 0.18436514, -0.01335383
0.57734919, 0.57734919, 0.57734919
0.24860619, 0.13104659
-0.0136932, 0.29588449, -0.01335379
0.57734919, -0.57734919, 0.57734919
0.32551709, 0.13071126
0.01330382, 0.18436514, -0.01335383
-0.57734919, 0.57734919, 0.57734919
0.40242794, 0.44628286
0.0133038, 0.29588449, -0.01335379
-0.57734919, -0.57734919, 0.57734919
0.40242794, 0.13071126
-0.01369319, 0.29588449, 0.00705424
0.57853937, -0.58323926, -0.5701468
0.00722387, 0.13070726
-0.01369317, 0.18436514, -0.01335383
0.57734919, 0.57734919, 0.57734919
0.06536346, 0.4462797
-0.0136932, 0.29588449, -0.01335379
0.57734919, -0.57734919, 0.57734919
0.06536347, 0.1307072
-0.00849328, 0.26511425, 0.00973656
0.57979065, 0.57664722, 0.57554859
0.97310114, 0.01562327
0.0083492, 0.26511425, 0.00973656
-0.5796991, 0.5766167, 0.57567066
0.97310108, 0.06328338
0.00443268, 0.26511917, 0.00970091
-0.29822686, 0.86852628, 0.39579454
0.97320336, 0.05220056
-0.0047442, 0.26511917, 0.00970091
0.29819635, 0.87371439, 0.38428909
0.40213954, 0.09733754
-0.00849328, 0.26799509, 0.0097434
0.57985169, -0.57902765, 0.57310706
0.39393246, 0.10793573
-0.00849328, 0.26511425, 0.00973656
0.57979065, 0.57664722, 0.57554859
0.40213954, 0.10794657
0.0083492, 0.26509964, 0.01777976
-0.5773797, 0.57853937, -0.57609791
0.95023048, 0.06328166
0.01330382, 0.18436514, -0.01335383
-0.57734919, 0.57734919, 0.57734919
0.13072649, 0.1307072
0.0133038, 0.29588449, 0.00705429
-0.57853937, -0.58323926, -0.5701468
0.07258708, 0.44627953
0.0133038, 0.29588449, -0.01335379
-0.57734919, -0.57734919, 0.57734919
0.13072641, 0.44627976
0.00443268, 0.26511917, 0.00970091
-0.29822686, 0.86852628, 0.39579454
0.90517557, 0.54382169
0.00834919, 0.26799509, 0.0097434
-0.57976013, -0.57899714, 0.57322913
0.89696842, 0.5327493
0.00443268, 0.26800001, 0.00970774
-0.31431013, -0.91692859, 0.24579607
0.89696842, 0.54383206
-0.00469418, 0.2651239, 0.00768138
0.56947541, 0.57725763, 0.58516192
0.19914186, 0.13487583
0.00430481, 0.26800472, 0.00768821
-0.55714589, -0.58214056, 0.59218115
0.19093485, 0.10941088
-0.00469419, 0.26800472, 0.00768821
0.56950593, -0.58000427, 0.58241522
0.19093485, 0.13487589
0.00443268, 0.26800001, 0.00970774
-0.31431013, -0.91692859, 0.24579607
0.00816017, 0.05166638
-0.00849328, 0.26799509, 0.0097434
0.57985169, -0.57902765, 0.57310706
0.00826054, 0.01508904
-0.0047442, 0.26800001, 0.00970774
0.31369975, -0.92062134, 0.23236793
0.00816018, 0.02569807
0.00834919, 0.26798049, 0.01778659
-0.57731867, -0.57612842, -0.57856989
0.19914189, 0.20190293
-0.00849328, 0.26509964, 0.01777976
0.57734919, 0.57853937, -0.57609791
0.1909589, 0.24956298
-0.00849328, 0.26798049, 0.01778659
0.57731867, -0.57612842, -0.57856989
0.19914189, 0.24956298
0.00834919, 0.26799509, 0.0097434
-0.57976013, -0.57899714, 0.57322913
0.00826057, 0.06274915
-0.00849328, 0.26798049, 0.01778659
0.57731867, -0.57612842, -0.57856989
0.03112155, 0.01508945
0.00834919, 0.26799509, 0.0097434
-0.57976013, -0.57899714, 0.57322913
0.3138389, 0.13104713
0.0083492, 0.26509964, 0.01777976
-0.5773797, 0.57853937, -0.57609791
0.32204607, 0.10829151
0.00834919, 0.26798049, 0.01778659
-0.57731867, -0.57612842, -0.57856989
0.31383866, 0.10828704
-0.00849328, 0.26799509, 0.0097434
0.57985169, -0.57902765, 0.57310706
0.40213969, 0.13070679
-0.00849328, 0.26509964, 0.01777976
0.57734919, 0.57853937, -0.57609791
0.39393246, 0.10795105
-0.00849328, 0.26511425, 0.00973656
0.57979065, 0.57664722, 0.57554859
0.39393255, 0.13071126
0.0133038, 0.29588449, 0.00705429
-0.57853937, -0.58323926, -0.5701468
0.24860625, 0.1310516
-0.01369316, 0.18436514, 0.00958991
0.57615894, 0.57130647, -0.58445996
0.32551703, 0.44628286
-0.01369319, 0.29588449, 0.00705424
0.57853937, -0.58323926, -0.5701468
0.32551712, 0.13105178
-0.00469419, 0.26800472, 0.00768821
0.56950593, -0.58000427, 0.58241522
0.92269892, 0.52243862
-0.0047442, 0.26511917, 0.00970091
0.29819635, 0.87371439, 0.38428909
0.91694516, 0.53059036
-0.00469418, 0.2651239, 0.00768138
0.56947541, 0.57725763, 0.58516192
0.92269892, 0.53059065
0.00430481, 0.26800472, 0.00768821
-0.55714589, -0.58214056, 0.59218115
0.39638472, 0.08917475
0.00443268, 0.26511917, 0.00970091
-0.29822686, 0.86852628, 0.39579454
0.40213969, 0.0973264
0.00443268, 0.26800001, 0.00970774
-0.31431013, -0.91692859, 0.24579607
0.40213969, 0.08917421
0.00582362, 0.13238244, -0.00550204
0.70708334, -0.70708334, 0.0
0.63391382, 0.14620972
-0.0075973, 0.13238244, 0.12553899
-0.57734919, -0.57734919, 0.57734919
0.67214811, 0.51620913
-0.00759729, 0.13238244, -0.00550204
-0.70708334, -0.70708334, 0.0
0.67214823, 0.146209
-0.0105455, 0.15781854, 0.12553899
-0.57734919, 0.57734919, 0.57734919
0.91028535, 0.53276804
-0.0075973, 0.13451751, 0.12553899
-0.31083101, -0.3020722, 0.90115052
0.91868442, 0.5987041
0.00582362, 0.13451751, 0.12553899
0.30906093, -0.30198064, 0.90179145
0.95691878, 0.5987041
0.00947124, 0.15781854, -0.00550204
0.70708334, 0.70708334, 0.0
0.80443114, 0.51620984
0.00947123, 0.13460179, 0.12553899
0.58336133, -0.57002473, 0.57856989
0.73828983, 0.14539677
0.00947125, 0.13460179, -0.00550204
0.71520126, -0.69887388, 0.0
0.73828977, 0.51620972
-0.00759729, 0.13238244, -0.00550204
-0.70708334, -0.70708334, 0.0
0.98394722, 0.14539951
-0.0075973, 0.13451751, 0.12553899
-0.31083101, -0.3020722, 0.90115052
0.99002963, 0.51620981
-0.00759729, 0.13451751, -0.00550204
-0.71712393, -0.69692069, 0.0
0.99002969, 0.14539951
0.00582362, 0.13451751, -0.00550204
0.71520126, -0.69887388, 0.0
0.98394704, 0.51620984
0.00582362, 0.13238244, 0.12553899
0.57734919, -0.57734919, 0.57734919
0.97786462, 0.14539689
0.00582362, 0.13238244, -0.00550204
0.70708334, -0.70708334, 0.0
0.97786456, 0.51620984
-0.01054549, 0.13460179, -0.00550204
-0.71712393, -0.69692069, 0.0
0.73828965, 0.51620969
-0.0105455, 0.15781854, 0.12553899
-0.57734919, 0.57734919, 0.57734919
0.67214823, 0.14539951
-0.01054549, 0.15781854, -0.00550204
-0.70708334, 0.70708334, 0.0
0.67214829, 0.51620984
0.00947125, 0.13460179, -0.00550204
0.71520126, -0.69887388, 0.0
0.97786456, 0.51619387
0.00582362, 0.13451751, 0.12553899
0.30906093, -0.30198064, 0.90179145
0.96747303, 0.14620972
0.00582362, 0.13451751, -0.00550204
0.71520126, -0.69887388, 0.0
0.96747303, 0.51620984
-0.0105833, 0.10778835, 0.02232956
0.83675647, -0.270394, -0.47611928
0.95023048, 0.06328338
0.00958095, 0.1055972, 0.02600329
-0.77205724, -0.61268961, -0.1688284
0.94020087, 0.00622159
-0.0105833, 0.1055972, 0.02600329
0.77205724, -0.61268961, -0.1688284
0.94020087, 0.06328154
-0.01054549, 0.13460179, -0.00550204
-0.71712393, -0.69692069, 0.0
0.62428659, 0.52125019
-0.0075973, 0.13451751, 0.12553899
-0.31083101, -0.3020722, 0.90115052
0.63268566, 0.15126574
-0.0105455, 0.13460179, 0.12553899
-0.58476514, -0.56828517, 0.57884455
0.62428659, 0.15125006
0.01171885, 0.18455923, 0.00124494
-0.57734919, -0.57734919, -0.57734919
0.73828977, 0.06993955
0.00946792, 0.15781941, 0.00124494
0.0, 0.70708334, -0.70708334
0.7447024, 0.14539677
-0.01229609, 0.18455923, 0.00124494
0.57734919, -0.57734919, -0.57734919
0.80670518, 0.06993955
0.00958095, 0.13069446, 0.02600329
-0.7803278, 0.59721673, -0.18543047
0.18514344, 0.06794691
-0.0105833, 0.12816939, 0.02232956
0.82827234, 0.2608417, -0.49583423
0.19513287, 0.01089662
-0.0105833, 0.13069446, 0.02600329
0.7803278, 0.59721673, -0.18543047
0.18514346, 0.01088703
0.00958095, 0.12816939, 0.03335074
-0.82827234, 0.2608417, 0.49583423
0.9189015, 0.12095654
-0.0105833, 0.10778835, 0.03335074
0.83675647, -0.270394, 0.47611928
0.97634679, 0.06328338
0.00958095, 0.10778835, 0.03335074
-0.83675647, -0.270394, 0.47611928
0.9189015, 0.06328338
-0.0105833, 0.10778835, 0.02232956
0.83675647, -0.270394, -0.47611928
0.45987326, 0.07564169
0.00958095, 0.12816939, 0.02232956
-0.82827234, 0.2608417, -0.49583423
0.40242797, 0.01812834
0.00958095, 0.10778835, 0.02232956
-0.83675647, -0.270394, -0.47611928
0.40242794, 0.07564175
-0.0105833, 0.13441502, 0.00124494
0.57734919, -0.57734919, 0.57734919
0.61331654, 0.05393916
0.00958095, 0.13441502, 0.03430851
-0.57734919, -0.57734919, -0.57734919
0.55587125, 0.14729673
-0.0105833, 0.13441502, 0.03430851
0.57734919, -0.57734919, -0.57734919
0.61331654, 0.14729565
-0.0105833, 0.05288075, 0.00124494
0.00109867, 0.72246468, 0.69139683
0.86145616, 0.51620981
0.00958095, 0.13441502, 0.00124494
-0.57734919, -0.57734919, 0.57734919
0.9189015, 0.28548849
-0.0105833, 0.13441502, 0.00124494
0.57734919, -0.57734919, 0.57734919
0.86145622, 0.28548849
-0.0105833, 0.05288075, 0.01149353
-0.09555345, 0.99206519, -0.08166753
0.75094754, 0.06993955
0.00958096, 0.07327209, 0.02174203
-0.888699, 0.42475662, -0.17239906
0.80670512, 0.01287955
0.00958096, 0.05288075, 0.01149353
0.09445479, 0.99237037, -0.07910398
0.75094754, 0.01287961
-0.0105833, 0.1038435, 0.03430851
0.86327708, -0.29258096, -0.41120639
0.67214823, 0.146209
0.00958095, 0.13441502, 0.03430851
-0.57734919, -0.57734919, -0.57734919
0.61470294, 0.05993909
0.00958095, 0.1038435, 0.03430851
-0.86327708, -0.29258096, -0.41120639
0.61470294, 0.146209
0.00958095, 0.13069446, 0.02967701
-0.7803278, 0.59721673, 0.18543047
0.62410873, 0.60172087
0.00958095, 0.13441502, 0.03430851
-0.57734919, -0.57734919, -0.57734919
0.63470805, 0.61482674
0.00958095, 0.13069446, 0.02600329
-0.7803278, 0.59721673, -0.18543047
0.62410879, 0.59132522
0.00958095, 0.10383253, 0.0263999
-1.0, 0.0, 0.0
0.54758269, 0.59244752
0.00958095, 0.10778835, 0.02232956
-0.83675647, -0.270394, -0.47611928
0.55885231, 0.58092958
0.00958095, 0.09980271, 0.02218118
-1.0, 0.0, 0.0
0.53610224, 0.58050969
-0.0105833, 0.13441502, 0.03430851
0.57734919, -0.57734919, -0.57734919
0.40242809, 0.85419366
-0.0105833, 0.13069446, 0.02600329
0.7803278, 0.59721673, -0.18543047
0.41302735, 0.83069196
-0.0105833, 0.13441502, 0.00124494
0.57734919, -0.57734919, 0.57734919
0.40242794, 0.76063208
-0.0105833, 0.1055972, 0.02967701
0.77205724, -0.61268961, 0.1688284
0.48452619, 0.84108768
-0.0105833, 0.1038435, 0.03430851
0.86327708, -0.29258096, -0.41120639
0.48952225, 0.85419367
-0.0105833, 0.10383253, 0.0263999
1.0, 0.0, 0.0
0.48955345, 0.83181427
-0.0105833, 0.05539486, 0.07326832
0.67146826, 0.73073518, 0.12295908
0.62754613, 0.96444004
-0.0105833, 0.08596627, 0.0858348
0.59532458, -0.45750296, -0.66045105
0.54045236, 1.0
0.01171888, 0.01483034, -0.00550122
-0.89794612, 0.31116673, 0.31116673
0.19078909, 0.09025836
0.01465085, 0.01483034, 0.00128064
-0.57734919, 0.57734919, -0.57734919
0.19914189, 0.10941023
0.01465085, 0.01483034, -0.00550122
-0.57734919, 0.57734919, 0.57734919
0.19914189, 0.0902577
0.00958095, 0.12816939, 0.03335074
-0.82827234, 0.2608417, 0.49583423
0.163798, 0.06795406
-0.0105833, 0.13069446, 0.02967701
0.7803278, 0.59721673, 0.18543047
0.1746985, 0.01088625
-0.0105833, 0.12816939, 0.03335074
0.82827234, 0.2608417, 0.49583423
0.16379799, 0.01089424
0.00958095, 0.13069446, 0.02967701
-0.7803278, 0.59721673, 0.18543047
0.1746985, 0.06794614
-0.0105833, 0.1055972, 0.02967701
0.77205724, -0.61268961, 0.1688284
0.92975789, 0.06328136
0.00958095, 0.10778835, 0.03335074
-0.83675647, -0.270394, 0.47611928
0.9189015, 0.0062229
-0.0105833, 0.10778835, 0.03335074
0.83675647, -0.270394, 0.47611928
0.9189015, 0.06328279
0.00958095, 0.1055972, 0.02967701
-0.77205724, -0.61268961, 0.1688284
0.92975789, 0.00622141
0.01465084, 0.13450462, -0.00550122
-0.57734919, -0.57734919, 0.57734919
0.96747303, 0.51620984
0.01465085, 0.01483034, 0.00128064
-0.57734919, 0.57734919, -0.57734919
0.94815254, 0.17756087
0.01465084, 0.13450462, 0.00128064
-0.57734919, -0.57734919, -0.57734919
0.9481526, 0.51620981
-0.01229609, 0.18455923, 0.00124494
0.57734919, -0.57734919, -0.57734919
0.06826504, 0.06275076
0.01171884, 0.18455923, -0.02276995
-0.57734919, -0.57734919, 0.57734919
4e-08, 0.13070595
0.01171885, 0.18455923, 0.00124494
-0.57734919, -0.57734919, -0.57734919
0.06826504, 0.1307072
0.01171888, 0.01483034, -0.00550122
-0.89794612, 0.31116673, 0.31116673
0.96849227, 1.0
0.01465084, 0.13450462, -0.00550122
-0.57734919, -0.57734919, 0.57734919
0.97684515, 0.66135201
0.01171886, 0.13450462, -0.00550122
-1.0, 0.0, 0.0
0.96849233, 0.66135201
-0.01519531, 0.13450462, 0.00128064
0.57734919, -0.57734919, -0.57734919
0.4874557, 0.17222178
0.01465084, 0.13450462, 0.00128064
-0.57734919, -0.57734919, -0.57734919
0.40242794, 0.17222178
0.01171887, 0.01483034, 0.00128064
0.37595752, 0.08832057, -0.92239141
0.41078079, 0.50993127
-0.0105833, 0.05288075, 0.01149353
-0.09555345, 0.99206519, -0.08166753
0.40398389, 0.10458452
0.00958096, 0.05288075, 0.00124494
-0.00146489, 0.72609639, 0.6875515
0.46143141, 0.07564175
-0.0105833, 0.05288075, 0.00124494
0.00109867, 0.72246468, 0.69139683
0.40398616, 0.07564169
0.00958095, 0.08596627, 0.0858348
-0.59532458, -0.45750296, -0.66045105
0.9189015, 0.14334553
-0.0105833, 0.05942824, 0.0851663
0.63042086, 0.31418806, -0.70976895
0.86145616, 0.06859857
-0.0105833, 0.08596627, 0.0858348
0.59532458, -0.45750296, -0.66045105
0.86145616, 0.14334553
0.00958096, 0.05539861, 0.08094757
-0.63219094, 0.71907711, -0.28843042
0.13073231, 0.07914847
-0.0105833, 0.05942824, 0.0851663
0.63042086, 0.31418806, -0.70976895
0.18819472, 0.0679673
0.00958096, 0.05942824, 0.0851663
-0.63042086, 0.31418806, -0.70976895
0.13074949, 0.06795657
-0.0105833, 0.05539861, 0.08094757
0.63219094, 0.71907711, -0.28843042
0.18817754, 0.0791592
0.00958096, 0.05539486, 0.07326832
-0.67146826, 0.73073518, 0.12295908
0.13072649, 0.10083461
-0.0105833, 0.05539486, 0.07326832
0.67146826, 0.73073518, 0.12295908
0.18817171, 0.10084534
-0.0105833, 0.07327209, 0.02174203
0.888699, 0.42475662, -0.17239906
0.18819472, 0.24956298
0.00958096, 0.07327209, 0.02174203
-0.888699, 0.42475662, -0.17239906
0.13074948, 0.24955225
0.00958096, 0.05539486, 0.07326832
-0.67146826, 0.73073518, 0.12295908
0.40958989, 0.72507235
0.00958096, 0.05942824, 0.0851663
-0.63042086, 0.31418806, -0.70976895
0.42108038, 0.7587404
0.00958095, 0.08596627, 0.0858348
-0.59532458, -0.45750296, -0.66045105
0.49668369, 0.76063208
0.01465084, 0.13450462, -0.00550122
-0.57734919, -0.57734919, 0.57734919
0.4874557, 0.08776444
-0.01519531, 0.13450462, 0.00128064
0.57734919, -0.57734919, -0.57734919
0.4681775, 0.17222148
-0.01519531, 0.13450462, -0.00550122
0.57734919, -0.57734919, 0.57734919
0.4874557, 0.17222178
-0.01229607, 0.01483034, -0.00550122
0.90450758, 0.30149236, 0.30149236
0.71896923, 0.51969835
-0.01229608, 0.02242231, -0.02276995
0.90450758, 0.30149236, 0.30152288
0.66977763, 0.54119214
-0.01229608, 0.05240287, -0.02276995
0.90450758, -0.30149236, 0.30149236
0.66979557, 0.62602982
0.00958095, 0.1038435, 0.03430851
-0.86327708, -0.29258096, -0.41120639
0.91890144, 0.28548199
-0.0105833, 0.08596627, 0.0858348
0.59532458, -0.45750296, -0.66045105
0.86145616, 0.14335203
-0.0105833, 0.1038435, 0.03430851
0.86327708, -0.29258096, -0.41120639
0.86145616, 0.28548849
-0.01519531, 0.13450462, 0.00128064
0.57734919, -0.57734919, -0.57734919
0.19914192, 0.10763085
-0.0151953, 0.01483034, -0.00550122
0.57734919, 0.57734919, 0.57734919
0.21846245, 0.4462797
-0.01519531, 0.13450462, -0.00550122
0.57734919, -0.57734919, 0.57734919
0.21846247, 0.10763079
-0.01229607, 0.01483034, -0.00550122
0.90450758, 0.30149236, 0.30149236
0.32209817, 0.08913398
-0.0151953, 0.01483034, 0.00128064
0.57734919, 0.57734919, -0.57734919
0.31383866, 0.1082871
-0.01229607, 0.01483034, 0.00128064
-0.13357952, 0.09112827, -0.98681599
0.32209817, 0.10828644
-0.01229607, 0.01483034, -0.00550122
0.90450758, 0.30149236, 0.30149236
0.98510462, 1.0
-0.01519531, 0.13450462, -0.00550122
0.57734919, -0.57734919, 0.57734919
0.97684515, 0.66135201
-0.0151953, 0.01483034, -0.00550122
0.57734919, 0.57734919, 0.57734919
0.97684509, 0.99999999
-0.01229607, 0.01359898, -0.02276995
0.68132573, 0.40800196, 0.60768455
0.32551712, 0.06229258
-0.00709441, 0.0108137, 0.00128064
0.18359935, 0.73186439, -0.65620899
0.34034574, 0.13071126
-0.00709441, 0.0108137, -0.02276995
0.18359935, 0.73186439, 0.65620899
0.34034574, 0.06279057
0.01171886, 0.05240287, -0.02276995
-0.90450758, -0.30149236, 0.30149236
0.77337682, 0.89018008
0.01171886, 0.13450462, -0.00550122
-1.0, 0.0, 0.0
0.82262146, 0.65786254
0.01171884, 0.18455923, -0.02276995
-0.57734919, -0.57734919, 0.57734919
0.77345544, 0.51620987
0.0061247, 0.0108137, -0.02276995
-0.17215492, 0.73213905, 0.65901667
0.13072649, 0.05212623
0.01171888, 0.0224224, -0.02276995
-0.90450758, 0.30149236, 0.30149236
0.16379799, 0.06795651
-0.01229608, 0.02242231, -0.02276995
0.90450758, 0.30149236, 0.30152288
0.16379797, 6e-08
-0.01229608, 0.05240287, -0.02276995
0.90450758, -0.30149236, 0.30149236
0.18857953, 0.24956298
-0.01101746, 0.05240287, -0.02360695
-0.17975402, -0.98138368, 0.0674459
0.19095883, 0.2459448
0.01030598, 0.05240287, -0.02360695
0.09247109, -0.784814, 0.61278117
0.19095883, 0.18560469
0.01171887, 0.02868833, -0.03508127
-0.59889525, -0.76259649, 0.24439222
0.73828977, 0.9572791
0.01171888, 0.0224224, -0.02360695
-0.95934933, 0.06976531, -0.27338481
0.77097452, 0.97501698
0.01171888, 0.0224224, -0.02276995
-0.90450758, 0.30149236, 0.30149236
0.773359, 0.97501749
-0.00332293, 0.02919671, -0.02360695
0.68822289, -0.22940764, 0.68822289
0.21692614, 0.04350078
-0.00332294, 0.03803043, -0.02283596
0.57734919, 0.57734919, 0.57734919
0.21912257, 0.06849808
-0.00332293, 0.02822151, -0.02283596
0.57734919, -0.57734919, 0.57734919
0.21912259, 0.04074121
0.01171888, 0.0224224, -0.02276995
-0.90450758, 0.30149236, 0.30149236
0.89758956, 0.00062305
0.01030599, 0.0224224, -0.02360695
0.47968993, 0.79366434, 0.37409589
0.89520979, 0.00462097
-0.01229608, 0.02242231, -0.02276995
0.90450758, 0.30149236, 0.30152288
0.89758956, 0.06857944
-0.01229607, 0.02868833, -0.03508127
0.59889525, 0.76259649, -0.24439222
0.63470817, 0.55893084
-0.01229608, 0.05240287, -0.02360695
0.77111119, -0.33820611, -0.53938413
0.66741109, 0.62603033
-0.01229607, 0.02242231, -0.02360695
0.65538502, 0.73180336, 0.18677327
0.89520985, 0.06857926
-0.01118416, 0.02868833, -0.03508127
-0.59773552, 0.7664113, -0.23514512
0.86145616, 0.0654521
-0.01229607, 0.02868833, -0.03508127
0.59889525, 0.76259649, -0.24439222
0.86145616, 0.06859851
-0.01229608, 0.05240287, -0.02360695
0.77111119, -0.33820611, -0.53938413
0.19460146, 0.13739979
-0.01118416, 0.02868833, -0.03508127
-0.59773552, 0.7664113, -0.23514512
0.19143379, 0.20190293
-0.01229607, 0.02868833, -0.03508127
0.59889525, 0.76259649, -0.24439222
0.19460146, 0.20190293
0.01171886, 0.05240287, -0.02360695
-0.60481584, -0.67467266, 0.42304757
0.1991419, 0.13487589
0.01043824, 0.02868833, -0.03508127
0.59599596, -0.76305431, 0.25000763
0.19549355, 0.20190287
0.01171887, 0.02868833, -0.03508127
-0.59889525, -0.76259649, 0.24439222
0.19914189, 0.20190293
0.01171888, 0.0224224, -0.02360695
-0.95934933, 0.06976531, -0.27338481
0.46352988, 0.17222178
0.01043824, 0.02868833, -0.03508127
0.59599596, -0.76305431, 0.25000763
0.46718368, 0.14099783
0.01171887, 0.02868833, -0.03508127
-0.59889525, -0.76259649, 0.24439222
0.46353534, 0.14099783
0.01030598, 0.05240287, -0.02360695
0.09247109, -0.784814, 0.61278117
1.0, 0.60474581
0.01030599, 0.0224224, -0.02360695
0.47968993, 0.79366434, 0.37409589
1.0, 0.5199084
0.01043824, 0.02868833, -0.03508127
0.59599596, -0.76305431, 0.25000763
0.96731031, 0.53763923
-0.01101745, 0.0224224, -0.02360695
-0.20639668, 0.86898404, 0.44969022
0.86145616, 0.14613545
-0.01101746, 0.05240287, -0.02360695
-0.17975402, -0.98138368, 0.0674459
0.86145616, 0.06129807
-0.01118416, 0.02868833, -0.03508127
-0.59773552, 0.7664113, -0.23514512
0.82876557, 0.12840462
-0.01101746, 0.05240287, -0.02360695
-0.17975402, -0.98138368, 0.0674459
0.67754209, 0.06055963
0.00240187, 0.03803043, -0.02360695
-0.30149236, 0.30149236, 0.90450758
0.71577197, 0.10123003
0.01030598, 0.05240287, -0.02360695
0.09247109, -0.784814, 0.61278117
0.73828971, 0.06055963
-0.00332293, 0.02822151, -0.02283596
0.57734919, -0.57734919, 0.57734919
0.94815254, 0.17756081
0.00240187, 0.03803043, -0.02283596
-0.57734919, 0.57734919, 0.57734919
0.96446174, 0.14980406
-0.00332294, 0.03803043, -0.02283596
0.57734919, 0.57734919, 0.57734919
0.94815254, 0.14980406
-0.00332293, 0.02822151, -0.02283596
0.57734919, -0.57734919, 0.57734919
0.65240055, 0.05993885
0.00240187, 0.02822151, -0.0308727
-0.57734919, -0.57734919, 0.57734919
0.63609135, 0.03724706
0.00240187, 0.02822151, -0.02283596
-0.57734919, -0.57734919, 0.57734919
0.63609135, 0.05993909
0.00240187, 0.03803043, -0.02283596
-0.57734919, 0.57734919, 0.57734919
0.82876563, 0.06129807
0.00240187, 0.03803043, -0.02360695
-0.30149236, 0.30149236, 0.90450758
0.83096206, 0.06129807
0.00240187, 0.02919671, -0.02360695
-0.68822289, -0.22940764, 0.68822289
0.830962, 0.03630078
-0.00332294, 0.03803043, -0.02360695
0.30149236, 0.30149236, 0.90450758
0.19077156, 0.16540676
0.00240187, 0.03803043, -0.02283596
-0.57734919, 0.57734919, 0.57734919
0.18857951, 0.18160635
0.00240187, 0.03803043, -0.02360695
-0.30149236, 0.30149236, 0.90450758
0.19077156, 0.18160653
-0.00332293, 0.02822151, -0.0308727
0.57734919, -0.57734919, 0.57734919
0.80958509, 0.14613545
0.00240187, 0.02919671, -0.0308727
-0.57734919, -0.57734919, 0.57734919
0.80680686, 0.12993568
-0.00332293, 0.02919671, -0.0308727
0.57734919, -0.57734919, 0.57734919
0.80680686, 0.14613545
0.00240187, 0.02919671, -0.0308727
-0.57734919, -0.57734919, 0.57734919
0.26308826, 0.03413665
-0.00332293, 0.02919671, -0.02360695
0.68822289, -0.22940764, 0.68822289
0.27939746, 0.0546515
-0.00332293, 0.02919671, -0.0308727
0.57734919, -0.57734919, 0.57734919
0.27939746, 0.03413635
-0.01101745, 0.0224224, -0.02360695
-0.20639668, 0.86898404, 0.44969022
0.67754209, 0.14539677
0.00240187, 0.02919671, -0.02360695
-0.68822289, -0.22940764, 0.68822289
0.71577197, 0.1262272
-0.00332293, 0.02919671, -0.02360695
0.68822289, -0.22940764, 0.68822289
0.69946277, 0.1262272
-0.01229606, -0.12728079, 0.09899393
-0.57225257, -0.53144932, 0.62453079
0.91028541, 0.55081528
0.01100624, -0.06680211, 0.08937936
0.65175331, 0.29941711, 0.69679862
0.84389979, 0.72202095
-0.01172514, -0.06680211, 0.08937936
-0.65263832, 0.29877621, 0.69621873
0.90865844, 0.72202101
-0.01229607, -0.0046267, 0.02079464
-0.80043948, -0.26374096, -0.53822446
0.55587113, 0.17335087
0.01171887, 0.01483034, 0.00128064
0.37595752, 0.08832057, -0.92239141
0.48745582, 0.11433434
0.01171887, -0.0046267, 0.02079464
0.80355233, -0.2616657, -0.53459275
0.48745573, 0.17335093
-0.01229606, -0.12728079, 0.02932419
-0.58641315, -0.60911894, -0.5339213
0.55587125, 0.5212658
0.01171888, -0.02546571, 0.01588648
0.64665669, 0.15839106, -0.74614704
0.48745576, 0.23112273
0.01171888, -0.12728079, 0.02932419
0.58687091, -0.6088748, -0.53367716
0.48745582, 0.52126583
-0.01229607, -0.01504631, 0.02213056
-0.79958493, 0.12213507, -0.58793908
0.55587113, 0.20303541
0.01171887, -0.01504631, 0.02213056
0.80224007, 0.12121952, -0.584521
0.48745573, 0.20303547
-0.01115422, 0.03129761, 0.03407425
-0.64964753, 0.42313913, 0.63155001
0.40242794, 0.17222178
0.00958096, 0.05288075, 0.01149353
0.09445479, 0.99237037, -0.07910398
0.46142912, 0.10458452
0.01064991, -0.0177523, 0.05217651
0.72838527, 0.33085117, 0.59993285
0.84491324, 0.86107627
-0.01143968, -0.0177523, 0.05217651
-0.73107088, 0.32917264, 0.59761345
0.90784359, 0.86107628
0.01171887, -0.0046267, 0.02079464
0.80355233, -0.2616657, -0.53459275
0.15740418, 0.61664435
0.01029359, 0.03129761, 0.03407425
0.64711446, 0.42579424, 0.63237405
0.10046376, 0.52418509
0.01064991, -0.0177523, 0.05217651
0.72838527, 0.33085117, 0.59993285
0.07692456, 0.67027572
-0.01115422, 0.03129761, 0.03407425
-0.64964753, 0.42313913, 0.63155001
0.30167466, 0.92209575
-0.01229607, 0.01483034, 0.00128064
-0.13357952, 0.09112827, -0.98681599
0.40242791, 0.89434581
-0.01229607, -0.0046267, 0.02079464
-0.80043948, -0.26374096, -0.53822446
0.3586188, 0.82963823
-0.01229607, -0.02546571, 0.01588648
-0.64531386, 0.15787224, -0.74739832
0.55587119, 0.23112267
0.01029359, 0.03129761, 0.03407425
0.64711446, 0.42579424, 0.63237405
0.84592754, 0.99999998
-0.01115422, 0.03129761, 0.03407425
-0.64964753, 0.42313913, 0.63155001
0.90702951, 1.0
-0.01154554, 0.07881331, -0.01423957
0.63698232, 0.77083653, 0.00350963
0.85056895, 0.51620987
-0.01154554, 0.07362073, -0.00924736
0.64207894, -0.00054933, 0.76659441
0.84202957, 0.53474429
-0.01154554, 0.07362083, -0.01943307
0.63991213, -0.00057985, -0.76842552
0.86941934, 0.52522609
-0.02040765, 0.07362073, -0.00924736
-0.64207894, -0.00054933, 0.76659441
0.8695789, 0.5251334
-0.02040765, 0.07881331, -0.01423957
-0.63698232, 0.77083653, 0.00350963
0.87811816, 0.54366776
-0.02040764, 0.07362083, -0.01943307
-0.63991213, -0.00057985, -0.76842552
0.89696848, 0.53465155
-0.01154554, 0.077407, -0.01811491
0.62199771, 0.5500046, -0.55726796
0.61470294, 0.05993909
-0.02040764, 0.07362083, -0.01943307
-0.63991213, -0.00057985, -0.76842552
0.62517977, 0.03486151
-0.02040765, 0.077407, -0.01811491
-0.62199771, 0.5500046, -0.55726796
0.61470294, 0.03486151
-0.01154554, 0.06987777, -0.01812357
0.62096012, -0.55516219, -0.55330056
0.63609135, 0.05993909
-0.01154554, 0.07362083, -0.01943307
0.63991213, -0.00057985, -0.76842552
0.62517977, 0.05993909
-0.01154554, 0.077407, -0.01811491
0.62199771, 0.5500046, -0.55726796
0.73828977, 0.06055963
-0.02040765, 0.07881331, -0.01423957
-0.63698232, 0.77083653, 0.00350963
0.72752535, 0.03547627
-0.01154554, 0.07881331, -0.01423957
0.63698232, 0.77083653, 0.00350963
0.72752535, 0.06055391
-0.01154554, 0.06986073, -0.01051024
0.62065494, -0.54942471, 0.55934322
0.94815254, 0.12095737
-0.02040765, 0.06853353, -0.01423914
-0.63960689, -0.76866972, 0.00335704
0.95900285, 0.14603418
-0.01154554, 0.06853353, -0.01423914
0.63960689, -0.76866972, 0.00335704
0.95900285, 0.12095654
-0.02040765, 0.06987777, -0.01812357
-0.62096012, -0.55516219, -0.55330056
0.96979111, 0.14603537
-0.01154554, 0.06987777, -0.01812357
0.62096012, -0.55516219, -0.55330056
0.96979111, 0.12095773
-0.02040765, 0.07742461, -0.0105188
-0.62175357, 0.54411453, 0.56331062
0.71669608, 0.03548032
-0.01154554, 0.07742461, -0.0105188
0.62175357, 0.54411453, 0.56331062
0.71669608, 0.0605579
-0.01154554, 0.07742461, -0.0105188
0.62175357, 0.54411453, 0.56331062
0.67754209, 0.03548193
-0.02040765, 0.07362073, -0.00924736
-0.64207894, -0.00054933, 0.76659441
0.68838763, 0.06055963
-0.01154554, 0.07362073, -0.00924736
0.64207894, -0.00054933, 0.76659441
0.68838763, 0.03548199
-0.02040765, 0.06986073, -0.01051024
-0.62065494, -0.54942471, 0.55934322
0.69909054, 0.06055957
-0.01154554, 0.06986073, -0.01051024
0.62065494, -0.54942471, 0.55934322
0.69909054, 0.03548199
0.01171884, 0.18455923, -0.02276995
-0.57734919, -0.57734919, 0.57734919
0.55587125, 0.52126583
0.01171888, 0.01359898, 0.00128064
-0.33530685, 0.53593552, -0.77477342
0.39393246, 0.13020802
-0.0105455, 0.15781854, 0.12553899
-0.57734919, 0.57734919, 0.57734919
0.80443126, 0.51620984
-0.01229606, -0.12728079, 0.09899393
-0.57225257, -0.53144932, 0.62453079
0.19914187, 0.44627851
0.01171886, 0.13450462, -0.00550122
-1.0, 0.0, 0.0
0.55369222, 0.11433434
-0.00538298, 0.324047, -0.00986992
0.54765463, -0.61528367, -0.56697285
0.96849227, 0.60548723
0.00478096, 0.324047, -0.00986992
-0.55293435, -0.61424601, -0.56291389
0.91890156, 0.51620698
-0.00538296, 0.18437043, -0.00986992
0.54411453, 0.62175357, -0.56331062
0.38444811, 0.06191951
0.00478098, 0.18437043, -0.00986992
-0.54942471, 0.62065494, -0.55934322
0.39393243, 0.03474468
0.00658249, 0.18437043, -0.01493172
-0.76866972, 0.63960689, -0.00335704
0.38201633, 0.02524477
0.00478097, 0.18437043, -0.02013762
-0.55519271, 0.62096012, 0.55330056
0.36635104, 0.02524477
-0.00538296, 0.18437043, -0.02013762
0.5500046, 0.62199771, 0.55726796
0.35686666, 0.05241954
0.00478096, 0.324047, -0.02013762
-0.55851924, -0.61494797, 0.55662709
0.06826504, 0.03545523
0.00315729, 0.32409555, -0.01852071
0.39768669, -0.82744837, -0.3963744
0.06238537, 0.03827089
0.00478096, 0.324047, -0.00986992
-0.55293435, -0.61424601, -0.56291389
0.04073291, 0.02583152
-0.00028863, 0.324047, -0.00816723
-0.00054933, -0.63499862, -0.77248454
0.03137329, 0.03776801
-0.00029082, 0.32409555, -0.01034371
0.00042726, -0.79448837, 0.60722679
0.03719869, 0.03981084
-0.00029088, 0.32409555, -0.01972705
0.00042726, -0.79766226, -0.60307628
0.06235938, 0.0486058
-0.00029482, 0.324047, -0.02192764
0.0, -0.90777308, -0.41944641
0.06826504, 0.05068189
-0.00538298, 0.324047, -0.02013762
0.55330056, -0.61607713, 0.56056398
0.91028535, 0.99999635
-0.00379505, 0.31026745, -0.01151497
-0.54411453, -0.62175357, 0.56331062
0.80891448, 0.07816952
-0.00377884, 0.31026745, -0.01851273
-0.5500046, -0.62202823, -0.55723745
0.35685074, 0.05552071
0.00315729, 0.31026745, -0.01852071
0.55516219, -0.62096012, -0.55330056
0.35039711, 0.03696942
0.00439561, 0.31026745, -0.01494226
0.76866972, -0.63960689, 0.00335704
0.3396306, 0.03696942
0.00317301, 0.31026745, -0.01150709
0.54942471, -0.62065494, 0.55934322
0.33154607, 0.04341626
-0.00379505, 0.31026745, -0.01151497
-0.54411453, -0.62175357, 0.56331062
0.33807215, 0.06203818
0.00315729, 0.31026745, -0.01852071
0.55516219, -0.62096012, -0.55330056
0.91890156, 0.0293228
-0.00377884, 0.31026745, -0.01851273
-0.5500046, -0.62202823, -0.55723745
0.46752045, 0.08776206
0.00317301, 0.32409555, -0.01150709
0.39295632, -0.82793665, 0.40006715
0.19914189, 0.06849813
-0.00283581, 0.31825703, -0.02102447
0.47715691, 0.56147951, -0.6760155
0.89696842, 0.51620999
-0.00283581, 0.32018709, -0.02941324
0.61256754, 0.38297677, 0.69139683
0.26308826, 0.0546518
-0.00283581, 0.324047, -0.02102447
0.47715691, -0.56147951, -0.6760155
0.33154607, 0.03854924
-0.00283581, 0.31825703, -0.02102447
0.47715691, 0.56147951, -0.6760155
0.31505138, 0.03854924
-0.00283581, 0.32211709, -0.02941324
0.61256754, -0.38300729, 0.69139683
0.32604814, 0.06228733
0.00224616, 0.324047, -0.02102447
-0.47715691, -0.56147951, -0.6760155
0.66687936, 0.03589141
-0.00283581, 0.324047, -0.02102447
0.47715691, -0.56147951, -0.6760155
0.65240151, 0.03589076
-0.00283581, 0.31825703, -0.02102447
0.47715691, 0.56147951, -0.6760155
0.26308826, 0.03061545
0.00224617, 0.31825703, -0.02102447
-0.47715691, 0.56147951, -0.6760155
0.24861039, 0.03061253
0.00224617, 0.31825703, -0.02102447
-0.47715691, 0.56147951, -0.6760155
0.71558523, 0.03682172
0.00224616, 0.324047, -0.02102447
-0.47715691, -0.56147951, -0.6760155
0.69909054, 0.03682172
0.00224617, 0.32018691, -0.02941324
-0.61256754, 0.38300729, 0.69139683
0.71008736, 0.06055963
-0.00538298, 0.324047, -0.00986992
0.54765463, -0.61528367, -0.56697285
0.03112155, 0.05296236
-0.00379506, 0.32409555, -0.01151497
-0.39143041, -0.82613605, 0.40522477
0.03702565, 0.05026257
-0.00538298, 0.324047, -0.02013762
0.55330056, -0.61607713, 0.56056398
0.05865362, 0.06258601
0.00478096, 0.324047, -0.02013762
-0.55851924, -0.61494797, 0.55662709
0.24860618, 0.05103344
0.01171886, 0.15781941, 0.00124494
-0.57734919, 0.57734919, -0.57734919
0.82876551, 0.07817906
0.01171885, 0.15781941, -0.00550122
-0.90450758, 0.30149236, -0.30149236
0.80958515, 0.07817763
-0.01229608, 0.15781941, 0.00124494
0.57734919, 0.57734919, -0.57734919
0.82876551, 0.14613545
-0.00283581, 0.32211709, -0.02941324
0.61256754, -0.38300729, 0.69139683
0.91144633, 0.53059065
-0.0136932, 0.29588449, -0.01335379
0.57734919, -0.57734919, 0.57734919
0.12627736, 0.1307072
0.01330383, 0.18436514, 0.00958991
-0.57615894, 0.57130647, -0.58445996
0.31383863, 0.05465674
-0.01369317, 0.18436514, -0.01335383
0.57734919, 0.57734919, 0.57734919
0.32551712, 0.44628286
-0.01369316, 0.18436514, 0.00958991
0.57615894, 0.57130647, -0.58445996
0.0, 0.44627976
0.00430482, 0.2651239, 0.00768138
-0.55714589, 0.57933289, 0.59489733
0.97894609, 0.05183917
-0.0047442, 0.26511917, 0.00970091
0.29819635, 0.87371439, 0.38428909
0.97320336, 0.02623224
-0.00469418, 0.2651239, 0.00768138
0.56947541, 0.57725763, 0.58516192
0.97894609, 0.02637422
-0.0047442, 0.26800001, 0.00970774
0.31369975, -0.92062134, 0.23236793
0.39393255, 0.09732676
-0.00849328, 0.26509964, 0.01777976
0.57734919, 0.57853937, -0.57609791
0.95023048, 0.01562154
0.01330383, 0.18436514, 0.00958991
-0.57615894, 0.57130647, -0.58445996
0.06536347, 0.13070703
0.0083492, 0.26511425, 0.00973656
-0.5796991, 0.5766167, 0.57567066
0.90517557, 0.53273889
0.00430482, 0.2651239, 0.00768138
-0.55714589, 0.57933289, 0.59489733
0.19914189, 0.10941088
-0.00469419, 0.26800472, 0.00768821
0.56950593, -0.58000427, 0.58241522
0.00242028, 0.02583945
0.00430481, 0.26800472, 0.00768821
-0.55714589, -0.58214056, 0.59218115
0.00242035, 0.05130446
0.0083492, 0.26509964, 0.01777976
-0.5773797, 0.57853937, -0.57609791
0.19095883, 0.20190287
0.00834919, 0.26798049, 0.01778659
-0.57731867, -0.57612842, -0.57856989
0.03112155, 0.06274956
0.0083492, 0.26511425, 0.00973656
-0.5796991, 0.5766167, 0.57567066
0.32204607, 0.1310516
-0.00849328, 0.26798049, 0.01778659
0.57731867, -0.57612842, -0.57856989
0.40213969, 0.10794652
0.01330383, 0.18436514, 0.00958991
-0.57615894, 0.57130647, -0.58445996
0.24860618, 0.44628286
-0.0047442, 0.26800001, 0.00970774
0.31369975, -0.92062134, 0.23236793
0.91694516, 0.52243826
0.00430482, 0.2651239, 0.00768138
-0.55714589, 0.57933289, 0.59489733
0.39638472, 0.09732676
0.00582362, 0.13238244, 0.12553899
0.57734919, -0.57734919, 0.57734919
0.6339137, 0.51620984
0.00947123, 0.13460179, 0.12553899
0.58336133, -0.57002473, 0.57856989
0.96731037, 0.59846559
0.00947123, 0.15781854, 0.12553899
0.57734919, 0.57734919, 0.57734919
0.96731037, 0.5327681
-0.0075973, 0.13238244, 0.12553899
-0.57734919, -0.57734919, 0.57734919
0.91868442, 0.60474581
0.00582362, 0.13238244, 0.12553899
0.57734919, -0.57734919, 0.57734919
0.95691878, 0.60474578
-0.0105455, 0.13460179, 0.12553899
-0.58476514, -0.56828517, 0.57884455
0.91028535, 0.59846559
0.00947123, 0.15781854, 0.12553899
0.57734919, 0.57734919, 0.57734919
0.8044312, 0.14539689
-0.0075973, 0.13238244, 0.12553899
-0.57734919, -0.57734919, 0.57734919
0.98394716, 0.51620984
0.00582362, 0.13451751, 0.12553899
0.30906093, -0.30198064, 0.90179145
0.9839471, 0.14539689
-0.0105455, 0.13460179, 0.12553899
-0.58476514, -0.56828517, 0.57884455
0.73828971, 0.14539939
0.00947123, 0.13460179, 0.12553899
0.58336133, -0.57002473, 0.57856989
0.9778645, 0.1461938
0.00958095, 0.10778835, 0.02232956
-0.83675647, -0.270394, -0.47611928
0.95023048, 0.00622344
-0.00759729, 0.13451751, -0.00550204
-0.71712393, -0.69692069, 0.0
0.63268572, 0.52126583
-0.01229608, 0.15781941, 0.00124494
0.57734919, 0.57734919, -0.57734919
0.80670518, 0.14539677
-0.01057705, 0.15781941, 0.00124494
0.0, 0.70708334, -0.70708334
0.80180788, 0.14539683
0.01171886, 0.15781941, 0.00124494
-0.57734919, 0.57734919, -0.57734919
0.73828977, 0.14539683
0.00958095, 0.12816939, 0.02232956
-0.82827234, 0.2608417, -0.49583423
0.19513287, 0.06795651
-0.0105833, 0.12816939, 0.03335074
0.82827234, 0.2608417, 0.49583423
0.97634679, 0.12095654
-0.0105833, 0.12816939, 0.02232956
0.82827234, 0.2608417, -0.49583423
0.45987326, 0.01812834
0.00958095, 0.13441502, 0.00124494
-0.57734919, -0.57734919, 0.57734919
0.55587125, 0.05394018
0.00958096, 0.05288075, 0.00124494
-0.00146489, 0.72609639, 0.6875515
0.91890144, 0.51620984
-0.0105833, 0.07327209, 0.02174203
0.888699, 0.42475662, -0.17239906
0.80670518, 0.06993943
-0.0105833, 0.13441502, 0.03430851
0.57734919, -0.57734919, -0.57734919
0.67214823, 0.05993909
0.00958095, 0.13441502, 0.00124494
-0.57734919, -0.57734919, 0.57734919
0.63470829, 0.52126583
0.00958095, 0.1038435, 0.00124494
-1.0, 0.0, 0.0
0.5476141, 0.52126583
0.00958095, 0.12816939, 0.02232956
-0.82827234, 0.2608417, -0.49583423
0.61691517, 0.58092958
0.00958095, 0.10778835, 0.03335074
-0.83675647, -0.270394, 0.47611928
0.5588522, 0.61211652
0.00958095, 0.1038435, 0.03430851
-0.86327708, -0.29258096, -0.41120639
0.54761386, 0.61482677
0.00958095, 0.12816939, 0.03335074
-0.82827234, 0.2608417, 0.49583423
0.61691511, 0.61211652
0.00958096, 0.05288075, 0.00124494
-0.00146489, 0.72609639, 0.6875515
0.40242803, 0.52126586
0.00958096, 0.07327209, 0.02174203
-0.888699, 0.42475662, -0.17239906
0.46052009, 0.57926702
0.00958096, 0.05288075, 0.01149353
0.09445479, 0.99237037, -0.07910398
0.40242794, 0.55026659
0.00958095, 0.1055972, 0.02600329
-0.77205724, -0.61268961, -0.1688284
0.55260998, 0.59132522
0.00958095, 0.1055972, 0.02967701
-0.77205724, -0.61268961, 0.1688284
0.55260998, 0.60172087
-0.0105833, 0.12816939, 0.03335074
0.82827234, 0.2608417, 0.49583423
0.420221, 0.85148339
-0.0105833, 0.10778835, 0.03335074
0.83675647, -0.270394, 0.47611928
0.47828388, 0.85148339
-0.0105833, 0.10778835, 0.02232956
0.83675647, -0.270394, -0.47611928
0.47828382, 0.82029624
-0.0105833, 0.1038435, 0.00124494
0.99996948, 0.0, 0.0
0.4895221, 0.7606321
-0.0105833, 0.12816939, 0.02232956
0.82827234, 0.2608417, -0.49583423
0.42022094, 0.82029624
-0.0105833, 0.13069446, 0.02967701
0.7803278, 0.59721673, 0.18543047
0.41302741, 0.84108767
-0.0105833, 0.05288075, 0.01149353
-0.09555345, 0.99206519, -0.08166753
0.63470823, 0.78963304
-0.0105833, 0.05288075, 0.00124494
0.00109867, 0.72246468, 0.69139683
0.63470817, 0.7606321
-0.0105833, 0.07327209, 0.02174203
0.888699, 0.42475662, -0.17239906
0.57661605, 0.81863369
-0.0105833, 0.09980271, 0.02218118
1.0, 0.0, 0.0
0.5010339, 0.81987636
-0.0105833, 0.1055972, 0.02600329
0.77205724, -0.61268961, -0.1688284
0.48452616, 0.83069198
-0.0105833, 0.05942824, 0.0851663
0.63042086, 0.31418806, -0.70976895
0.61605561, 0.9981083
-0.0105833, 0.05539861, 0.08094757
0.63219094, 0.71907711, -0.28843042
0.62753546, 0.98617039
0.01171887, 0.01483034, 0.00128064
0.37595752, 0.08832057, -0.92239141
0.19078906, 0.10941082
0.01465085, 0.01483034, -0.00550122
-0.57734919, 0.57734919, 0.57734919
0.96747297, 0.17756087
-0.01229609, 0.18455923, -0.02276995
0.57734919, -0.57734919, 0.57734919
0.0, 0.06274956
0.01465085, 0.01483034, -0.00550122
-0.57734919, 0.57734919, 0.57734919
0.97684509, 1.0
0.01171888, 0.01359898, 0.00128064
-0.33530685, 0.53593552, -0.77477342
0.41078079, 0.51340604
0.0061247, 0.0108137, 0.00128064
-0.17215492, 0.73213905, -0.65901667
0.42671785, 0.52126583
-0.00709441, 0.0108137, 0.00128064
0.18359935, 0.73186439, -0.65620899
0.46437734, 0.52126583
-0.01229607, 0.01483034, 0.00128064
-0.13357952, 0.09112827, -0.98681599
0.47919619, 0.50993127
-0.0151953, 0.01483034, 0.00128064
0.57734919, 0.57734919, -0.57734919
0.4874557, 0.50993127
-0.01229608, 0.01359898, 0.00128064
0.68132573, 0.40800196, -0.60768455
0.47919622, 0.51340607
0.01465085, 0.01483034, 0.00128064
-0.57734919, 0.57734919, -0.57734919
0.40242797, 0.50993127
0.00958096, 0.05942824, 0.0851663
-0.63042086, 0.31418806, -0.70976895
0.91890144, 0.06859857
0.00958096, 0.05539861, 0.08094757
-0.63219094, 0.71907711, -0.28843042
0.40960053, 0.74680257
0.01465084, 0.13450462, 0.00128064
-0.57734919, -0.57734919, -0.57734919
0.46817747, 0.08776414
-0.01229609, 0.18455923, -0.02276995
0.57734919, -0.57734919, 0.57734919
0.66987479, 1.0
-0.01229609, 0.18455923, 0.00124494
0.57734919, -0.57734919, -0.57734919
0.73828977, 0.99998557
-0.01229608, 0.15781941, -0.00550128
0.90450758, 0.30149236, -0.30149236
0.71905476, 0.92432248
-0.01229608, 0.13450462, -0.00550122
1.0, 0.0, 0.0
0.71904093, 0.8583473
-0.01229608, 0.15781941, 0.00124494
0.57734919, 0.57734919, -0.57734919
0.73827374, 0.92431842
-0.01229607, 0.01359898, -0.02276995
0.68132573, 0.40800196, 0.60768455
0.66977233, 0.51622427
-0.01229607, 0.01483034, 0.00128064
-0.13357952, 0.09112827, -0.98681599
0.73828977, 0.5196943
-0.01229608, 0.01359898, 0.00128064
0.68132573, 0.40800196, -0.60768455
0.73828906, 0.51620984
-0.0151953, 0.01483034, 0.00128064
0.57734919, 0.57734919, -0.57734919
0.19914189, 0.44627976
-0.0151953, 0.01483034, -0.00550122
0.57734919, 0.57734919, 0.57734919
0.31383866, 0.08913457
-0.01229608, 0.13450462, -0.00550122
1.0, 0.0, 0.0
0.98510468, 0.66135201
-0.01229608, 0.01359898, 0.00128064
0.68132573, 0.40800196, -0.60768455
0.32551709, 0.13021332
0.01171885, 0.15781941, -0.00550122
-0.90450758, 0.30149236, -0.30149236
0.82263535, 0.59188733
0.01171888, 0.01359898, -0.02276995
-0.6765343, 0.41892758, 0.6056093
0.77335376, 0.99998563
0.01171888, 0.01359898, 0.00128064
-0.33530685, 0.53593552, -0.77477342
0.84187001, 1.0
0.01171888, 0.01483034, -0.00550122
-0.89794612, 0.31116673, 0.31116673
0.8225503, 0.9965115
0.01171886, 0.15781941, 0.00124494
-0.57734919, 0.57734919, -0.57734919
0.84185404, 0.59189138
0.01171885, 0.18455923, 0.00124494
-0.57734919, -0.57734919, -0.57734919
0.84186995, 0.51622424
-0.01229607, 0.01359898, -0.02276995
0.68132573, 0.40800196, 0.60768455
0.13866155, 0.0
-0.00709441, 0.0108137, -0.02276995
0.18359935, 0.73186439, 0.65620899
0.13072664, 0.01471937
0.01171888, 0.01359898, -0.02276995
-0.6765343, 0.41892758, 0.6056093
0.1386613, 0.06795645
0.01171886, 0.05240287, -0.02360695
-0.60481584, -0.67467266, 0.42304757
0.1909588, 0.18160653
0.01171886, 0.05240287, -0.02276995
-0.90450758, -0.30149236, 0.30149236
0.18857951, 0.18160653
-0.01229608, 0.05240287, -0.02360695
0.77111119, -0.33820611, -0.53938413
0.19095881, 0.24956298
0.01171886, 0.05240287, -0.02360695
-0.60481584, -0.67467266, 0.42304757
0.77099234, 0.89017958
-0.00332293, 0.02822151, -0.0308727
0.57734919, -0.57734919, 0.57734919
0.19622706, 0.04074121
-0.00332293, 0.02919671, -0.0308727
0.57734919, -0.57734919, 0.57734919
0.19622707, 0.04350078
-0.00332294, 0.03803043, -0.02360695
0.30149236, 0.30149236, 0.90450758
0.21692611, 0.06849808
-0.01101745, 0.0224224, -0.02360695
-0.20639668, 0.86898404, 0.44969022
0.89520985, 0.06496108
0.01171888, 0.0224224, -0.02360695
-0.95934933, 0.06976531, -0.27338481
0.89520979, 0.00062287
-0.01229607, 0.02242231, -0.02360695
0.65538502, 0.73180336, 0.18677327
0.66739315, 0.54119265
-0.01101746, 0.05240287, -0.02360695
-0.17975402, -0.98138368, 0.0674459
0.19095883, 0.13739979
0.01030598, 0.05240287, -0.02360695
0.09247109, -0.784814, 0.61278117
0.19511679, 0.13487589
0.01030599, 0.0224224, -0.02360695
0.47968993, 0.79366434, 0.37409589
0.46755502, 0.17222178
-0.00332294, 0.03803043, -0.02360695
0.30149236, 0.30149236, 0.90450758
0.69946277, 0.10123003
0.00240187, 0.02822151, -0.02283596
-0.57734919, -0.57734919, 0.57734919
0.96446174, 0.17756087
-0.00332293, 0.02822151, -0.0308727
0.57734919, -0.57734919, 0.57734919
0.65240055, 0.03724676
0.00240187, 0.02919671, -0.0308727
-0.57734919, -0.57734919, 0.57734919
0.85166091, 0.03630078
0.00240187, 0.02822151, -0.0308727
-0.57734919, -0.57734919, 0.57734919
0.85166091, 0.0335412
0.00240187, 0.02822151, -0.02283596
-0.57734919, -0.57734919, 0.57734919
0.82876557, 0.0335412
-0.00332294, 0.03803043, -0.02283596
0.57734919, 0.57734919, 0.57734919
0.18857951, 0.16540658
0.00240187, 0.02822151, -0.0308727
-0.57734919, -0.57734919, 0.57734919
0.80958509, 0.12993568
0.00240187, 0.02919671, -0.02360695
-0.68822289, -0.22940764, 0.68822289
0.26308826, 0.0546518
0.01030599, 0.0224224, -0.02360695
0.47968993, 0.79366434, 0.37409589
0.73828971, 0.14539683
0.01171887, -0.12728079, 0.09899393
0.57295448, -0.5309, 0.62434769
0.84187001, 0.55081522
-0.01229607, 0.01483034, 0.00128064
-0.13357952, 0.09112827, -0.98681599
0.55587119, 0.11433434
0.01029359, 0.03129761, 0.03407425
0.64711446, 0.42579424, 0.63237405
0.46352988, 0.17222178
0.01100624, -0.06680211, 0.08937936
0.65175331, 0.29941711, 0.69679862
0.0, 0.82683042
0.01171888, -0.02546571, 0.01588648
0.64665669, 0.15839106, -0.74614704
0.18261595, 0.67180902
0.01171887, -0.12728079, 0.09899393
0.57295448, -0.5309, 0.62434769
0.00648969, 1.0
0.01171888, -0.12728079, 0.02932419
0.58687091, -0.6088748, -0.53367716
0.20121363, 0.96183162
0.00958096, 0.05288075, 0.01149353
0.09445479, 0.99237037, -0.07910398
0.15166651, 0.4518944
0.01171887, 0.01483034, 0.00128064
0.37595752, 0.08832057, -0.92239141
0.2012136, 0.55193669
0.01171887, -0.01504631, 0.02213056
0.80224007, 0.12121952, -0.584521
0.15941724, 0.64630327
0.00958096, 0.05288075, 0.00124494
-0.00146489, 0.72609639, 0.6875515
0.18031089, 0.44627976
-0.01229606, -0.12728079, 0.02932419
-0.58641315, -0.60911894, -0.5339213
0.40242797, 0.48445094
-0.01229606, -0.12728079, 0.09899393
-0.57225257, -0.53144932, 0.62453079
0.20770535, 0.44628286
-0.01172514, -0.06680211, 0.08937936
-0.65263832, 0.29877621, 0.69621873
0.20121363, 0.61945155
-0.01143968, -0.0177523, 0.05217651
-0.73107088, 0.32917264, 0.59761345
0.27813664, 0.77600564
-0.01229607, -0.02546571, 0.01588648
-0.64531386, 0.15787224, -0.74739832
0.3838304, 0.77447349
-0.01229607, -0.01504631, 0.02213056
-0.79958493, 0.12213507, -0.58793908
0.36063185, 0.79997928
-0.0105833, 0.05288075, 0.00124494
0.00109867, 0.72246468, 0.69139683
0.3815192, 1.0
-0.0105833, 0.05288075, 0.01149353
-0.09555345, 0.99206519, -0.08166753
0.35287499, 0.99438539
-0.01154554, 0.06853353, -0.01423914
0.63960689, -0.76866972, 0.00335704
0.86023849, 0.54366776
-0.01154554, 0.06987777, -0.01812357
0.62096012, -0.55516219, -0.55330056
0.86941934, 0.5364475
-0.01154554, 0.077407, -0.01811491
0.62199771, 0.5500046, -0.55726796
0.86231291, 0.51634488
-0.01154554, 0.07742461, -0.0105188
0.62175357, 0.54411453, 0.56331062
0.84187001, 0.52339599
-0.01154554, 0.06986073, -0.01051024
0.62065494, -0.54942471, 0.55934322
0.84896272, 0.54360721
-0.02040765, 0.06987777, -0.01812357
-0.62096012, -0.55516219, -0.55330056
0.89696848, 0.52343014
-0.02040765, 0.06853353, -0.01423914
-0.63960689, -0.76866972, 0.00335704
0.8877877, 0.5162099
-0.02040765, 0.06986073, -0.01051024
-0.62065494, -0.54942471, 0.55934322
0.87651199, 0.51627043
-0.02040765, 0.07742461, -0.0105188
-0.62175357, 0.54411453, 0.56331062
0.86941934, 0.53648168
-0.02040765, 0.077407, -0.01811491
-0.62199771, 0.5500046, -0.55726796
0.88986206, 0.54353273
-0.02040765, 0.06987777, -0.01812357
-0.62096012, -0.55516219, -0.55330056
0.63609135, 0.03486151
-0.02040765, 0.077407, -0.01811491
-0.62199771, 0.5500046, -0.55726796
0.73828977, 0.03548205
-0.02040765, 0.06986073, -0.01051024
-0.62065494, -0.54942471, 0.55934322
0.94815254, 0.14603496
-0.02040765, 0.07742461, -0.0105188
-0.62175357, 0.54411453, 0.56331062
0.67754209, 0.06055957
# Number of Faces:
405
# Face Data:
0, 1, 2
3, 4, 5
6, 7, 8
9, 10, 11
12, 13, 14
15, 16, 17
18, 19, 20
21, 22, 23
24, 25, 6
26, 27, 21
28, 29, 30
31, 32, 33
34, 35, 36
37, 38, 18
39, 40, 41
42, 43, 44
41, 45, 46
47, 48, 49
50, 51, 47
52, 53, 54
55, 56, 57
55, 58, 59
54, 60, 61
62, 63, 29
64, 65, 66
67, 68, 69
70, 71, 72
73, 66, 65
74, 75, 76
77, 78, 79
80, 81, 82
83, 81, 84
85, 86, 87
72, 88, 89
90, 91, 92
93, 94, 95
96, 97, 98
99, 100, 101
102, 103, 104
105, 106, 107
108, 109, 110
105, 111, 106
112, 113, 114
115, 116, 117
118, 119, 120
121, 122, 123
124, 125, 126
127, 128, 122
129, 130, 131
132, 133, 134
135, 136, 137
138, 139, 140
141, 142, 143
144, 145, 146
147, 148, 149
150, 151, 152
153, 154, 155
156, 157, 158
159, 160, 161
162, 163, 164
165, 166, 167
168, 169, 170
171, 172, 173
174, 175, 176
177, 178, 179
180, 181, 182
183, 184, 185
186, 187, 188
189, 190, 191
192, 193, 194
195, 196, 197
198, 199, 200
201, 202, 203
204, 205, 206
207, 205, 208
209, 210, 211
212, 213, 214
215, 176, 213
216, 217, 218
167, 219, 216
220, 221, 222
223, 224, 225
226, 227, 228
229, 230, 231
232, 233, 234
235, 236, 237
238, 239, 240
241, 242, 243
244, 242, 245
246, 247, 248
249, 250, 251
252, 253, 254
255, 256, 257
258, 259, 260
261, 262, 263
264, 265, 266
267, 268, 269
269, 3, 5
270, 271, 272
273, 274, 275
276, 277, 278
279, 280, 281
282, 283, 284
285, 286, 287
288, 289, 254
290, 291, 292
293, 294, 295
296, 297, 298
299, 300, 301
302, 303, 304
305, 306, 307
308, 309, 310
311, 312, 313
314, 315, 316
317, 318, 319
320, 321, 322
323, 324, 325
326, 327, 328
329, 330, 331
332, 333, 334
335, 336, 337
338, 339, 340
341, 337, 342
343, 344, 232
334, 345, 346
347, 348, 349
350, 351, 352
353, 342, 339
346, 354, 355
356, 357, 358
359, 360, 361
362, 363, 364
365, 363, 366
367, 368, 369
370, 371, 372
372, 373, 374
369, 375, 376
377, 378, 379
379, 380, 381
0, 382, 1
3, 383, 4
6, 25, 7
9, 384, 10
12, 385, 13
15, 386, 16
18, 38, 19
21, 27, 22
24, 387, 25
26, 388, 27
28, 62, 29
389, 33, 32
390, 391, 33
392, 31, 391
393, 32, 31
33, 391, 31
394, 36, 395
396, 397, 34
397, 398, 34
399, 400, 395
395, 400, 394
396, 34, 36
35, 395, 36
37, 401, 38
39, 402, 40
403, 44, 43
404, 405, 44
406, 42, 405
407, 43, 42
44, 405, 42
41, 40, 45
47, 51, 48
50, 408, 51
52, 409, 53
55, 410, 56
55, 57, 58
54, 53, 60
62, 411, 63
64, 412, 65
69, 413, 414
414, 67, 69
68, 415, 69
72, 416, 70
70, 417, 71
65, 418, 73
73, 419, 66
76, 420, 421
421, 74, 76
75, 422, 76
423, 79, 424
425, 400, 77
400, 399, 77
398, 397, 424
424, 397, 423
425, 77, 79
78, 424, 79
80, 84, 81
83, 426, 81
427, 428, 87
85, 429, 86
87, 428, 85
72, 71, 88
90, 430, 91
93, 431, 94
96, 432, 97
99, 433, 100
102, 434, 103
107, 435, 436
436, 105, 107
435, 437, 436
108, 438, 109
105, 439, 111
112, 440, 113
115, 441, 116
118, 442, 119
123, 443, 444
121, 127, 122
123, 444, 121
124, 445, 125
127, 446, 128
129, 447, 130
132, 448, 133
135, 449, 136
138, 450, 139
141, 451, 142
144, 452, 145
149, 453, 454
454, 147, 149
148, 455, 456
147, 457, 148
148, 456, 149
150, 458, 151
153, 459, 154
156, 460, 157
159, 461, 160
162, 462, 163
165, 463, 166
168, 464, 169
465, 173, 466
171, 467, 172
466, 173, 172
174, 468, 175
177, 469, 178
180, 470, 181
183, 471, 184
186, 472, 187
189, 473, 190
192, 474, 193
475, 476, 477
476, 199, 477
478, 479, 480
480, 479, 196
475, 477, 197
195, 480, 196
475, 197, 196
476, 481, 482
483, 482, 481
476, 482, 200
484, 199, 198
479, 478, 485
485, 484, 198
476, 200, 199
198, 479, 485
201, 205, 486
205, 487, 486
488, 489, 490
490, 489, 203
201, 486, 491
202, 490, 203
201, 491, 202
492, 493, 494
489, 488, 495
204, 487, 205
488, 206, 495
494, 493, 489
495, 494, 489
496, 204, 206
206, 488, 496
206, 205, 495
208, 497, 207
498, 207, 497
494, 495, 205
205, 207, 494
209, 499, 210
212, 215, 213
215, 174, 176
216, 219, 217
167, 166, 219
220, 500, 221
223, 501, 224
226, 502, 227
231, 503, 504
504, 505, 506
506, 507, 229
505, 508, 506
230, 509, 231
231, 504, 506
506, 229, 231
232, 344, 233
235, 510, 236
238, 241, 239
241, 238, 242
244, 243, 242
248, 479, 246
198, 200, 479
482, 246, 479
511, 247, 246
479, 200, 482
249, 512, 250
513, 514, 515
515, 516, 513
514, 517, 515
518, 253, 252
254, 513, 516
252, 519, 520
254, 516, 252
252, 520, 518
255, 235, 256
258, 521, 259
261, 522, 262
264, 523, 265
267, 524, 268
269, 268, 3
272, 271, 525
526, 527, 528
528, 271, 270
281, 526, 528
529, 530, 525
281, 528, 270
525, 530, 272
275, 531, 532
532, 273, 275
533, 274, 273
534, 535, 278
276, 536, 277
278, 535, 276
281, 270, 279
537, 279, 270
538, 539, 282
282, 540, 283
284, 538, 282
290, 287, 541
285, 542, 286
541, 287, 286
254, 253, 288
543, 288, 253
290, 541, 291
293, 544, 294
296, 545, 297
299, 546, 300
308, 547, 309
311, 548, 312
314, 549, 315
550, 551, 319
552, 317, 319
319, 551, 552
320, 553, 321
323, 554, 324
326, 555, 327
556, 310, 309
556, 309, 330
547, 308, 329
556, 330, 329
331, 547, 329
332, 557, 333
335, 558, 336
338, 353, 339
341, 335, 337
343, 559, 344
334, 333, 345
349, 560, 561
562, 563, 560
563, 561, 560
564, 348, 565
349, 561, 566
347, 565, 348
349, 566, 347
567, 564, 565
568, 569, 570
571, 350, 352
568, 570, 572
573, 572, 571
574, 351, 575
572, 570, 571
575, 351, 350
352, 573, 571
353, 341, 342
346, 345, 354
576, 577, 358
358, 578, 356
356, 579, 357
357, 580, 576
576, 358, 357
361, 581, 582
582, 583, 359
359, 584, 360
360, 585, 361
361, 582, 359
362, 366, 363
365, 586, 363
367, 587, 368
370, 588, 371
372, 371, 373
369, 368, 375
377, 589, 378
379, 378, 380
