# Project Zomboid Skinned Mesh
# File Version:
1.0
# Model Name:
Cube
# Vertex Stride Element Count:
3
# Vertex Stride Size (in bytes):
76
# Vertex Stride Data:
# (Int)    Offset
# (String) Type
0
VertexArray
12
NormalArray
24
TextureCoordArray
# Vertex Count:
358
# Vertex Buffer:
-0.01379522, -0.01995454, -0.04635043
-0.72325814, 0.63679922, -0.26703694
0.95292306, 0.15341073
-0.01379522, -0.02329293, -0.04386773
-0.30149236, -0.90450758, -0.30149236
0.93781865, 0.16452515
-0.01379522, -0.01995454, -0.04386773
-0.30149236, 0.30149236, -0.90450758
0.95292306, 0.16452515
-0.01888902, 0.11107202, -0.01226347
-0.57734919, 0.57734919, 0.57734919
0.28598553, 0.39848453
0.00808353, -0.02329293, -0.01226345
0.57734919, -0.57734919, 0.57734919
0.40802222, 0.99999999
0.00808355, 0.11107202, -0.01226347
0.57734919, 0.57734919, 0.57734919
0.40802217, 0.39848447
-0.01888903, 0.00798646, -0.02340156
-0.80132449, 0.22287667, -0.55513167
0.1933869, 0.53851387
-0.01888902, 0.11107202, -0.01226347
-0.57734919, 0.57734919, 0.57734919
0.14299284, 1.0
-0.01888902, 0.11107202, -0.02340156
-0.57734919, 0.57734919, -0.57734919
0.19338685, 1.0
0.00664731, 0.11107202, -0.02340156
0.30149236, 0.90450758, -0.30149236
0.41452044, 0.39848453
0.00808353, 0.00798646, -0.02340156
0.80132449, 0.22287667, -0.55513167
0.40802222, 0.85997066
0.0066473, 0.00798646, -0.02340156
0.63203835, 0.28873563, -0.71910763
0.41452041, 0.85997066
0.00808353, -0.01338976, -0.04386773
0.63203835, 0.28873563, -0.71910763
0.40802225, 0.95566618
0.00664729, -0.01338976, -0.04386773
0.12735374, 0.18115787, -0.97515792
0.41452044, 0.95566618
0.00808353, -0.02329293, -0.01226345
0.57734919, -0.57734919, 0.57734919
0.14299275, 0.39848441
0.00808353, -0.01338976, -0.04386773
0.63203835, 0.28873563, -0.71910763
2e-08, 0.44281828
0.00808353, 0.00798646, -0.02340156
0.80132449, 0.22287667, -0.55513167
0.09259866, 0.53851378
-0.0174528, -0.01338976, -0.04386773
-0.12735374, 0.18115787, -0.97515792
0.5235607, 0.95566619
-0.01888903, 0.00798646, -0.02340156
-0.80132449, 0.22287667, -0.55513167
0.53005886, 0.85997066
-0.0174528, 0.00798646, -0.02340156
-0.63203835, 0.28873563, -0.71910763
0.52356064, 0.85997066
-0.01888902, 0.11107202, -0.02340156
-0.57734919, 0.57734919, -0.57734919
0.53005886, 0.39848459
-0.01745278, 0.11107202, -0.02340156
-0.30149236, 0.90450758, -0.30149236
0.5235607, 0.39848459
0.00056921, 0.10992905, -0.01989545
0.6477859, -0.40086061, 0.6477859
0.87143838, 0.08774763
-0.00534968, 0.10992905, -0.01744376
0.0, -0.40086061, 0.91613513
0.90042466, 0.08774734
-0.01372025, 0.10992905, -0.02581433
-0.91613513, -0.40086061, 0.0
0.92092109, 0.03878736
-0.00196602, 0.13203457, -0.02919799
0.54896694, 0.63023776, -0.54896694
0.95791078, 1.0
-0.00056446, 0.11531836, -0.02581433
0.95040745, 0.31095308, 0.0
0.97322017, 0.92516601
-0.00196602, 0.11531836, -0.02919799
0.67201757, 0.31095308, -0.67204809
0.95791084, 0.92516601
0.00056921, 0.10992905, -0.03173321
0.6477859, -0.40086061, -0.6477859
0.94644034, 0.90103956
0.00302089, 0.10992905, -0.02581433
0.91613513, -0.40086061, 0.0
0.97322017, 0.90103956
-0.00873334, 0.11531836, -0.02243068
-0.67204809, 0.31095308, 0.67201757
0.01791434, 0.32365054
-0.01372025, 0.10992905, -0.02581433
-0.91613513, -0.40086061, 0.0
0.03322358, 0.29952413
-0.01126858, 0.10992905, -0.01989543
-0.6477859, -0.40086061, 0.6477859
0.00644367, 0.29952413
-0.00534968, 0.11531836, -0.03059955
0.0, 0.31095308, -0.95040745
0.03322363, 0.12572974
0.00056921, 0.10992905, -0.03173321
0.6477859, -0.40086061, -0.6477859
0.06000349, 0.10160327
-0.00534968, 0.10992905, -0.03418492
0.0, -0.40083009, -0.91613513
0.03322362, 0.10160327
-0.00534968, 0.11531836, -0.02102911
0.0, 0.31095308, 0.95040745
0.03322352, 0.22469014
-0.01126858, 0.10992905, -0.01989543
-0.6477859, -0.40086061, 0.6477859
0.0600034, 0.20056373
-0.00534968, 0.10992905, -0.01744376
0.0, -0.40086061, 0.91613513
0.03322353, 0.20056373
0.00056921, 0.10992905, -0.01989545
0.6477859, -0.40086061, 0.6477859
0.00644367, 0.20056373
-0.01126858, 0.10992905, -0.03173323
-0.6477859, -0.40086061, -0.6477859
0.00644376, 0.10160327
0.00056921, 0.10992905, -0.01989545
0.6477859, -0.40086061, 0.6477859
1.0, 0.90103956
-0.00873334, 0.11531836, -0.02919799
-0.67204809, 0.31095308, -0.67204809
0.04853288, 0.32365054
-0.01126858, 0.10992905, -0.03173323
-0.6477859, -0.40086061, -0.6477859
0.06000349, 0.29952413
-0.00534968, 0.13203457, -0.02102911
0.0, 0.63023776, 0.77636033
0.77083278, 0.05357826
-0.00196602, 0.13203457, -0.02919799
0.54896694, 0.63023776, -0.54896694
0.79911757, 0.08156455
-0.00534968, 0.13203457, -0.03059957
0.0, 0.63023776, -0.77636033
0.81083357, 0.0699845
-0.00873334, 0.13203457, -0.02243068
-0.54896694, 0.63023776, 0.54896694
0.01791432, 0.39848453
-0.0101349, 0.11531836, -0.02581433
-0.95040745, 0.31095308, 0.0
0.03322358, 0.32365054
-0.00534968, 0.13203457, -0.03059957
0.0, 0.63023776, -0.77636033
0.03322363, 0.20056373
-0.00196602, 0.11531836, -0.02919799
0.67201757, 0.31095308, -0.67204809
0.04853291, 0.12572968
-0.00534968, 0.13203457, -0.02102911
0.0, 0.63023776, 0.77636033
0.0332235, 0.29952413
-0.00873334, 0.11531836, -0.02243068
-0.67204809, 0.31095308, 0.67201757
0.04853278, 0.22469014
-0.00196602, 0.13203457, -0.02243068
0.54896694, 0.63023776, 0.54896694
0.01791421, 0.29952413
-0.00196602, 0.11531836, -0.02243068
0.67201757, 0.31095308, 0.67204809
0.01791423, 0.22469014
-0.00873334, 0.11531836, -0.02919799
-0.67204809, 0.31095308, -0.67204809
0.01791436, 0.12572968
-0.00056446, 0.13203457, -0.02581433
0.77636033, 0.63023776, 0.0
0.97322011, 1.0
-0.00196602, 0.11531836, -0.02243068
0.67201757, 0.31095308, 0.67204809
0.98852938, 0.92516601
-0.0101349, 0.13203457, -0.02581433
-0.77636033, 0.63023776, 0.0
0.03322355, 0.39848453
-0.00552609, 0.05820287, -0.04323161
0.0, -0.77636033, 0.63023776
0.93664116, 0.08774781
0.00016156, 0.06389049, -0.04323161
0.77636033, 0.0, 0.63023776
0.92271411, 0.12101549
-0.00552609, 0.0695781, -0.04323161
0.0, 0.77636033, 0.63023776
0.95633668, 0.13479537
0.00016156, 0.06389049, -0.04750675
0.77636033, 0.0, -0.63023776
0.92092109, 0.07396764
-0.00552609, 0.05820287, -0.04750675
0.0, -0.77636033, -0.63023776
0.95454365, 0.08774751
-0.00552609, 0.0695781, -0.04750675
0.0, 0.77636033, -0.63023776
0.93484813, 0.04069996
0.00016156, 0.06389049, -0.04750675
0.77636033, 0.0, -0.63023776
0.96578312, 0.65170076
-0.00150431, 0.06791227, -0.04323161
0.54896694, 0.54896694, 0.63023776
0.94644034, 0.63369635
0.00016156, 0.06389049, -0.04323161
0.77636033, 0.0, 0.63023776
0.94644034, 0.65170076
-0.01121373, 0.06389049, -0.04750675
-0.77636033, 0.0, -0.63023776
0.84956461, 0.06356013
-0.00954786, 0.0598687, -0.04323161
-0.54896694, -0.54896694, 0.63023776
0.83022183, 0.04555571
-0.01121373, 0.06389049, -0.04323161
-0.77636033, 0.0, 0.63023776
0.83022183, 0.06356013
-0.00150431, 0.06791227, -0.04750675
0.54896694, 0.54896694, -0.63023776
0.57767332, 0.03305703
-0.00552609, 0.0695781, -0.04323161
0.0, 0.77636033, 0.63023776
0.59701604, 0.05133539
-0.00150431, 0.06791227, -0.04323161
0.54896694, 0.54896694, 0.63023776
0.59701604, 0.03305703
-0.00954786, 0.0598687, -0.04750675
-0.54896694, -0.54896694, -0.63023776
0.830176, 0.08156455
-0.00552609, 0.05820287, -0.04323161
0.0, -0.77636033, 0.63023776
0.81087947, 0.06356019
-0.00954786, 0.0598687, -0.04323161
-0.54896694, -0.54896694, 0.63023776
0.81083357, 0.08156455
-0.00552609, 0.05820287, -0.04750675
0.0, -0.77636033, -0.63023776
0.83022189, 0.06356019
-0.00150432, 0.0598687, -0.04323161
0.54896694, -0.54896694, 0.63023776
0.81083357, 0.04555583
-0.00552609, 0.0695781, -0.04750675
0.0, 0.77636033, -0.63023776
0.57767332, 0.05133545
-0.00954786, 0.06791227, -0.04323161
-0.54896694, 0.54896694, 0.63023776
0.5970161, 0.06903905
-0.00150432, 0.0598687, -0.04750675
0.54896694, -0.54896694, -0.63023776
0.96578312, 0.66970521
-0.00150432, 0.0598687, -0.04323161
0.54896694, -0.54896694, 0.63023776
0.94644034, 0.66970518
-0.00954786, 0.06791227, -0.04750675
-0.54896694, 0.54896694, -0.63023776
0.84956461, 0.08156455
-0.00954786, 0.06791227, -0.04323161
-0.54896694, 0.54896694, 0.63023776
0.83022183, 0.08156455
-0.01478351, 0.03505889, 0.07123036
0.0, 0.70708334, 0.70708334
0.76465619, 0.06903917
0.00408529, 0.03505889, -0.01226347
0.0, 0.89440596, -0.44718772
0.67934817, 0.44281828
-0.01478351, 0.03505889, -0.01226347
0.0, 0.89440596, -0.44718772
0.76465619, 0.44281828
-0.01328064, 0.03355602, 0.12808284
-0.57734919, 0.57734919, 0.57734919
0.99443293, 0.16700315
0.00258243, 0.03355601, 0.02550401
0.57734919, 0.57734919, -0.57734919
0.92271411, 0.62622073
-0.01328064, 0.03355602, 0.02550401
-0.57734919, 0.57734919, -0.57734919
0.99443287, 0.62622076
0.00408529, 0.00835998, 0.07123036
0.57716608, -0.57838678, 0.57646412
0.44468743, 0.39848453
-0.01478351, 0.0085138, 0.0248277
-0.67766351, -0.72814113, -0.10260323
0.53005886, 0.19076043
0.00408529, 0.0085138, 0.0248277
0.67766351, -0.72814113, -0.10260323
0.44468746, 0.19076043
0.00408529, 0.01395184, -0.01226347
0.57979065, -0.5777154, -0.57448041
0.57767326, 0.44265401
0.00408529, 0.01202504, 0.012464
0.73949403, -0.66670734, -0.09280679
0.56832683, 0.33200604
0.00408529, 0.01202504, 0.00010026
0.74925995, -0.65175331, 0.11740471
0.56864125, 0.38735431
-0.01328064, 0.03355602, 0.12808284
-0.57734919, 0.57734919, 0.57734919
0.37291542, 0.0141741
0.00258243, 0.01585027, 0.12808284
0.57734919, -0.57734919, 0.57734919
0.44468743, 0.09343797
0.00258243, 0.03355601, 0.12808284
0.57734919, 0.57734919, 0.57734919
0.44468743, 0.0141741
0.00258243, 0.01585027, 0.12808284
0.57734919, -0.57734919, 0.57734919
0.85094208, 0.62622076
-0.01328064, 0.01585027, 0.02550401
-0.57734919, -0.57734919, -0.57734919
0.92271411, 0.16701156
0.00258243, 0.01585027, 0.02550401
0.57734919, -0.57734919, -0.57734919
0.85094213, 0.16701156
0.00258243, 0.03355601, 0.12808284
0.57734919, 0.57734919, 0.57734919
0.85094202, 0.08156461
0.00258243, 0.01585027, 0.02550401
0.57734919, -0.57734919, -0.57734919
0.77083278, 0.54078233
0.00258243, 0.03355601, 0.02550401
0.57734919, 0.57734919, -0.57734919
0.85094202, 0.54078233
-0.01328064, 0.01585027, 0.12808284
-0.57734919, -0.57734919, 0.57734919
0.77083278, 1.0
-0.01328064, 0.03355602, 0.02550401
-0.57734919, 0.57734919, -0.57734919
0.85094208, 0.54078233
-0.01328064, 0.01585027, 0.02550401
-0.57734919, -0.57734919, -0.57734919
0.7708329, 0.5407823
-0.01478351, 0.00836017, 0.07123036
-0.57716608, -0.57838678, 0.57646412
0.20688599, 0.22950488
0.00408529, 0.00835998, 0.07123036
0.57716608, -0.57838678, 0.57646412
0.29225737, 0.22950572
0.00408529, 0.01442113, 0.07123036
0.30005798, -0.30112612, 0.90511793
0.29225737, 0.20237166
0.00258243, 0.01585027, 0.02550401
0.57734919, -0.57734919, -0.57734919
0.92271411, 0.08774763
-0.01328064, 0.03355602, 0.02550401
-0.57734919, 0.57734919, -0.57734919
0.85094208, 0.1670115
0.00258243, 0.03355601, 0.02550401
0.57734919, 0.57734919, -0.57734919
0.92271411, 0.1670115
0.00291299, 0.06218228, -0.01226347
0.57734919, -0.57734919, -0.57734919
0.9596107, 0.79314992
-0.0135471, 0.06509319, -0.01226347
-0.57734919, 0.57734919, -0.57734919
0.94644034, 0.71946254
0.00291299, 0.06509319, -0.01226347
0.57734919, 0.57734919, -0.57734919
0.94644034, 0.79314992
0.00291299, 0.06218228, -0.01226347
0.57734919, -0.57734919, -0.57734919
0.27512273, 0.01160544
-0.0135471, 0.06218228, 0.00971203
-0.90450758, -0.30149236, -0.30149236
0.34959599, 0.10998195
-0.0135471, 0.06218228, -0.01226347
-0.57734919, -0.57734919, -0.57734919
0.34959599, 0.01160544
-0.0135471, 0.06509319, 0.01230402
-0.57734919, 0.57734919, 0.57734919
0.20070477, 0.10998195
0.00291299, 0.06509319, -0.01226347
0.57734919, 0.57734919, -0.57734919
0.27512273, 0.0
-0.0135471, 0.06509319, -0.01226347
-0.57734919, 0.57734919, -0.57734919
0.20070478, 0.0
-0.01354711, 0.03519721, 0.01230402
-0.71501815, 0.0, 0.69905698
0.37021416, 0.22727424
0.00291299, 0.06509319, 0.01230402
0.57734919, 0.57734919, 0.57734919
0.44468743, 0.09343797
-0.0135471, 0.06509319, 0.01230402
-0.57734919, 0.57734919, 0.57734919
0.37021416, 0.09343797
-0.0135471, 0.06218228, 0.00971203
-0.90450758, -0.30149236, -0.30149236
0.16402306, 0.00875878
0.00291299, 0.03510424, 0.00971203
0.69887388, 0.0, -0.71520126
0.08954979, 0.12997979
-0.01354711, 0.03510424, 0.00971203
-0.69887388, 0.0, -0.71520126
0.16402306, 0.12997979
0.00291299, 0.06218228, 0.00971203
0.90450758, -0.30149236, -0.30149236
0.10127721, 0.27726352
0.00291299, 0.03519721, 0.01230402
0.71501815, 0.0, 0.69905698
0.08954979, 0.39806837
0.00291299, 0.03510424, 0.00971203
0.69887388, 0.0, -0.71520126
0.10127719, 0.39848453
-0.0135471, 0.06218228, 0.00971203
-0.90450758, -0.30149236, -0.30149236
0.18897736, 0.14301115
-0.01354711, 0.03519721, 0.01230402
-0.71501815, 0.0, 0.69905698
0.20070475, 0.263816
-0.0135471, 0.06509319, 0.01230402
-0.57734919, 0.57734919, 0.57734919
0.20070475, 0.12997979
-0.01023994, -0.02329293, -0.05050867
-0.32697532, -0.62392038, -0.70976895
0.93781865, 0.13479549
-0.01023994, -0.01995454, -0.05050867
-0.32697532, 0.62392038, -0.70976895
0.95292306, 0.13479549
0.00318731, -0.02329293, -0.04635043
0.72386855, -0.63759267, -0.26355785
0.92271417, 0.14590991
0.00318734, -0.01995454, -0.04386773
0.30149236, 0.30149236, -0.90450758
0.93781859, 0.13479549
0.00318731, -0.02329293, -0.04386773
0.30149236, -0.90450758, -0.30149236
0.92271417, 0.13479549
-0.00030379, -0.01995454, -0.05050867
0.33039337, 0.62321848, -0.70879239
0.1940698, 0.11436254
-0.01023994, -0.01995454, -0.05050867
-0.32697532, 0.62392038, -0.70976895
0.19406982, 0.0699141
0.00318734, -0.01995454, -0.04386773
0.30149236, 0.30149236, -0.90450758
0.16402312, 0.12997979
-0.00030379, -0.01995454, -0.05050867
0.33039337, 0.62321848, -0.70879239
0.93781859, 0.16452515
0.00318734, -0.01995454, -0.04635043
0.72386855, 0.63756216, -0.26355785
0.93781859, 0.14590985
-0.0003038, -0.02329293, -0.05050867
0.33039337, -0.62321848, -0.70879239
0.97803056, 0.71418667
-0.01023994, -0.01995454, -0.05050867
-0.32697532, 0.62392038, -0.70976895
0.96292615, 0.66970521
-0.00030379, -0.01995454, -0.05050867
0.33039337, 0.62321848, -0.70879239
0.96292615, 0.71418667
-0.01459328, 0.09995737, -0.05000952
0.57734919, -0.57734919, -0.57734919
0.96847063, 0.08774763
-0.01745278, 0.11107202, -0.05000952
-0.57734919, 0.57734919, -0.57734919
0.98140836, 0.03799039
-0.01459328, 0.11107202, -0.05000952
0.57734919, 0.57734919, -0.57734919
0.96847063, 0.03799033
0.00664731, 0.09995737, -0.05000952
0.57734919, -0.57734919, -0.57734919
0.97342783, 0.71946254
0.00359346, 0.11107202, -0.05000952
-0.57734919, 0.57734919, -0.57734919
0.9596107, 0.76921983
0.00664731, 0.11107202, -0.05000952
0.57734919, 0.57734919, -0.57734919
0.97342777, 0.76921983
-0.01459328, 0.11107202, -0.04636582
0.30149236, 0.90450758, -0.30149236
0.35372838, 0.06063712
-0.01459328, 0.09995737, -0.05000952
0.57734919, -0.57734919, -0.57734919
0.37021416, 0.11039442
-0.01459328, 0.11107202, -0.05000952
0.57734919, 0.57734919, -0.57734919
0.37021416, 0.06063712
0.00359345, 0.09995737, -0.04636582
-0.30149236, -0.90450758, -0.30149236
0.0064438, 0.02018625
-0.01459328, 0.11107202, -0.04636582
0.30149236, 0.90450758, -0.30149236
0.0567317, 0.10160333
0.00359346, 0.11107202, -0.04636582
-0.30149236, 0.90450758, -0.30149236
0.05673173, 0.02018625
0.00359345, 0.09995737, -0.04636582
-0.30149236, -0.90450758, -0.30149236
0.94644034, 0.66970521
0.00359346, 0.11107202, -0.05000952
-0.57734919, 0.57734919, -0.57734919
0.96292615, 0.71946254
0.00359345, 0.09995737, -0.05000952
-0.57734919, -0.57734919, -0.57734919
0.96292615, 0.66970524
-0.01023994, -0.02329293, -0.05050867
-0.32697532, -0.62392038, -0.70976895
0.40555483, 0.22727418
0.00318731, -0.02329293, -0.04386773
0.30149236, -0.90450758, -0.30149236
0.34480357, 0.25700331
-0.01379522, -0.02329293, -0.04386773
-0.30149236, -0.90450758, -0.30149236
0.42164057, 0.25700331
-0.01745278, 0.11107202, -0.02340156
-0.30149236, 0.90450758, -0.30149236
0.31615737, 0.27936798
0.00664731, 0.11107202, -0.02340156
0.30149236, 0.90450758, -0.30149236
0.20719814, 0.27936798
0.00359346, 0.11107202, -0.04636582
-0.30149236, 0.90450758, -0.30149236
0.22100498, 0.3821727
-0.01379522, -0.01995454, -0.04386773
-0.30149236, 0.30149236, -0.90450758
0.50701207, 0.98505493
0.00664731, 0.09995737, -0.04386773
0.90450758, -0.30149236, -0.30149236
0.9742282, 0.90103956
-0.01745279, 0.09995737, -0.04386773
-0.90450758, -0.30149236, -0.30149236
0.9742282, 0.79314993
0.00359345, 0.09995737, -0.04636582
-0.30149236, -0.90450758, -0.30149236
0.96292585, 0.88736825
-0.01745278, 0.11107202, -0.02340156
-0.30149236, 0.90450758, -0.30149236
0.77083284, 0.44281828
-0.01745279, 0.09995737, -0.04386773
-0.90450758, -0.30149236, -0.30149236
0.67823422, 0.49257559
-0.0174528, 0.00798646, -0.02340156
-0.63203835, 0.28873563, -0.71910763
0.77083284, 0.90430444
0.00408529, 0.00742141, -0.01226347
0.61162144, -0.74141669, 0.27603993
0.44468746, 0.02468663
-0.01478351, 0.01202505, 0.00010026
-0.74925995, -0.65175331, 0.11740471
0.53005886, 0.08016008
-0.01478351, 0.00742141, -0.01226347
-0.61162144, -0.74141669, 0.27603993
0.53005886, 0.02468663
0.00408529, 0.01202504, 0.012464
0.73949403, -0.66670734, -0.09280679
0.44468746, 0.13550818
0.00408529, 0.01202504, 0.00010026
0.74925995, -0.65175331, 0.11740471
0.44468746, 0.08016008
-0.01478351, 0.01202505, 0.012464
-0.73949403, -0.66670734, -0.09280679
0.53005886, 0.13550824
-0.01478351, 0.01202505, 0.012464
-0.73949403, -0.66670734, -0.09280679
0.08020337, 0.13534737
-0.01478351, 0.01442113, 0.07123036
-0.30005798, -0.30112612, 0.90511793
0.08954979, 0.39848453
-0.01478351, 0.01395185, -0.01226347
-0.57979065, -0.5777154, -0.57448041
0.08954979, 0.02469945
-0.01614968, 0.01442113, 0.07123036
-0.57762384, -0.57554859, 0.57881403
0.85306519, 0.99999997
-0.01614968, 0.03505889, -0.01226347
-0.57734919, 0.57734919, -0.57734919
0.94644034, 0.62622079
-0.01614968, 0.01395185, -0.01226347
-0.57704395, -0.57908869, -0.57585377
0.85094208, 0.62622073
-0.01478351, 0.01395185, -0.01226347
-0.57979065, -0.5777154, -0.57448041
0.00644367, 0.30399406
-0.01614968, 0.03505889, -0.01226347
-0.57734919, 0.57734919, -0.57734919
0.00026244, 0.39848453
-0.01478351, 0.03505889, -0.01226347
0.0, 0.89440596, -0.44718772
0.00644365, 0.39848453
-0.01614968, 0.03505889, 0.07123036
-0.57734919, 0.57734919, 0.57734919
0.77083278, 0.06903917
-0.01478351, 0.03505889, 0.07123036
0.0, 0.70708334, 0.70708334
0.20688598, 0.10998201
-0.01614968, 0.01442113, 0.07123036
-0.57762384, -0.57554859, 0.57881403
0.20070478, 0.20237166
-0.01478351, 0.01442113, 0.07123036
-0.30005798, -0.30112612, 0.90511793
0.20688599, 0.20237166
-0.01478351, 0.01442113, 0.07123036
-0.30005798, -0.30112612, 0.90511793
0.5419457, 0.44281828
-0.01614968, 0.01395185, -0.01226347
-0.57704395, -0.57908869, -0.57585377
0.54812694, 0.06903315
-0.01478351, 0.01395185, -0.01226347
-0.57979065, -0.5777154, -0.57448041
0.54194576, 0.06903315
0.00545145, 0.03505889, -0.01226347
0.57734919, 0.57734919, -0.57734919
0.57767332, 0.06903905
0.00545145, 0.01442113, 0.07123036
0.57762384, -0.57554859, 0.57881403
0.67104828, 0.44281828
0.00545145, 0.01395184, -0.01226347
0.57704395, -0.57908869, -0.57585377
0.67317164, 0.06903905
0.00408529, 0.03505889, -0.01226347
0.0, 0.89440596, -0.44718772
0.00026244, 0.303994
0.00545145, 0.01395184, -0.01226347
0.57704395, -0.57908869, -0.57585377
0.00644362, 0.20950347
0.00408529, 0.01395184, -0.01226347
0.57979065, -0.5777154, -0.57448041
0.00026246, 0.20950347
0.00408529, 0.01395184, -0.01226347
0.57979065, -0.5777154, -0.57448041
0.5419457, 0.06903315
0.00545145, 0.01442113, 0.07123036
0.57762384, -0.57554859, 0.57881403
0.53576452, 0.44281828
0.00408529, 0.01442113, 0.07123036
0.30005798, -0.30112612, 0.90511793
0.5419457, 0.44281828
0.00545145, 0.03505889, 0.07123036
0.57734919, 0.57734919, 0.57734919
0.29843852, 0.10998195
0.00408529, 0.03505889, 0.07123036
0.0, 0.70708334, 0.70708334
0.29225737, 0.10998195
0.00408529, 0.03505889, 0.07123036
0.0, 0.70708334, 0.70708334
0.67934823, 0.06903911
0.00545145, 0.03505889, -0.01226347
0.57734919, 0.57734919, -0.57734919
0.67317164, 0.44281828
0.0066473, 0.01342208, -0.02523816
0.90450758, 0.30149236, -0.30149236
0.53576452, 0.32593858
0.0060001, 0.03953036, -0.02523816
0.57734919, -0.57734919, -0.57734919
0.5328362, 0.44281828
0.0066473, 0.03953036, -0.02523816
0.90450758, -0.30149236, -0.30149236
0.53576446, 0.44281828
0.0066473, 0.03953036, -0.02523816
0.90450758, -0.30149236, -0.30149236
0.53836846, 0.76309092
0.0066473, 0.03953036, -0.04054082
0.90450758, -0.30149236, 0.30149236
0.60760498, 0.76309094
0.00664731, 0.09995737, -0.04386773
0.90450758, -0.30149236, -0.30149236
0.62265748, 0.49257553
0.0066473, 0.01342208, -0.04054082
0.90450758, 0.30149236, 0.30149236
0.60760498, 0.87997066
0.0066473, 0.00798646, -0.02340156
0.63203835, 0.28873563, -0.71910763
0.53005886, 0.90430444
0.00664729, -0.01338976, -0.04386773
0.12735374, 0.18115787, -0.97515792
0.62265748, 1.0
0.0060001, 0.03953036, -0.04054082
0.57734919, -0.57734919, 0.57734919
0.37021413, 0.11039448
0.00600009, 0.01342208, -0.02523816
0.57734919, 0.57734919, -0.57734919
0.30097765, 0.22727424
0.00600009, 0.01342208, -0.04054082
0.57734919, 0.57734919, 0.57734919
0.37021413, 0.22727418
0.0066473, 0.01342208, -0.04054082
0.90450758, 0.30149236, 0.30149236
0.00318858, 0.14099759
0.00600009, 0.01342208, -0.02523816
0.57734919, 0.57734919, -0.57734919
0.00026249, 0.20950347
0.0066473, 0.01342208, -0.02523816
0.90450758, 0.30149236, -0.30149236
0.00318857, 0.20950347
0.0066473, 0.03953036, -0.02523816
0.90450758, -0.30149236, -0.30149236
0.0035154, 0.20950347
0.0060001, 0.03953036, -0.04054082
0.57734919, -0.57734919, 0.57734919
0.00644367, 0.14099884
0.0066473, 0.03953036, -0.04054082
0.90450758, -0.30149236, 0.30149236
0.00351541, 0.14099884
0.0066473, 0.03953036, -0.04054082
0.90450758, -0.30149236, 0.30149236
0.53576446, 0.20905888
0.00600009, 0.01342208, -0.04054082
0.57734919, 0.57734919, 0.57734919
0.53283626, 0.32593858
0.0066473, 0.01342208, -0.04054082
0.90450758, 0.30149236, 0.30149236
0.53576452, 0.32593858
-0.01379522, -0.02329293, -0.04635043
-0.72325814, -0.63679922, -0.26703694
0.93781865, 0.15341073
-0.01888904, -0.02329293, -0.01226345
-0.57734919, -0.57734919, 0.57734919
0.28598559, 1.0
-0.01888903, -0.01338976, -0.04386773
-0.63203835, 0.28873563, -0.71910763
0.28598553, 0.44281828
-0.01888904, -0.02329293, -0.01226345
-0.57734919, -0.57734919, 0.57734919
0.14299279, 0.39848447
-0.01888904, -0.02329293, -0.04386773
-0.57734919, -0.57734919, -0.57734919
0.28598553, 0.39848453
0.00808355, 0.11107202, -0.02340156
0.57734919, 0.57734919, -0.57734919
0.40802222, 0.39848453
0.00808355, 0.11107202, -0.02340156
0.57734919, 0.57734919, -0.57734919
0.09259879, 1.0
0.00808355, 0.11107202, -0.01226347
0.57734919, 0.57734919, 0.57734919
0.14299281, 0.99999993
0.00808353, -0.02329293, -0.04386773
0.57734919, -0.57734919, -0.57734919
0.0, 0.39848447
-0.01888903, -0.01338976, -0.04386773
-0.63203835, 0.28873563, -0.71910763
0.53005886, 0.95566619
-0.01126858, 0.10992905, -0.03173323
-0.6477859, -0.40086061, -0.6477859
0.90042478, 0.01850772
-0.00534968, 0.10992905, -0.03418492
0.0, -0.40083009, -0.91613513
0.8714385, 0.01850802
0.00056921, 0.10992905, -0.03173321
0.6477859, -0.40086061, -0.6477859
0.85094213, 0.03878814
0.00302089, 0.10992905, -0.02581433
0.91613513, -0.40086061, 0.0
0.85094208, 0.06746811
-0.01126858, 0.10992905, -0.01989543
-0.6477859, -0.40086061, 0.6477859
0.92092109, 0.06746739
-0.00873334, 0.13203457, -0.02919801
-0.54896694, 0.63023776, -0.54896694
0.81083357, 0.05359912
-0.0101349, 0.13203457, -0.02581433
-0.77636033, 0.63023776, 0.0
0.79911757, 0.04200673
-0.00873334, 0.13203457, -0.02243068
-0.54896694, 0.63023776, 0.54896694
0.78254879, 0.04199815
-0.00196602, 0.13203457, -0.02243068
0.54896694, 0.63023776, 0.54896694
0.77083284, 0.06996363
-0.00056446, 0.13203457, -0.02581433
0.77636033, 0.63023776, 0.0
0.78254867, 0.08155596
-0.00196602, 0.13203457, -0.02919799
0.54896694, 0.63023776, -0.54896694
0.04853292, 0.20056367
-0.00873334, 0.13203457, -0.02243068
-0.54896694, 0.63023776, 0.54896694
0.04853277, 0.29952413
-0.00873334, 0.13203457, -0.02919801
-0.54896694, 0.63023776, -0.54896694
0.01791436, 0.20056367
-0.00196602, 0.13203457, -0.02243068
0.54896694, 0.63023776, 0.54896694
0.98852932, 1.0
-0.00873334, 0.13203457, -0.02919801
-0.54896694, 0.63023776, -0.54896694
0.04853294, 0.39848453
-0.00954786, 0.06791227, -0.04323161
-0.54896694, 0.54896694, 0.63023776
0.97026366, 0.12101555
-0.01121373, 0.06389049, -0.04323161
-0.77636033, 0.0, 0.63023776
0.97026366, 0.10152769
-0.00954786, 0.0598687, -0.04323161
-0.54896694, -0.54896694, 0.63023776
0.95633674, 0.08774769
-0.00150432, 0.0598687, -0.04323161
0.54896694, -0.54896694, 0.63023776
0.92271417, 0.10152757
-0.00150431, 0.06791227, -0.04323161
0.54896694, 0.54896694, 0.63023776
0.93664104, 0.13479549
-0.01121373, 0.06389049, -0.04750675
-0.77636033, 0.0, -0.63023776
0.96847063, 0.0544799
-0.00954786, 0.06791227, -0.04750675
-0.54896694, 0.54896694, -0.63023776
0.95454371, 0.04069984
-0.00150431, 0.06791227, -0.04750675
0.54896694, 0.54896694, -0.63023776
0.92092115, 0.05447978
-0.00150432, 0.0598687, -0.04750675
0.54896694, -0.54896694, -0.63023776
0.93484807, 0.08774763
-0.00954786, 0.0598687, -0.04750675
-0.54896694, -0.54896694, -0.63023776
0.96847063, 0.07396775
-0.00150431, 0.06791227, -0.04750675
0.54896694, 0.54896694, -0.63023776
0.96578312, 0.63369635
-0.00954786, 0.0598687, -0.04750675
-0.54896694, -0.54896694, -0.63023776
0.84956461, 0.04555571
-0.00150432, 0.0598687, -0.04750675
0.54896694, -0.54896694, -0.63023776
0.830176, 0.04555583
-0.00954786, 0.06791227, -0.04750675
-0.54896694, 0.54896694, -0.63023776
0.57767332, 0.06903905
0.00258243, 0.03355601, 0.12808284
0.57734919, 0.57734919, 0.57734919
0.92271417, 0.16700315
-0.01478351, 0.00836017, 0.07123036
-0.57716608, -0.57838678, 0.57646412
0.5300588, 0.39848453
0.00408529, 0.01442113, 0.07123036
0.30005798, -0.30112612, 0.90511793
0.57767326, 0.06886882
0.00408529, 0.00835998, 0.07123036
0.57716608, -0.57838678, 0.57646412
0.55025023, 0.06902134
0.00408529, 0.0085138, 0.0248277
0.67766351, -0.72814113, -0.10260323
0.55212611, 0.27674633
0.00408529, 0.00742141, -0.01226347
0.61162144, -0.74141669, 0.27603993
0.54812694, 0.44281828
-0.01328064, 0.01585027, 0.12808284
-0.57734919, -0.57734919, 0.57734919
0.37291539, 0.09343797
-0.01328064, 0.01585027, 0.12808284
-0.57734919, -0.57734919, 0.57734919
0.92271411, 0.62622076
0.00258243, 0.01585027, 0.12808284
0.57734919, -0.57734919, 0.57734919
0.77083284, 0.08156466
-0.01328064, 0.03355602, 0.12808284
-0.57734919, 0.57734919, 0.57734919
0.85094202, 0.99999993
-0.01328064, 0.01585027, 0.02550401
-0.57734919, -0.57734919, -0.57734919
0.85094208, 0.08774763
-0.0135471, 0.06218228, -0.01226347
-0.57734919, -0.57734919, -0.57734919
0.9596107, 0.71946254
0.00291299, 0.06218228, 0.00971203
0.90450758, -0.30149236, -0.30149236
0.27512273, 0.10998195
0.00291299, 0.06509319, 0.01230402
0.57734919, 0.57734919, 0.57734919
0.2751227, 0.10998195
0.00291299, 0.03519721, 0.01230402
0.71501815, 0.0, 0.69905698
0.44468743, 0.22727424
0.00291299, 0.06218228, 0.00971203
0.90450758, -0.30149236, -0.30149236
0.0895498, 0.00875878
0.00291299, 0.06218228, -0.01226347
0.57734919, -0.57734919, -0.57734919
0.20070478, 0.27726352
0.00291299, 0.06509319, -0.01226347
0.57734919, 0.57734919, -0.57734919
0.20070478, 0.26423216
0.00291299, 0.06509319, 0.01230402
0.57734919, 0.57734919, 0.57734919
0.08954982, 0.26423216
-0.0135471, 0.06509319, -0.01226347
-0.57734919, 0.57734919, -0.57734919
0.0895498, 0.12997979
-0.0135471, 0.06218228, -0.01226347
-0.57734919, -0.57734919, -0.57734919
0.08954979, 0.14301115
-0.01354711, 0.03510424, 0.00971203
-0.69887388, 0.0, -0.71520126
0.18897736, 0.26423216
-0.01379522, -0.01995454, -0.04386773
-0.30149236, 0.30149236, -0.90450758
0.16402306, 0.05400991
0.00318734, -0.01995454, -0.04635043
0.72386855, 0.63756216, -0.26355785
0.17525601, 0.12997979
-0.01379522, -0.01995454, -0.04635043
-0.72325814, 0.63679922, -0.26703694
0.17525598, 0.05400991
-0.0003038, -0.02329293, -0.05050867
0.33039337, -0.62321848, -0.70879239
0.92271411, 0.16452515
-0.01023994, -0.02329293, -0.05050867
-0.32697532, -0.62392038, -0.70976895
0.97803062, 0.66970521
-0.01745279, 0.09995737, -0.05000952
-0.57734919, -0.57734919, -0.57734919
0.98140836, 0.08774763
0.00359345, 0.09995737, -0.05000952
-0.57734919, -0.57734919, -0.57734919
0.9596107, 0.71946254
-0.01459328, 0.09995737, -0.04636582
0.30149236, -0.90450758, -0.30149236
0.35372838, 0.11039442
-0.01459328, 0.09995737, -0.04636582
0.30149236, -0.90450758, -0.30149236
0.00644376, 0.10160333
0.00359346, 0.11107202, -0.04636582
-0.30149236, 0.90450758, -0.30149236
0.94644034, 0.71946251
-0.01888904, -0.02329293, -0.01226345
-0.57734919, -0.57734919, 0.57734919
0.4446874, 0.39848453
-0.01888904, -0.02329293, -0.04386773
-0.57734919, -0.57734919, -0.57734919
0.44468743, 0.25700331
-0.01379522, -0.02329293, -0.04635043
-0.72325814, -0.63679922, -0.26703694
0.42164057, 0.24588919
-0.0003038, -0.02329293, -0.05050867
0.33039337, -0.62321848, -0.70879239
0.36059898, 0.22727418
0.00808353, -0.02329293, -0.04386773
0.57734919, -0.57734919, -0.57734919
0.32265079, 0.25700331
0.00808353, -0.02329293, -0.01226345
0.57734919, -0.57734919, 0.57734919
0.32265076, 0.39848453
0.00318731, -0.02329293, -0.04635043
0.72386855, -0.63759267, -0.26355785
0.34480357, 0.24588913
-0.01459328, 0.11107202, -0.05000952
0.57734919, 0.57734919, -0.57734919
0.30322924, 0.39848453
-0.01745278, 0.11107202, -0.05000952
-0.57734919, 0.57734919, -0.57734919
0.31615737, 0.39848453
-0.01459328, 0.11107202, -0.04636582
0.30149236, 0.90450758, -0.30149236
0.30322924, 0.3821727
-0.01888902, 0.11107202, -0.02340156
-0.57734919, 0.57734919, -0.57734919
0.32265076, 0.27936798
-0.01888902, 0.11107202, -0.01226347
-0.57734919, 0.57734919, 0.57734919
0.32265076, 0.22950572
0.00808355, 0.11107202, -0.01226347
0.57734919, 0.57734919, 0.57734919
0.20070477, 0.22950572
0.00664731, 0.11107202, -0.05000952
0.57734919, 0.57734919, -0.57734919
0.20719814, 0.39848453
0.00808355, 0.11107202, -0.02340156
0.57734919, 0.57734919, -0.57734919
0.20070477, 0.27936798
0.00359346, 0.11107202, -0.05000952
-0.57734919, 0.57734919, -0.57734919
0.22100498, 0.39848453
-0.01745279, 0.09995737, -0.04386773
-0.90450758, -0.30149236, -0.30149236
0.5235607, 0.44824177
0.00664731, 0.09995737, -0.04386773
0.90450758, -0.30149236, -0.30149236
0.41452044, 0.44824177
0.00318734, -0.01995454, -0.04386773
0.30149236, 0.30149236, -0.90450758
0.43017492, 0.98505493
-0.01888904, -0.02329293, -0.04386773
-0.57734919, -0.57734919, -0.57734919
0.53005886, 1.0
-0.01379522, -0.02329293, -0.04386773
-0.30149236, -0.90450758, -0.30149236
0.50701207, 1.0
0.00808353, -0.02329293, -0.04386773
0.57734919, -0.57734919, -0.57734919
0.40802222, 0.99999999
0.00318731, -0.02329293, -0.04386773
0.30149236, -0.90450758, -0.30149236
0.43017504, 1.0
-0.01745279, 0.09995737, -0.05000952
-0.57734919, -0.57734919, -0.57734919
0.94644034, 0.79314993
-0.01459328, 0.09995737, -0.04636582
0.30149236, -0.90450758, -0.30149236
0.96292585, 0.80595116
-0.01459328, 0.09995737, -0.05000952
0.57734919, -0.57734919, -0.57734919
0.94644034, 0.80595115
0.00359345, 0.09995737, -0.05000952
-0.57734919, -0.57734919, -0.57734919
0.94644034, 0.88736825
0.00664731, 0.09995737, -0.05000952
0.57734919, -0.57734919, -0.57734919
0.94644034, 0.90103956
-0.01745278, 0.11107202, -0.05000952
-0.57734919, 0.57734919, -0.57734919
0.65044588, 0.44281828
-0.0174528, -0.01338976, -0.04386773
-0.12735374, 0.18115787, -0.97515792
0.67823422, 1.0
-0.01745279, 0.09995737, -0.05000952
-0.57734919, -0.57734919, -0.57734919
0.65044588, 0.49257559
-0.01478351, 0.00742141, -0.01226347
-0.61162144, -0.74141669, 0.27603993
0.06000349, 0.02453512
-0.01478351, 0.01202505, 0.00010026
-0.74925995, -0.65175331, 0.11740471
0.08051778, 0.07999909
-0.01478351, 0.0085138, 0.0248277
-0.67766351, -0.72814113, -0.10260323
0.06400268, 0.19060707
-0.01478351, 0.00836017, 0.07123036
-0.57716608, -0.57838678, 0.57646412
0.06212759, 0.39833206
-0.01614968, 0.03505889, 0.07123036
-0.57734919, 0.57734919, 0.57734919
0.94644016, 1.0
-0.01614968, 0.01395185, -0.01226347
-0.57704395, -0.57908869, -0.57585377
0.00026247, 0.30399406
-0.01614968, 0.03505889, -0.01226347
-0.57734919, 0.57734919, -0.57734919
0.77083278, 0.44281828
-0.01614968, 0.03505889, 0.07123036
-0.57734919, 0.57734919, 0.57734919
0.20070477, 0.10998201
-0.01614968, 0.01442113, 0.07123036
-0.57762384, -0.57554859, 0.57881403
0.54812688, 0.44281828
0.00545145, 0.03505889, 0.07123036
0.57734919, 0.57734919, 0.57734919
0.57767332, 0.44281828
0.00545145, 0.03505889, -0.01226347
0.57734919, 0.57734919, -0.57734919
0.0064436, 0.303994
0.00545145, 0.01395184, -0.01226347
0.57704395, -0.57908869, -0.57585377
0.53576452, 0.06903315
0.00545145, 0.01442113, 0.07123036
0.57762384, -0.57554859, 0.57881403
0.29843852, 0.20237166
0.00545145, 0.03505889, 0.07123036
0.57734919, 0.57734919, 0.57734919
0.67317164, 0.06903917
0.00600009, 0.01342208, -0.02523816
0.57734919, 0.57734919, -0.57734919
0.53283626, 0.32593858
0.00664731, 0.11107202, -0.02340156
0.30149236, 0.90450758, -0.30149236
0.53005886, 0.44281822
0.0066473, 0.01342208, -0.02523816
0.90450758, 0.30149236, -0.30149236
0.53836846, 0.87997066
0.00664731, 0.09995737, -0.05000952
0.57734919, -0.57734919, -0.57734919
0.65044588, 0.49257559
0.00664731, 0.11107202, -0.05000952
0.57734919, 0.57734919, -0.57734919
0.65044588, 0.44281828
0.0060001, 0.03953036, -0.02523816
0.57734919, -0.57734919, -0.57734919
0.30097762, 0.11039448
0.00600009, 0.01342208, -0.04054082
0.57734919, 0.57734919, 0.57734919
0.0002625, 0.14099759
0.0060001, 0.03953036, -0.02523816
0.57734919, -0.57734919, -0.57734919
0.00644366, 0.20950347
0.0060001, 0.03953036, -0.04054082
0.57734919, -0.57734919, 0.57734919
0.5328362, 0.20905888
# Number of Faces:
246
# Face Data:
0, 1, 2
3, 4, 5
6, 7, 8
9, 10, 11
11, 12, 13
14, 15, 16
17, 18, 19
19, 20, 21
22, 23, 24
25, 26, 27
28, 26, 29
30, 31, 32
33, 34, 35
36, 37, 38
39, 36, 38
40, 33, 35
26, 41, 29
31, 42, 43
44, 45, 46
47, 48, 30
49, 50, 33
51, 52, 36
53, 36, 54
55, 49, 33
56, 57, 26
58, 42, 48
59, 60, 61
62, 63, 64
65, 66, 67
68, 69, 70
71, 72, 73
74, 75, 76
77, 78, 75
79, 80, 72
81, 67, 82
83, 70, 84
85, 86, 87
88, 89, 90
91, 92, 93
94, 95, 96
97, 98, 99
100, 101, 102
103, 104, 105
106, 107, 108
109, 110, 111
112, 113, 114
115, 116, 117
118, 119, 120
121, 122, 123
124, 125, 126
127, 128, 129
130, 131, 132
133, 134, 135
136, 0, 137
138, 139, 140
141, 142, 143
138, 144, 145
146, 147, 148
149, 150, 151
152, 153, 154
155, 156, 157
158, 159, 160
161, 162, 163
164, 165, 166
167, 168, 169
17, 13, 170
171, 172, 173
174, 175, 176
177, 178, 179
180, 178, 181
93, 182, 180
183, 184, 185
186, 187, 188
189, 190, 191
87, 192, 85
193, 194, 195
196, 197, 198
199, 200, 201
202, 203, 204
205, 206, 207
111, 208, 209
210, 211, 86
212, 213, 214
215, 216, 217
218, 219, 220
221, 222, 223
224, 225, 226
227, 228, 229
230, 231, 232
0, 233, 1
3, 234, 4
6, 235, 236
236, 7, 6
235, 237, 236
9, 238, 10
11, 10, 12
239, 240, 16
14, 241, 15
16, 240, 14
17, 242, 18
19, 18, 20
24, 243, 244
244, 245, 24
246, 22, 24
23, 247, 24
24, 245, 246
25, 56, 26
28, 27, 26
30, 48, 31
33, 50, 34
36, 52, 37
39, 54, 36
40, 55, 33
26, 57, 41
31, 48, 42
46, 248, 249
249, 250, 44
44, 251, 252
252, 45, 44
46, 249, 44
47, 58, 48
49, 253, 50
51, 254, 52
53, 51, 36
55, 255, 49
56, 256, 57
58, 257, 42
61, 258, 259
259, 260, 59
59, 261, 60
60, 262, 61
61, 259, 59
263, 264, 64
64, 265, 62
62, 266, 63
63, 267, 263
263, 64, 63
65, 268, 66
68, 269, 69
71, 79, 72
74, 77, 75
77, 270, 78
79, 271, 80
81, 65, 67
83, 68, 70
85, 210, 86
88, 272, 89
91, 273, 92
94, 274, 95
275, 276, 274
96, 277, 94
274, 276, 95
97, 278, 98
100, 279, 101
103, 280, 104
106, 281, 107
111, 209, 193
195, 109, 111
111, 193, 195
112, 282, 113
115, 283, 116
118, 284, 119
121, 285, 122
124, 286, 125
127, 287, 128
130, 288, 289
290, 131, 130
130, 289, 290
291, 292, 133
133, 293, 134
135, 291, 133
136, 233, 0
138, 145, 139
294, 143, 142
295, 141, 143
142, 296, 294
138, 297, 144
146, 298, 147
149, 299, 150
152, 300, 153
155, 301, 156
158, 302, 159
161, 303, 162
304, 305, 166
166, 306, 164
164, 307, 165
165, 308, 309
307, 310, 165
304, 166, 309
165, 309, 166
311, 312, 313
167, 314, 315
315, 316, 168
168, 317, 169
316, 318, 168
313, 312, 167
167, 315, 168
317, 319, 169
169, 313, 167
17, 320, 321
13, 12, 322
17, 321, 13
323, 242, 170
170, 324, 323
325, 326, 322
170, 242, 17
12, 325, 322
322, 170, 13
172, 327, 328
327, 329, 328
330, 331, 173
172, 328, 173
173, 331, 171
174, 332, 175
175, 333, 176
332, 334, 175
177, 181, 178
180, 182, 178
93, 92, 182
185, 335, 336
183, 337, 184
185, 336, 183
338, 184, 337
186, 339, 187
189, 340, 190
87, 341, 192
193, 342, 194
196, 343, 197
199, 344, 200
202, 345, 203
205, 346, 206
111, 347, 208
210, 348, 211
212, 349, 213
350, 219, 215
219, 351, 215
352, 353, 217
218, 220, 216
217, 353, 350
350, 215, 217
216, 220, 217
218, 351, 219
221, 354, 222
224, 355, 225
227, 356, 228
230, 357, 231
