# Project Zomboid Skinned Mesh
# File Version:
1.0
# Model Name:
Cube.005
# Vertex Stride Element Count:
3
# Vertex Stride Size (in bytes):
76
# Vertex Stride Data:
# (Int)    Offset
# (String) Type
0
VertexArray
12
NormalArray
24
TextureCoordArray
# Vertex Count:
389
# Vertex Buffer:
-0.01190735, 0.02040832, -0.02838157
-0.9376812, 0.23972289, -0.25144199
0.09337655, 0.66337001
-0.01201687, 0.05521309, -0.02469042
-0.60014647, 0.62746054, -0.49604785
0.00749306, 0.67023069
-0.00459689, 0.05523323, -0.02466012
0.00042726, 0.77773368, -0.62855923
0.00016012, 0.65900013
-0.00903188, 0.00380789, -0.02675238
-0.9778741, -0.10983612, 0.17801447
0.1123642, 0.65318674
-0.00615172, 0.00377024, -0.02059409
-0.80251473, -0.08069094, 0.59114355
0.11234948, 0.6355316
-0.01119068, 0.01934694, -0.01835087
-0.77962583, -0.15939817, 0.60557878
0.09215864, 0.63981318
-0.00353797, 0.00350558, -0.01802113
-0.3872799, 0.04116947, 0.92101812
0.11179454, 0.63632828
-0.00592855, -0.11762062, 0.00540702
-0.87759024, 0.03234962, 0.47828609
0.39079922, 0.5904046
0.00755399, 0.00385288, -0.02668465
0.97695851, -0.10452589, 0.1859798
0.10663027, 0.62101436
0.01035258, 0.02046873, -0.02829067
0.93841362, 0.24478896, -0.24378185
0.09214312, 0.64390859
0.00955974, 0.01940323, -0.01826612
0.77550584, -0.15515611, 0.61192662
0.09254361, 0.65996262
-0.00453289, 0.0191571, -0.01636482
-0.16629536, -0.13476974, 0.97680593
0.09260549, 0.64550638
-0.00343385, 0.00445733, -0.0441472
-0.3243202, -0.18048647, -0.92852563
0.10747081, 0.70655948
-0.00648947, 0.00418907, -0.04170812
-0.81289101, -0.14322336, -0.56447035
0.10912582, 0.70124438
-0.00849419, 0.02270018, -0.0498894
-0.65178382, 0.53010648, -0.54228342
0.09189573, 0.6797004
0.00484707, -0.11759142, 0.00545102
0.87347025, 0.03707999, 0.48542741
0.39380968, 0.67822412
0.00489139, -0.1320931, 0.00422627
0.65437788, -0.71828365, 0.23624378
0.41004354, 0.63684264
0.00786122, -0.12783879, -0.01442544
0.72795802, -0.68013549, -0.08630635
0.38365027, 0.63065279
0.00462387, 0.00379948, -0.0205501
0.79805905, -0.07635731, 0.59767449
0.10969151, 0.63920718
0.00782678, -0.11689664, -0.01326495
0.99600208, 0.00766015, 0.0888699
0.38014811, 0.64259073
0.00513181, 0.00422055, -0.04166066
0.81826228, -0.13879818, -0.55781734
0.10575113, 0.72052374
0.00550392, -0.11524636, -0.05340397
0.87548447, 0.02996918, -0.48228401
0.3702527, 0.68925351
0.0024669, -0.11499459, -0.0558679
0.33539841, 0.0684225, -0.93957335
0.37049875, 0.70205453
-0.00611736, -0.11527789, -0.05345143
-0.87166965, 0.02523881, -0.48939481
0.36784759, 0.72848812
-0.00867469, -0.11598317, -0.03462287
-0.99609363, -0.03167821, -0.0822779
0.36803553, 0.67886722
0.00233262, -0.12785384, -0.01444802
0.00128178, -0.97741628, -0.21127965
0.38288939, 0.6347197
0.00553111, -0.1246343, -0.05382652
0.67122412, -0.6299631, -0.39057589
0.37096196, 0.68763083
0.00249409, -0.12438256, -0.05629047
0.25443283, -0.60435802, -0.75496691
0.37024662, 0.69799235
-0.00773938, -0.12527549, -0.03560481
-0.66988128, -0.73589283, -0.09836116
0.37653542, 0.67861044
-0.00331478, -0.11788536, 0.00798006
-0.36780909, 0.05420087, 0.928312
0.39502788, 0.61884677
-0.00588419, -0.13212225, 0.00418225
-0.65239418, -0.72182381, 0.23090304
0.4053008, 0.63094977
0.00703434, -0.12523532, -0.03554448
0.67464215, -0.7322306, -0.09286782
0.38612485, 0.67122459
0.00241157, -0.12518787, -0.03555699
-0.00469985, -0.99926758, -0.03729362
0.38286576, 0.67323774
-0.00875905, -0.1169417, -0.01333267
-0.99670398, 0.00225837, 0.08072146
0.37551165, 0.62591359
-0.00899716, 0.00412496, -0.03546109
-0.97762996, -0.10791345, -0.1803949
0.11043466, 0.68200427
0.0075887, 0.00416996, -0.03539334
0.97964418, -0.10260323, -0.17239906
0.10206345, 0.75016433
0.00791115, -0.11593819, -0.03455514
0.99688709, -0.02627644, -0.07412946
0.37763101, 0.75016445
0.00791115, -0.11593819, -0.03455514
0.99688709, -0.02627644, -0.07412946
0.38097736, 0.57861441
0.00710278, 0.0227425, -0.04982571
0.6533097, 0.53364664, -0.53697318
0.09219695, 0.66299239
0.01039808, 0.02174007, -0.04027715
0.79757071, 0.59483629, -0.10007019
0.08596206, 0.66196856
0.0075887, 0.00416996, -0.03539334
0.97964418, -0.10260323, -0.17239906
0.09950794, 0.59049067
-0.01186185, 0.02167966, -0.04036807
-0.79992068, 0.59050262, -0.10660116
0.09406377, 0.67621547
-0.00444189, 0.02169979, -0.04033775
-0.00311289, 0.9944151, 0.10544145
0.09148781, 0.67057952
0.00297811, 0.02171995, -0.04030747
-0.00311289, 0.9944151, 0.10544145
0.088965, 0.66507244
0.00293261, 0.02044856, -0.02832097
0.00042726, 0.77773368, -0.62855923
0.09190482, 0.65129769
-0.00448739, 0.02042844, -0.02835127
0.00045778, 0.77773368, -0.62855923
0.09233016, 0.65767035
0.00302362, 0.02299129, -0.05229393
0.22986542, 0.5370037, -0.81160927
0.09184876, 0.66906211
-0.00439639, 0.02297116, -0.05232424
-0.22614215, 0.53578293, -0.81350136
0.09189294, 0.67377889
-0.00311704, -0.12520289, -0.0355796
0.01043733, -0.99923706, -0.03720206
0.37957808, 0.67611402
-0.00315882, -0.1256105, -0.02508058
0.00402844, -0.99240088, -0.12286752
0.37824047, 0.64874971
0.00236983, -0.12559557, -0.02505801
0.00231941, -0.99240088, -0.12286752
0.37895155, 0.64300263
0.00221383, -0.11787025, 0.00800264
0.3599048, 0.05615406, 0.93127233
0.39610314, 0.64898986
0.00225819, -0.13237196, 0.0067778
0.28803369, -0.7259438, 0.62450027
0.41971147, 0.63566309
-0.00327044, -0.13238695, 0.00675523
-0.28919339, -0.7275002, 0.62211984
0.41306654, 0.63244188
-0.00306175, -0.11500967, -0.05589047
-0.32807398, 0.06662191, -0.94225895
0.36974648, 0.71583453
-0.00303452, -0.12439761, -0.05631305
-0.24497208, -0.60570085, -0.75701165
0.37049222, 0.70570627
-0.00319604, -0.12786877, -0.0144706
0.00570696, -0.97738576, -0.21127965
0.38232711, 0.63826171
0.00209478, 0.00447234, -0.04412462
0.33286539, -0.17871639, -0.92587054
0.10645325, 0.71186015
0.0028871, 0.01917724, -0.01633452
0.15903196, -0.1338847, 0.97814876
0.0927856, 0.65294588
0.00199067, 0.00352057, -0.01799855
0.37952819, 0.04324473, 0.92416149
0.11089463, 0.63844019
0.0028231, 0.05525336, -0.02462981
0.00042726, 0.77773368, -0.62855923
0.00683934, 0.64849404
-0.00464239, 0.05396187, -0.01267364
-0.11032441, 0.59529406, 0.79589218
0.01532661, 0.65227196
0.00789845, -0.12558061, -0.0250354
0.73067415, -0.67613757, -0.09445479
0.37923267, 0.63586676
-0.00609017, -0.12466589, -0.05387397
-0.66457105, -0.63359475, -0.39603871
0.37197217, 0.71148738
-0.00868742, -0.12562555, -0.02510319
-0.72618794, -0.68007445, -0.10040589
0.37722111, 0.65337339
-0.00872464, -0.12788388, -0.01449317
-0.72350228, -0.68410289, -0.09222694
0.3819463, 0.64168525
-0.01130019, 0.05415158, -0.0146597
-0.62697226, 0.54072696, 0.56080812
0.01389461, 0.64642689
0.00277759, 0.05398202, -0.01264334
0.10058901, 0.59584337, 0.79674673
0.01624296, 0.65788352
0.00945023, 0.05420787, -0.01457496
0.61940366, 0.54408401, 0.56587422
0.01668205, 0.66289169
0.01024307, 0.05527351, -0.02459951
0.60075688, 0.63069552, -0.49116489
0.01262771, 0.63930207
-0.00559871, 0.11548083, 0.03164336
-0.63869137, 0.20603046, 0.74135566
0.12990786, 0.45614111
2.401e-05, 0.11549608, 0.03166633
0.63148898, 0.20947905, 0.74654377
0.1299101, 0.46219742
2.559e-05, 0.12071061, 0.0278155
0.65166175, 0.5874508, 0.47978148
0.11908293, 0.46149981
-0.00558252, 0.11361403, 0.0289194
-0.78707236, -0.13309123, -0.60231328
0.13824637, 0.45573878
-0.00553007, 0.09730915, 0.02690723
-0.74666584, 0.19315165, -0.63649404
0.26642948, 0.45802981
-0.00553791, 0.09578706, 0.02983779
-0.66820276, -0.21301919, 0.71282083
0.27129114, 0.4552021
8.482e-05, 0.09580231, 0.02986076
0.66350293, -0.20941801, 0.71825314
0.27130604, 0.46219742
-0.00550624, 0.08926175, 0.02641847
-0.68913847, -0.39429915, 0.60789818
0.29010698, 0.45690358
4.02e-05, 0.11362927, 0.02894236
0.79265726, -0.12878811, -0.59584337
0.1382491, 0.46254259
-0.00559713, 0.12069535, 0.02779253
-0.65874201, 0.58388013, 0.47444075
0.11908615, 0.45693088
-0.00555464, 0.12762493, 0.01278397
-0.67683953, 0.70836514, 0.20014039
0.0226421, 0.45687896
-0.00554408, 0.12434799, 0.01237541
-0.74208808, -0.64290291, -0.18961149
0.02624182, 0.4600057
-0.00558331, 0.11770398, 0.02639377
-0.77382731, -0.47129735, -0.42310861
0.12167596, 0.46056372
3.942e-05, 0.11771923, 0.02641674
0.77980894, -0.46708578, -0.41676077
0.12167087, 0.45782518
6.81e-05, 0.12764019, 0.01280694
0.67131567, 0.71202737, 0.20563371
0.02219537, 0.46193665
9.217e-05, 0.12844151, 0.00638052
0.57762384, 0.64589375, -0.4990997
0.00016012, 0.45960784
-0.00553057, 0.12842622, 0.00635756
-0.57704395, 0.64275032, -0.50383008
0.00632128, 0.45732945
7.866e-05, 0.12436326, 0.01239837
0.74709308, -0.63884395, -0.18353832
0.02601178, 0.45883125
0.00010273, 0.12516451, 0.00597197
0.58131659, -0.49989319, -0.64195687
0.00762357, 0.45926088
-0.00552001, 0.12514925, 0.00594901
-0.57332075, -0.50303662, -0.64668721
0.00927659, 0.4594931
0.00011649, 0.08927699, 0.02644144
0.68630022, -0.39057589, 0.61351359
0.29033002, 0.46041673
-0.00545973, 0.08135378, 0.02028538
-0.57554859, -0.81160927, 0.10000916
0.32827562, 0.45463735
0.00012165, 0.09130081, 0.02383202
0.72978914, 0.37012848, -0.57475507
0.2889038, 0.45728326
9.266e-05, 0.09732439, 0.02693019
0.75078583, 0.19721061, -0.63035983
0.26643899, 0.45937711
-0.00550107, 0.09128556, 0.02380905
-0.72707295, 0.3661916, -0.58070618
0.28878862, 0.45984823
-0.00545456, 0.08337761, 0.0176759
-0.57374799, -0.10394605, -0.81237221
0.32564035, 0.45852029
0.00016816, 0.08339287, 0.01769886
0.5809198, -0.10080264, -0.80767238
0.32743859, 0.45817089
0.00016299, 0.08136904, 0.02030834
0.57911921, -0.80846584, 0.10473952
0.33443779, 0.4584744
-0.00307896, 0.07544337, 0.03287655
-0.0044557, 0.84926909, 0.52790916
0.47562173, 0.6142047
-0.00522449, 0.07543758, 0.03286779
-0.6443373, 0.64857936, 0.4051027
0.47478685, 0.61449826
-0.00526321, 0.06310192, 0.05054458
-0.69042021, 0.66209906, 0.29132968
0.47585359, 0.65817025
-0.00663931, 0.05875361, 0.02122195
-0.99618518, -0.06308176, -0.06015198
0.45062563, 0.63310471
-0.0050853, 0.05041768, 0.01540825
-0.61314738, -0.5544908, -0.56263924
0.43444344, 0.65915525
-0.0051401, 0.03295785, 0.04042812
-0.52775657, -0.83986938, 0.12668233
0.46889812, 0.72878689
0.00071334, 0.05043339, 0.01543193
0.00479141, -0.7008881, -0.71321756
0.42969102, 0.66698849
0.00285885, 0.05043922, 0.0154407
0.62071598, -0.55113375, -0.55760366
0.4279618, 0.67012241
0.00280404, 0.03297942, 0.04046058
0.53126621, -0.83697015, 0.13101596
0.4705492, 0.75016445
0.00420205, 0.05171887, 0.05485159
0.67439801, -0.28403577, 0.68150884
0.47860622, 0.67858821
0.00268094, 0.06312343, 0.05057703
0.68443859, 0.66582233, 0.2969451
0.47816393, 0.65812781
0.00265768, 0.0616829, 0.05722769
0.52500993, 0.46964934, 0.70973843
0.47766331, 0.66687623
-0.00304098, 0.04130357, 0.04625677
-0.00158696, -0.60454118, 0.79653311
0.47504085, 0.70814049
-0.00669411, 0.04129367, 0.04624186
-0.72963655, -0.45741141, 0.50828576
0.47340947, 0.7061035
-0.00519098, 0.08255999, 0.01992522
-0.64741963, 0.6689657, 0.36506242
0.47247669, 0.57479614
-0.00666325, 0.07422949, 0.01680851
-0.9967345, 0.07089449, 0.03848384
0.46189094, 0.58117253
-0.00508508, 0.05758072, 0.01059355
-0.69176304, -0.52882475, -0.49168369
0.43020833, 0.60386461
-0.00506955, 0.06114846, 0.00442243
-0.69139683, -0.71962643, -0.06366161
0.4306955, 0.54788059
-0.00292403, 0.0611543, 0.0044312
0.00335704, -0.98571736, -0.1681875
0.42799136, 0.54683676
-0.00293955, 0.05758651, 0.01060232
0.00476089, -0.73058259, -0.68279064
0.42753026, 0.60459352
0.00057415, 0.0754533, 0.03289147
-0.0044557, 0.84926909, 0.52790916
0.47709888, 0.61377829
0.00271966, 0.07545912, 0.03290024
0.63750112, 0.65205848, 0.41032135
0.4779242, 0.61358461
0.00275319, 0.08258152, 0.01995767
0.64079714, 0.67244482, 0.37034211
0.4760274, 0.57292977
0.00432003, 0.05878334, 0.0212667
0.99697864, -0.05764946, -0.05200354
0.50972444, 0.62219715
0.00285885, 0.05043922, 0.0154407
0.62071598, -0.55113375, -0.55760366
0.53494996, 0.6498982
0.00285908, 0.05760226, 0.01062599
0.69859922, -0.52504045, -0.48600727
0.53384012, 0.54901731
0.0028746, 0.06117002, 0.00445487
0.69569993, -0.71599478, -0.05783258
0.51936239, 0.46164864
0.00291387, 0.05956055, -0.00409076
0.34110537, -0.75173193, 0.56434828
0.48601776, 0.40602374
0.00702682, 0.07010527, -0.00163179
0.97650075, -0.12039552, 0.17871639
0.48488742, 0.48063612
-0.0051673, 0.0875207, 0.01083292
-0.57029939, 0.66856897, 0.47715691
0.47071052, 0.54872674
-0.00664232, 0.07872587, 0.0086899
-0.98232979, 0.04348888, 0.18185979
0.46220228, 0.5529606
0.00060769, 0.08257571, 0.01994891
-0.00433363, 0.87694937, 0.48051393
0.47506016, 0.57346272
0.00277686, 0.08754227, 0.01086536
0.56282234, 0.67268896, 0.48023927
0.47354901, 0.54661947
0.00433138, 0.06593278, 0.01374272
0.99710071, -0.06262398, -0.0425428
0.50420284, 0.55788717
-0.00925907, 0.08063668, 0.00075834
-0.9848628, -0.02368236, 0.17157505
0.46209064, 0.53225508
-0.00929771, 0.09119108, 0.00320758
-0.69649345, 0.6531266, 0.29715872
0.46885934, 0.53324875
-0.00927008, 0.09132608, -0.00373836
-0.70842618, 0.70561844, 0.01324503
0.4682906, 0.52538967
-0.0050303, 0.05953898, -0.00412321
-0.34171575, -0.75347149, 0.56166267
0.43671077, 0.48126614
-0.00288476, 0.05954481, -0.00411445
0.00073244, -0.90673542, 0.42167425
0.4343442, 0.47954386
0.00694972, 0.09117237, 0.00325224
0.69386882, 0.65422529, 0.30079043
0.47228068, 0.53041905
0.0015339, 0.0911786, 0.00323736
6.104e-05, 0.97302163, 0.23056734
0.47118801, 0.53171965
0.00709052, 0.05626576, -0.00812523
0.66695148, -0.62102115, 0.41166419
0.4740541, 0.37837088
0.00712198, 0.0543236, -0.0146949
0.5625782, -0.630665, -0.53453171
0.4498536, 0.39770502
0.00708204, 0.06670672, -0.01314321
0.70958585, 0.08987701, -0.69884336
0.46616352, 0.45977163
0.00697734, 0.09130735, -0.00369369
0.70723593, 0.70671713, 0.01886044
0.4711684, 0.52282992
0.00156153, 0.09131358, -0.00370859
0.00106815, 0.99972534, 0.02273629
0.47022983, 0.52394876
-0.00915666, 0.05622169, -0.00819159
-0.66685992, -0.62462234, 0.40635395
0.44132119, 0.4578988
-0.00374094, 0.05623636, -0.00816946
0.0004883, -0.88421279, 0.46702474
0.43846175, 0.45061618
-0.00920525, 0.07908751, -0.01164343
-0.70470291, 0.08618427, -0.70421463
0.46479666, 0.50621128
-0.00924527, 0.0914915, -0.01008451
-0.5814997, 0.61598557, -0.53138828
0.46805003, 0.52005556
-0.00382948, 0.09148525, -0.01006963
0.00268563, 0.75841546, -0.65172279
0.46869916, 0.51917669
-0.00912521, 0.05427953, -0.01476125
-0.5548265, -0.63359475, -0.53913999
0.44861498, 0.44679034
-0.0037095, 0.05429424, -0.01473914
0.00466933, -0.76216924, -0.64732808
0.44871899, 0.43574166
-0.00923229, 0.07962464, -0.00522276
-0.99996948, -0.00271615, -0.00399792
0.46223617, 0.51914662
0.00700218, 0.09147271, -0.01003987
0.58394116, 0.61665702, -0.52793968
0.47013924, 0.51758277
0.00158636, 0.091479, -0.01005473
0.00268563, 0.75838494, -0.65178382
0.46941715, 0.51836732
-0.00919445, 0.06792308, -0.00670716
-0.99996948, -0.00271615, -0.00396741
0.4527275, 0.49676776
-0.00916523, 0.06668352, -0.01320234
-0.70461136, 0.08618427, -0.70430619
0.45730236, 0.47547066
-0.00374948, 0.06669129, -0.01318263
0.00341807, 0.12457655, -0.99218726
0.4601289, 0.46945035
-0.00378949, 0.07908829, -0.01162612
0.00314341, 0.12457655, -0.99218726
0.4661884, 0.50382611
0.00698827, 0.0806388, 0.00081021
0.98361158, -0.01831111, 0.17929624
0.478147, 0.51757404
0.00701507, 0.07962679, -0.00517088
0.99996948, 0.00271615, 0.00399792
0.47484279, 0.5060814
0.00705279, 0.06794625, -0.00664808
0.99996948, 0.00271615, 0.00396741
0.47686729, 0.46452457
0.00704211, 0.07908975, -0.01159153
0.70949429, 0.08987701, -0.69893491
0.46957397, 0.50075153
-0.00660974, 0.06993508, 0.00655307
-0.98553425, -0.10663167, 0.13153477
0.44987655, 0.55283347
-0.00921191, 0.07006077, -0.00169586
-0.74059266, -0.39063692, 0.54670858
0.45094132, 0.51852304
-0.00922044, 0.07008213, -0.00169091
-0.96862698, -0.15518662, 0.19394512
0.45113704, 0.51901728
0.00429608, 0.07425923, 0.01685326
0.99597156, 0.07629627, 0.04663228
0.48782244, 0.56705576
0.00431703, 0.0787556, 0.00873466
0.98062074, 0.04901273, 0.18964201
0.48230129, 0.53790358
0.00434961, 0.0699648, 0.00659783
0.98498487, -0.10116886, 0.13974425
0.49484989, 0.51671353
-0.00662798, 0.06590305, 0.01369796
-0.99636829, -0.06805628, -0.05069124
0.44911149, 0.58838663
0.00427364, 0.06712334, 0.02708657
0.99694812, 0.06344798, 0.04513688
0.49152812, 0.61387068
-0.0066857, 0.06709361, 0.02704182
-0.99761957, 0.05801569, 0.03698843
0.46315384, 0.62045816
-0.00528645, 0.06166135, 0.05719526
-0.53334147, 0.4667806, 0.70540482
0.4764308, 0.66699818
-0.0067573, 0.05168914, 0.05480682
-0.67839593, -0.28772852, 0.67598498
0.47554177, 0.67810443
-0.00310416, 0.05169904, 0.05482173
-0.00244148, -0.44563127, 0.89519942
0.47658908, 0.67855492
0.00426523, 0.04132338, 0.04628661
0.72795802, -0.453444, 0.51423687
0.47827095, 0.71096647
0.00054895, 0.05170894, 0.05483668
-0.00244148, -0.44560075, 0.89519942
0.47750908, 0.678734
0.00061214, 0.04131347, 0.0462717
-0.00158696, -0.60454118, 0.79653311
0.47660077, 0.70966437
0.00051217, 0.06167708, 0.05721892
-0.00488296, 0.53239542, 0.84646136
0.47730663, 0.66686875
-0.00314093, 0.06166715, 0.05720401
-0.00488296, 0.53239542, 0.84646136
0.47677594, 0.66693336
0.00166628, 0.06669889, -0.01316293
0.00341807, 0.12445448, -0.99221778
0.4629536, 0.46455091
0.00162632, 0.07908896, -0.01160884
0.00314341, 0.12445448, -0.99221778
0.46770439, 0.5020422
0.00170626, 0.05430891, -0.01471702
0.00466933, -0.76219976, -0.64729756
0.4491078, 0.42040348
-0.00385428, 0.09131989, -0.00372346
0.00106815, 0.99972534, 0.02273629
0.46930882, 0.52476954
0.0016748, 0.05625107, -0.00814735
0.0004883, -0.88421279, 0.46702474
0.43439743, 0.43946546
0.00291387, 0.05956055, -0.00409076
0.34110537, -0.75173193, 0.56434828
0.42710039, 0.47255325
0.00076837, 0.05955472, -0.00409952
0.00073244, -0.90673542, 0.42167425
0.42980853, 0.47529083
-0.00388191, 0.09118483, 0.00322246
0.00030519, 0.97277749, 0.231666
0.47002688, 0.53265071
-0.00302176, 0.08752654, 0.01084168
-0.00387585, 0.89007235, 0.45579395
0.47148004, 0.54829732
0.00063136, 0.08753645, 0.01085659
-0.00427259, 0.89043856, 0.4550615
0.47279024, 0.54727909
0.0028746, 0.06117002, 0.00445487
0.69569993, -0.71599478, -0.05783258
0.42003173, 0.54405549
0.00072909, 0.0611642, 0.00444612
0.00335704, -0.98571736, -0.1681875
0.42306116, 0.54515916
-0.00304543, 0.08256581, 0.01993398
-0.00433363, 0.87694937, 0.48051393
0.47341141, 0.57432774
0.00071357, 0.05759642, 0.01061723
0.00476089, -0.73058259, -0.68279064
0.42288938, 0.60623139
-0.00293978, 0.0504235, 0.01541701
0.00479141, -0.7008881, -0.71321756
0.43258047, 0.66226882
0.00285908, 0.05760226, 0.01062599
0.69859922, -0.52504045, -0.48600727
0.42003173, 0.60744509
0.00065853, 0.03297357, 0.0404518
0.00195318, -0.98452711, 0.17520677
0.46988973, 0.74339837
-0.00299458, 0.03296369, 0.0404369
0.00195318, -0.98449659, 0.17520677
0.46906778, 0.73341441
0.00053543, 0.06311766, 0.05056825
-0.00408948, 0.9165929, 0.39976195
0.47748616, 0.65801755
-0.00311769, 0.06310772, 0.05055333
-0.00408948, 0.9165929, 0.39976195
0.47644514, 0.65802872
-0.00779308, 0.18691224, -0.00367456
-0.56407362, 0.51890624, -0.64226204
0.97834569, 0.48666245
-0.00808731, 0.18524307, 0.06948005
-0.58354443, 0.5739311, 0.57448041
0.9903211, 0.81445383
0.0046341, 0.18527761, 0.06953203
0.57573169, 0.57707447, 0.57921082
0.96169633, 0.83158128
-0.00771569, 0.1430724, 0.00650071
-0.58989227, -0.61772513, -0.52000487
0.97129619, 0.6225535
-0.00796723, 0.13957575, 0.07041495
-0.57420576, -0.59062469, 0.56691182
0.98426515, 0.92293278
0.00500573, 0.14310691, 0.00655266
0.59746087, -0.61452073, -0.51515245
0.99904388, 0.60658062
0.00475419, 0.13961026, 0.07046688
0.57274085, -0.58751184, 0.5716117
0.99983984, 0.99983988
0.00492834, 0.18694675, -0.0036226
0.56648457, 0.52198857, -0.63765371
0.96169633, 0.40882021
-0.0053953, 0.06880987, -0.0557128
-0.77404094, -0.30536821, 0.55458236
0.24195172, 0.57480791
-0.00537355, 0.07334464, -0.06405221
-0.77114171, 0.30118716, -0.56086916
0.21342613, 0.56671825
-0.00407595, 0.07039975, -0.06565019
-0.56047243, -0.16870633, -0.81078523
0.21837954, 0.5714547
-0.0040977, 0.06586481, -0.05731086
-0.56337166, -0.77101964, 0.29679251
0.25168857, 0.57763502
-0.00097244, 0.0691869, -0.06630163
0.00479141, -0.38657796, -0.92220831
0.21969259, 0.57041782
0.00211903, 0.07041656, -0.06562489
0.56797999, -0.16565447, -0.80617696
0.21849789, 0.56944603
0.00209727, 0.06588163, -0.05728556
0.56511122, -0.76796776, 0.30140081
0.25210473, 0.56323215
0.00338748, 0.07336842, -0.06401643
0.77404094, 0.30536821, -0.55458236
0.21330673, 0.57483748
0.00336574, 0.06883362, -0.05567702
0.77114171, -0.30118716, 0.56086916
0.24207099, 0.56668907
0.00208993, 0.07631326, -0.06241836
0.56337166, 0.77101964, -0.29679251
0.20327334, 0.57829416
0.00206817, 0.07177857, -0.05407901
0.56047243, 0.16873685, 0.81078523
0.23688008, 0.57208017
-0.00101359, 0.07752621, -0.06176691
-0.00192267, 0.98422194, -0.17679372
0.19044106, 0.57110775
-0.00410505, 0.07629647, -0.06244367
-0.5650807, 0.76796776, -0.30143133
0.20368972, 0.56389117
-0.00412681, 0.07176176, -0.0541043
-0.56797999, 0.16565447, 0.80617696
0.23699825, 0.57007149
-0.00752132, 0.39703557, -0.01273194
-0.77459031, 0.6292001, 0.06378368
0.95268333, 0.42597765
-0.00584707, 0.3974975, -0.01703767
-0.5422529, 0.73458052, -0.40778834
0.95297951, 0.38313067
-0.00580871, 0.38529953, -0.01833131
-0.64915919, -0.65190589, -0.39185765
0.95807165, 0.38198715
-0.00179941, 0.38549972, -0.02010123
0.00314341, -0.99438459, -0.10547197
0.95630634, 0.35866928
-0.00426454, 0.3855722, -0.020857
-0.49031037, -0.87044895, -0.04354991
0.95847583, 0.34858143
0.00219628, 0.3853212, -0.01829862
0.65562916, -0.64809108, -0.38740197
0.95408082, 0.38256258
0.00067131, 0.38558397, -0.0208193
0.49430829, -0.86834317, -0.0402234
0.9543364, 0.34859192
0.0006425, 0.39474311, -0.01984797
0.62947476, 0.73470259, -0.25284585
0.95844465, 0.32981771
0.00215791, 0.3975192, -0.01700497
0.54158145, 0.73751032, -0.40336314
0.95910162, 0.38479716
0.00379942, 0.39706627, -0.01268571
0.77062291, 0.63341165, 0.07010102
0.9586944, 0.4254182
0.00383779, 0.38486847, -0.01397928
0.77459031, -0.6292001, -0.06378368
0.95407492, 0.42475706
0.00212516, 0.39660439, -0.00837994
0.67943358, 0.73213905, 0.04803614
0.95683461, 0.46789932
0.00216354, 0.38440666, -0.00967357
0.845851, -0.53151035, 0.04443495
0.95778185, 0.46970773
-0.00584143, 0.38438493, -0.00970625
-0.84328747, -0.53608811, 0.03756829
0.95277506, 0.46837711
-0.0058798, 0.39658269, -0.00841265
-0.6837672, 0.7284463, 0.04248177
0.95367765, 0.46628255
-0.00857914, 0.38273853, 0.00120734
-0.77062291, -0.63341165, -0.07010102
0.95709217, 0.60560936
-0.00862456, 0.39717659, 0.00273857
-0.77459031, 0.6292001, 0.06378368
0.95369285, 0.53724718
-0.00664281, 0.39772335, -0.00235803
-0.61583298, 0.76757103, -0.17758721
0.95402008, 0.50768396
0.00283244, 0.3977491, -0.00231934
0.61308634, 0.77089757, -0.17255165
0.95560628, 0.50892106
0.00477543, 0.39721301, 0.00279328
0.77059239, 0.63341165, 0.07010102
0.9552421, 0.5375818
0.00482087, 0.38277486, 0.00126207
0.77459031, -0.62923062, -0.06378368
0.9504388, 0.60641757
0.00279366, 0.3966662, 0.00788985
0.56022829, 0.57216102, 0.59892577
0.95351589, 0.55482659
0.00283913, 0.38222811, 0.00635864
0.56419569, -0.68156987, 0.4659566
0.94830388, 0.67443997
-0.00195196, 0.39642909, 0.00998488
-0.00488296, 0.53971982, 0.84179205
0.95430839, 0.56027296
-0.00668154, 0.39664051, 0.00785115
-0.56822413, 0.56910914, 0.59431744
0.9551661, 0.55551565
-0.00663611, 0.38220242, 0.00631994
-0.56425673, -0.68462175, 0.4613483
0.9577871, 0.67214319
0.00287788, 0.38331094, -0.00385054
0.82012391, -0.51020843, -0.25891903
0.95630789, 0.55038595
-0.00659736, 0.38328525, -0.00388923
-0.8152104, -0.5146336, -0.26560259
0.9527753, 0.55164653
-0.00429343, 0.39472973, -0.01986813
-0.63197732, 0.73046052, -0.25879696
0.95468181, 0.33246499
-0.00179679, 0.38557357, -0.0207968
0.00314341, -0.99456769, -0.10400708
0.95639503, 0.34937936
0.00218722, 0.39491981, -0.02151668
0.71773428, 0.60335094, 0.34748375
0.95895219, 0.28821158
-0.00581777, 0.39489815, -0.02154936
-0.72469252, 0.5993225, 0.34000671
0.9550783, 0.28759056
-0.00578889, 0.38574055, -0.02253822
-0.72023684, -0.66191596, 0.20755638
0.95852655, 0.32339621
-0.00579055, 0.39543232, -0.02668905
-0.68529314, 0.64638203, -0.33542892
0.95414513, 0.21405375
0.00221604, 0.38576034, -0.02248806
0.72133547, -0.65807062, 0.21579638
0.95477659, 0.32334322
-0.00178657, 0.38574609, -0.0224718
0.00311289, -0.99465925, -0.10287789
0.95658219, 0.32931805
-0.00576165, 0.38627478, -0.02767792
-0.68092901, -0.56602681, -0.46464431
0.95594662, 0.28821033
-0.00177732, 0.39568087, -0.02893962
0.00161748, 0.69060338, -0.7231971
0.95851809, 0.13860345
0.0022144, 0.39545411, -0.02665637
0.68532366, 0.64949495, -0.32926419
0.96137607, 0.21466804
0.00224323, 0.38629469, -0.02762775
0.6890164, -0.56273079, -0.45667899
0.9580496, 0.28847039
-0.00175939, 0.38628039, -0.02761149
0.00311289, -0.99456769, -0.10376293
0.95698994, 0.28875721
-0.00174851, 0.38652077, -0.02990597
0.00637837, -0.525132, -0.85097814
0.95710528, 0.27909732
-0.00753037, 0.4059743, 0.00405663
-0.77459031, 0.62923062, 0.06378368
0.13211657, 0.54339847
-0.00588089, 0.40642938, -0.00018536
-0.56416517, 0.68156987, -0.4659566
0.13370577, 0.56376028
-0.00580766, 0.38314936, -0.0026543
-0.56022829, -0.57216102, -0.59892577
0.16258824, 0.53662348
-0.00193097, 0.40662673, -0.00192911
0.00097659, 0.70430619, -0.70989102
0.13407668, 0.57829416
-0.00193097, 0.40662673, -0.00192911
0.00097659, 0.70430619, -0.70989102
0.13363945, 0.46286297
0.0020056, 0.40645078, -0.00015315
0.56428725, 0.68462175, -0.46137881
0.13317516, 0.4750796
0.00207884, 0.38317075, -0.00262209
0.56822413, -0.56910914, -0.59431744
0.16315597, 0.50738326
0.00362281, 0.40600464, 0.00410219
0.77059239, 0.63341165, 0.07010102
0.13190523, 0.49371314
0.00369604, 0.38272455, 0.00163326
0.77459031, -0.6292001, -0.06378368
0.15454453, 0.51001352
0.00197332, 0.40554956, 0.00834419
0.56022829, 0.57216102, 0.59892577
0.13266456, 0.51091567
-0.0019766, 0.40535221, 0.01008796
-0.00488296, 0.53971982, 0.84179205
0.13345072, 0.51879087
-0.00190335, 0.38207206, 0.00761901
-0.00097659, -0.70430619, 0.7098605
0.14945942, 0.51801464
0.00113484, 0.40634939, 0.00077769
0.43125707, 0.84371471, -0.31958982
0.13193615, 0.4778598
0.00102853, 0.44013903, 0.00436122
0.64915919, -0.40458387, -0.64409316
0.06920765, 0.47825938
0.0022901, 0.43979099, 0.00768071
0.88995028, -0.45381024, -0.04474013
0.06945153, 0.49336332
-0.00583992, 0.3822481, 0.00584304
-0.56425673, -0.68462175, 0.4613483
0.15046363, 0.5224497
-0.00591313, 0.4055281, 0.00831199
-0.56822413, 0.56910914, 0.59431744
0.13262631, 0.52607983
-0.0074571, 0.38269418, 0.00158771
-0.77059239, -0.63341165, -0.07010102
0.15373763, 0.52930394
-0.00501721, 0.40633264, 0.00075257
-0.43317974, 0.8413648, -0.32309946
0.13230011, 0.56064212
-0.001936, 0.4064866, -0.00060771
-0.0003357, 0.86889249, -0.49497971
0.13183631, 0.57192233
-0.001936, 0.4064866, -0.00060771
-0.0003357, 0.86889249, -0.49497971
0.13163775, 0.46785122
0.00239642, 0.40600124, 0.00409719
0.60145879, 0.79418319, 0.08651997
0.13113137, 0.49364609
0.00110967, 0.40564629, 0.00740627
0.42814416, 0.75759149, 0.49266028
0.13162707, 0.50860003
-0.00197158, 0.40549234, 0.00876653
-0.00473037, 0.74571979, 0.66621906
0.13164309, 0.51861006
-0.00504238, 0.40562955, 0.00738115
-0.43629262, 0.75524157, 0.48912016
0.13161752, 0.52850115
-0.00630394, 0.40597758, 0.00406165
-0.60646379, 0.79088718, 0.08157597
0.13131279, 0.54356501
0.00100336, 0.43943605, 0.01098981
0.64461195, -0.53120518, 0.5497604
0.0691812, 0.50862151
0.00412008, 0.44136044, 0.00785412
0.92391735, -0.38077945, -0.03686636
0.06702738, 0.49337262
-0.00514869, 0.4394193, 0.01096468
-0.64619893, -0.5346843, 0.54451126
0.06899258, 0.52833748
-0.00641027, 0.43976739, 0.00764518
-0.8870815, -0.45866269, -0.05200354
0.06904709, 0.5432933
-0.0020423, 0.44027635, 0.00297581
0.00479141, -0.39268166, -0.91964477
0.06926937, 0.4684335
-0.00207791, 0.43928209, 0.01235006
-0.00177007, -0.57686085, 0.81679738
0.06892602, 0.51875076
-0.00512352, 0.44012234, 0.00433609
-0.64165169, -0.40806299, -0.64937282
0.06860007, 0.55971068
0.00232638, 0.44185528, 0.00313446
0.67033905, -0.3202002, -0.669393
0.06608787, 0.47512305
0.00223284, 0.47157738, 0.00628653
0.56425673, 0.68462175, -0.4613483
0.0313848, 0.50669843
0.00402656, 0.47108242, 0.01100624
0.77062291, 0.63341165, 0.07010102
0.04102081, 0.50975451
-0.0064564, 0.44083205, 0.01252325
-0.66786706, -0.45762506, 0.58690143
0.06618796, 0.52608854
-0.00825009, 0.44132677, 0.00780359
-0.92147589, -0.38581499, -0.04440443
0.06654558, 0.54289508
-0.00203971, 0.44205049, 0.00116468
0.00469985, -0.29728079, -0.95474106
0.06538938, 0.46286285
-0.0020903, 0.44063678, 0.01449301
-0.00219733, -0.49098179, 0.87115085
0.0655292, 0.51881757
-0.0020423, 0.44027635, 0.00297581
0.00479141, -0.39268166, -0.91964477
0.06870909, 0.56997961
-0.00642063, 0.44183162, 0.00309874
-0.66307563, -0.3238014, -0.67485583
0.06512117, 0.56286797
0.00229059, 0.44085577, 0.01255898
0.66554767, -0.45402387, 0.59233373
0.06623651, 0.5105578
-0.00834359, 0.47104886, 0.01095572
-0.77459031, 0.6292001, 0.06378368
0.04130046, 0.52975917
0.00219708, 0.47057775, 0.01571112
0.56022829, 0.57216102, 0.59892577
0.0447308, 0.51503184
-0.00654997, 0.47055396, 0.01567539
-0.56822413, 0.56910914, 0.59431744
0.04519485, 0.52306712
-0.00213324, 0.47177252, 0.00431682
0.00097659, 0.70430619, -0.7098605
0.00016012, 0.5290032
-0.00218384, 0.47035882, 0.01764515
-0.00488296, 0.53971982, 0.84182256
0.04596188, 0.51872158
-0.00651419, 0.47155365, 0.00625081
-0.56419569, 0.68156987, -0.4659566
0.03250399, 0.53706768
-0.00984792, 0.3861967, -0.01200904
-0.5645619, 0.64009523, -0.52107304
0.42904922, 0.37805063
-0.01044026, 0.38357937, 0.01265193
-0.58302557, 0.52748191, 0.61790824
0.43809763, 0.3352915
0.00658389, 0.38362566, 0.01272145
0.57509077, 0.53062534, 0.62263864
0.43585283, 0.37265098
-0.01297961, 0.1910089, -0.03272365
-0.55186623, -0.5105136, -0.65935242
0.93057066, 0.37661886
-0.01610699, 0.18762159, -0.00087692
-0.61409342, -0.61250651, 0.49766535
0.93700761, 0.32683718
0.0105387, 0.1910727, -0.0326276
0.55998415, -0.50752282, -0.65483564
0.93229097, 0.32801896
0.01342421, 0.1877017, -0.00075632
0.61333048, -0.60917997, 0.50267035
0.94611126, 0.37265122
0.00617881, 0.38624015, -0.01194358
0.56532484, 0.64314705, -0.51643419
0.42003173, 0.33290523
-0.01242212, 0.1897189, -0.01998747
-0.76348156, 0.64558858, 0.01617481
0.85471165, 0.88690898
-0.00912317, 0.19062904, -0.02847148
-0.84682763, 0.47746208, 0.23419905
0.84738934, 0.89561268
-0.00859383, 0.02238964, -0.04631389
-0.64723653, -0.7352519, -0.20111698
0.96070194, 0.85402706
0.00720981, 0.02328972, -0.05433227
0.61299479, -0.55760366, -0.55970949
0.95903462, 0.85183908
-0.00069399, 0.02278432, -0.04980137
0.00311289, -0.9944151, -0.10544145
0.96042556, 0.85308321
-0.00856314, 0.02324691, -0.05439668
-0.60536516, -0.56093019, -0.56468397
0.96092403, 0.84895597
0.00717912, 0.02243242, -0.04624948
0.65282142, -0.7317118, -0.19580676
0.96078622, 0.85598098
0.00717844, 0.03326175, -0.05327469
0.84151739, 0.05957213, -0.53691214
0.95469218, 0.85013278
0.00710991, 0.0550402, -0.05096501
0.94695884, -0.17236854, -0.27118748
0.94010425, 0.84741621
0.00664977, 0.19067183, -0.02840707
0.84228033, 0.48203987, 0.24109623
0.84667093, 0.84100291
0.0098842, 0.18977943, -0.01989637
0.75978881, 0.64973909, 0.02240059
0.8537088, 0.84951229
0.01041354, 0.02154002, -0.03773878
0.76384777, -0.63524276, -0.11386456
0.96064091, 0.85377163
0.0081518, 0.07505313, -0.02347842
0.99255347, -0.0097354, 0.12128056
0.92394471, 0.82809958
0.00779368, 0.18887255, -0.01140744
0.67110205, 0.72389907, 0.15976439
0.85979122, 0.85842311
-0.01189277, 0.02147952, -0.03782989
-0.7594226, -0.63936275, -0.12005982
0.96034938, 0.85609968
-0.01003797, 0.07500376, -0.0235527
-0.99343854, -0.01510666, 0.11319315
0.92480779, 0.88987615
-0.01025674, 0.14453337, -0.01617883
-0.99343854, -0.01510666, 0.11319315
0.88361573, 0.89573972
-0.01035737, 0.14172179, 0.01032923
-0.67366558, 0.04730369, 0.73747981
0.88532424, 0.86582609
-0.01043651, 0.18769395, -0.00083504
-0.60139775, 0.60161138, 0.52568132
0.86381257, 0.86984266
-0.0101386, 0.07219217, 0.00295536
-0.60243535, -0.51097143, 0.61314738
0.92216289, 0.86037019
0.00805116, 0.07224153, 0.00302964
0.60017699, -0.50770593, 0.61806083
0.92215651, 0.85825536
-0.01039608, 0.18882322, -0.01148173
-0.67629015, 0.72026736, 0.15427107
0.86007774, 0.87580173
0.00832302, 0.02063314, -0.02924985
0.67571032, -0.73714405, 0.00482192
0.96040642, 0.85069829
0.0082826, 0.01950391, -0.01860316
0.57802057, -0.63786739, 0.50886565
0.96137607, 0.85337526
-0.00990716, 0.01945452, -0.01867746
-0.57869196, -0.64101076, 0.50413525
0.95958453, 0.85437673
0.00812761, 0.06752247, -0.01255457
0.85149693, -0.33509323, 0.40324107
0.9271813, 0.85211898
0.00775326, 0.18774331, -0.00076075
0.59379864, 0.60484636, 0.53056431
0.86370534, 0.86346254
0.00793303, 0.14458272, -0.01610454
0.99255347, -0.0097354, 0.12128056
0.88253146, 0.83277617
-0.01006215, 0.06747313, -0.01262886
-0.85293132, -0.33973205, 0.39625233
0.92731327, 0.86533746
0.0078324, 0.14177114, 0.01040353
0.66737878, 0.05093539, 0.74294257
0.88523948, 0.86210902
-0.01001814, 0.06870263, -0.02422096
-0.99343854, -0.01510666, 0.11319315
0.92927033, 0.88142004
-0.00986675, 0.0205838, -0.02932414
-0.6717124, -0.74077576, -0.00067141
0.95994318, 0.85868898
0.00817162, 0.06875199, -0.02414667
0.99255347, -0.0097354, 0.12128056
0.92871922, 0.83550157
0.00603651, 0.38559052, -0.00773521
0.44660786, 0.47785881, 0.75640124
0.0057731, 0.99983988
-0.00183663, 0.38594243, -0.01128714
-0.00476089, 0.73812068, 0.67461163
0.00456264, 0.98873561
-0.0087219, 0.07370307, -0.04904562
-0.94656211, 0.22540972, -0.23056734
0.93091601, 0.83331943
-0.00866305, 0.0549974, -0.05102943
-0.94375437, -0.17749566, -0.27890867
0.94089305, 0.83321376
-0.0086205, 0.0563001, -0.06231299
-0.56117433, -0.42445144, -0.71053195
0.93934155, 0.83934566
-0.00869912, 0.0744535, -0.05512221
-0.59077728, 0.69341105, -0.41245764
0.93270761, 0.83557731
0.00707383, 0.07449628, -0.05505781
0.59035003, 0.69661552, -0.40763572
0.93238407, 0.83938366
-0.00119266, 0.19188106, -0.04004178
0.00375378, 0.10547197, -0.99438459
0.84429193, 0.75048469
-0.00180593, 0.38679978, -0.01936992
0.00473037, -0.73812068, -0.67461163
0.00201555, 0.98879298
0.00606718, 0.38644782, -0.015818
0.94650108, -0.17218544, -0.27283546
0.00404148, 0.9804531
-0.00859453, 0.03321896, -0.05333912
-0.8373974, 0.05502487, -0.54377878
0.95543522, 0.8377279
-0.00069469, 0.03361367, -0.05682661
0.00399792, 0.03045747, -0.99951172
0.95496017, 0.84414579
0.00668046, 0.19152915, -0.03648985
0.84151739, 0.05957213, -0.53691214
0.84504539, 0.78654675
0.00705106, 0.07374588, -0.0489812
0.94717246, 0.23053682, -0.22284615
0.92991042, 0.84048684
-0.00076321, 0.05539212, -0.05451694
0.00473037, -0.74089783, -0.67155981
0.94061655, 0.84034143
-0.00082207, 0.07409777, -0.05253313
-0.00042726, 0.8791467, -0.47651601
0.9317804, 0.83680081
-0.00119266, 0.19188106, -0.04004178
0.00375378, 0.10547197, -0.99438459
0.84860629, 0.98879409
-0.00909249, 0.19148633, -0.03655427
-0.8373974, 0.05502487, -0.54377878
0.84776592, 0.95277724
-0.00970577, 0.38640496, -0.01588242
-0.94329661, -0.17731254, -0.28055665
0.00408332, 0.99603179
-0.00973645, 0.3855477, -0.00779963
-0.45536667, 0.47541735, 0.75270849
0.00533377, 0.97699159
-0.00122335, 0.19102377, -0.031959
-0.00488296, 0.53971982, 0.84182256
0.84370697, 0.86867045
0.00605928, 0.38634077, -0.01381185
0.70116276, 0.70784628, 0.08551286
0.00488041, 0.98529123
-0.00181386, 0.38669267, -0.01736378
-0.00314341, 0.9937132, 0.11169775
0.00331629, 0.98904729
0.00608996, 0.38719806, -0.0218946
0.6915189, 0.08713035, -0.71703237
0.00260626, 0.98846627
-0.00178316, 0.38754997, -0.02544652
0.00369274, 0.11236915, -0.99365216
0.00141541, 0.98971908
-0.00968297, 0.38715521, -0.02195903
-0.6862697, 0.08337657, -0.72252572
0.00016012, 0.99009595
0.00715246, 0.05634288, -0.06224858
0.56926173, -0.42136905, -0.70592362
0.93926144, 0.84039582
-0.00971367, 0.38629791, -0.01387628
-0.70567948, 0.70400095, 0.07974487
0.00509088, 0.99243095
0.00709052, 0.05626576, -0.00812523
0.66695148, -0.62102115, 0.41166419
0.4293164, 0.42451972
-0.00099419, 0.06465195, -0.05796229
0.00192267, -0.98422194, 0.17679372
0.26493704, 0.57041782
-0.00103534, 0.07299135, -0.05342757
-0.00479141, 0.38657796, 0.92223883
0.2356853, 0.57110798
-0.00748294, 0.3848376, -0.01402554
-0.77059239, -0.63341165, -0.0700705
0.95696753, 0.42733401
-0.00190652, 0.38199094, 0.00845368
-0.00097659, -0.70430619, 0.7098605
0.95237845, 0.75016445
-0.00185772, 0.38334659, -0.00439805
0.00488296, -0.53975034, -0.84179205
0.1901208, 0.52900183
0.0020466, 0.38226938, 0.00587525
0.56419569, -0.68156987, 0.4659566
0.15042835, 0.51436341
-0.00203971, 0.44205049, 0.00116468
0.00469985, -0.29728079, -0.95474106
0.0644156, 0.57789367
# Number of Faces:
716
# Face Data:
0, 1, 2
3, 4, 5
6, 4, 7
8, 9, 10
11, 5, 4
12, 13, 14
15, 16, 17
18, 15, 19
20, 21, 22
13, 23, 24
25, 17, 16
21, 26, 27
28, 24, 23
29, 7, 30
26, 31, 32
4, 3, 33
3, 34, 24
20, 35, 36
8, 19, 37
20, 38, 39
40, 39, 9
13, 34, 41
34, 3, 0
14, 41, 42
42, 41, 0
39, 43, 44
42, 45, 44
38, 46, 43
47, 42, 43
28, 48, 49
32, 50, 49
51, 52, 16
29, 53, 52
23, 54, 55
54, 22, 27
56, 53, 30
25, 52, 53
13, 12, 54
12, 57, 22
57, 46, 38
57, 12, 47
58, 59, 18
58, 11, 6
59, 51, 15
6, 29, 51
45, 2, 60
5, 11, 61
27, 32, 48
31, 62, 50
21, 36, 31
63, 55, 48
33, 24, 64
62, 17, 25
50, 25, 56
7, 33, 65
37, 19, 62
64, 49, 56
2, 1, 66
60, 67, 68
2, 61, 67
10, 68, 67
9, 44, 60
5, 66, 1
58, 67, 61
10, 9, 69
70, 71, 72
73, 74, 75
76, 75, 77
78, 71, 76
70, 75, 76
74, 73, 78
79, 80, 81
70, 79, 82
73, 82, 83
71, 78, 83
84, 85, 86
83, 82, 81
72, 83, 87
79, 72, 84
88, 89, 86
81, 80, 86
87, 81, 89
87, 88, 85
90, 77, 91
76, 90, 92
93, 92, 94
75, 74, 94
95, 96, 97
92, 90, 97
92, 96, 95
94, 95, 91
98, 99, 100
101, 102, 103
104, 105, 106
107, 108, 109
110, 111, 103
99, 112, 113
114, 115, 116
102, 114, 117
118, 119, 120
121, 122, 123
124, 125, 126
112, 127, 128
129, 120, 130
131, 123, 124
132, 133, 134
115, 135, 136
127, 133, 132
130, 137, 138
139, 140, 141
137, 142, 143
126, 125, 139
135, 144, 145
146, 147, 148
144, 149, 150
151, 134, 147
142, 152, 153
144, 154, 155
154, 151, 146
149, 155, 156
155, 146, 157
158, 159, 142
126, 160, 159
159, 161, 152
160, 141, 161
115, 162, 163
162, 128, 132
144, 164, 154
164, 132, 151
120, 165, 166
165, 131, 167
168, 162, 115
113, 128, 162
130, 166, 158
167, 126, 158
119, 169, 165
169, 121, 131
101, 168, 114
170, 113, 168
171, 172, 173
173, 172, 111
121, 174, 106
169, 107, 174
170, 172, 100
170, 101, 111
175, 176, 174
173, 110, 176
109, 177, 175
178, 173, 175
179, 180, 161
156, 157, 180
181, 179, 141
150, 156, 179
182, 148, 147
143, 153, 148
183, 181, 140
145, 150, 181
180, 153, 152
157, 148, 153
184, 185, 183
136, 145, 183
186, 182, 134
138, 143, 182
127, 187, 186
187, 188, 138
189, 190, 185
190, 116, 136
191, 187, 127
129, 188, 187
99, 98, 191
98, 118, 129
105, 104, 192
193, 117, 192
194, 192, 190
117, 116, 190
176, 195, 106
176, 110, 196
193, 196, 103
104, 195, 196
119, 118, 197
98, 198, 197
163, 164, 144
160, 126, 139
100, 171, 178
169, 119, 108
108, 197, 177
100, 172, 171
198, 178, 177
199, 200, 201
202, 203, 200
202, 204, 205
204, 206, 201
200, 203, 205
202, 199, 206
207, 208, 209
210, 209, 211
211, 212, 213
212, 214, 215
215, 214, 216
217, 216, 218
214, 208, 216
219, 208, 207
218, 219, 220
207, 210, 215
221, 222, 223
224, 223, 225
226, 227, 228
229, 230, 231
230, 232, 233
222, 221, 230
234, 235, 221
223, 226, 231
236, 237, 238
239, 240, 241
241, 240, 242
243, 242, 244
237, 245, 240
245, 237, 236
244, 245, 246
246, 241, 243
232, 239, 247
239, 232, 235
248, 238, 235
223, 222, 249
224, 250, 227
228, 251, 252
249, 222, 229
253, 252, 254
227, 255, 251
227, 250, 256
225, 253, 256
225, 249, 252
257, 254, 258
251, 259, 254
255, 260, 259
255, 256, 261
253, 257, 261
260, 262, 258
254, 259, 258
260, 261, 262
261, 257, 262
263, 264, 265
265, 264, 266
267, 268, 269
268, 270, 271
271, 270, 272
272, 273, 274
275, 276, 277
278, 279, 263
273, 279, 278
280, 265, 269
281, 264, 263
282, 266, 264
283, 275, 268
275, 284, 270
285, 272, 270
286, 273, 272
286, 287, 279
287, 288, 263
289, 277, 290
287, 291, 292
283, 293, 276
286, 294, 291
282, 281, 295
286, 285, 289
281, 288, 292
285, 284, 277
296, 297, 298
276, 296, 290
291, 299, 300
293, 301, 296
294, 302, 299
303, 295, 304
294, 289, 305
295, 292, 300
298, 306, 307
299, 308, 306
301, 309, 297
299, 302, 310
304, 311, 309
305, 307, 310
304, 300, 306
305, 290, 298
312, 313, 314
315, 316, 313
317, 318, 316
317, 319, 314
313, 316, 318
315, 312, 319
320, 321, 322
323, 324, 325
326, 327, 328
329, 330, 331
331, 330, 332
320, 333, 330
334, 335, 320
322, 326, 331
336, 337, 338
337, 339, 340
333, 341, 338
342, 343, 344
332, 340, 345
346, 338, 337
347, 333, 346
336, 335, 339
340, 339, 348
347, 349, 340
350, 351, 344
352, 345, 343
335, 350, 348
348, 344, 343
329, 353, 354
322, 355, 356
357, 358, 359
360, 361, 362
326, 324, 323
324, 322, 325
325, 363, 364
360, 365, 366
364, 327, 323
356, 367, 364
364, 323, 325
368, 359, 358
369, 370, 371
365, 362, 353
321, 372, 371
373, 354, 372
364, 367, 328
354, 353, 374
356, 355, 358
370, 369, 368
375, 374, 376
375, 377, 378
379, 367, 357
356, 357, 367
371, 372, 380
362, 376, 374
366, 359, 368
355, 368, 358
328, 379, 359
361, 377, 376
354, 375, 380
361, 371, 378
328, 367, 379
45, 0, 2
0, 3, 5
29, 6, 7
18, 8, 10
6, 11, 4
47, 12, 14
19, 15, 17
8, 18, 19
57, 20, 22
34, 13, 24
52, 25, 16
22, 21, 27
63, 28, 23
53, 29, 30
27, 26, 32
7, 4, 33
33, 3, 24
21, 20, 36
40, 8, 37
35, 20, 39
8, 40, 9
14, 13, 41
41, 34, 0
47, 14, 42
45, 42, 0
9, 39, 44
43, 42, 44
39, 38, 43
46, 47, 43
64, 28, 49
48, 32, 49
15, 51, 16
51, 29, 52
63, 23, 55
55, 54, 27
65, 56, 30
56, 25, 53
23, 13, 54
54, 12, 22
20, 57, 38
46, 57, 47
10, 58, 18
59, 58, 6
18, 59, 15
59, 6, 51
44, 45, 60
66, 5, 61
55, 27, 48
32, 31, 50
26, 21, 31
28, 63, 48
64, 65, 33
24, 28, 64
50, 62, 25
49, 50, 56
30, 7, 65
62, 31, 37
19, 17, 62
65, 64, 56
61, 2, 66
69, 60, 68
60, 2, 67
58, 10, 67
69, 9, 60
0, 5, 1
11, 58, 61
68, 10, 69
79, 70, 72
70, 73, 75
90, 76, 77
93, 78, 76
71, 70, 76
93, 74, 78
82, 79, 81
73, 70, 82
78, 73, 83
72, 71, 83
80, 84, 86
87, 83, 81
84, 72, 87
80, 79, 84
85, 88, 86
89, 81, 86
88, 87, 89
84, 87, 85
97, 90, 91
93, 76, 92
74, 93, 94
77, 75, 94
91, 95, 97
96, 92, 97
94, 92, 95
77, 94, 91
198, 98, 100
111, 101, 103
195, 104, 106
196, 110, 103
170, 99, 113
117, 114, 116
193, 102, 117
129, 118, 120
131, 121, 123
167, 124, 126
113, 112, 128
188, 129, 130
167, 131, 124
151, 132, 134
116, 115, 136
128, 127, 132
188, 130, 138
160, 139, 141
138, 137, 143
136, 135, 145
157, 146, 148
145, 144, 150
146, 151, 147
143, 142, 153
149, 144, 155
155, 154, 146
150, 149, 156
156, 155, 157
137, 158, 142
158, 126, 159
142, 159, 152
159, 160, 161
163, 135, 115
162, 164, 163
164, 162, 132
154, 164, 151
130, 120, 166
166, 165, 167
114, 168, 115
168, 113, 162
137, 130, 158
166, 167, 158
120, 119, 165
165, 169, 131
102, 101, 114
101, 170, 168
178, 171, 173
110, 173, 111
122, 121, 106
121, 169, 174
99, 170, 100
172, 170, 111
107, 175, 174
175, 173, 176
107, 109, 175
177, 178, 175
141, 179, 161
179, 156, 180
140, 181, 141
181, 150, 179
134, 182, 147
182, 143, 148
381, 183, 140
183, 145, 181
161, 180, 152
180, 157, 153
381, 184, 183
185, 136, 183
133, 186, 134
186, 138, 182
133, 127, 186
186, 187, 138
184, 189, 185
185, 190, 136
112, 191, 127
191, 129, 187
112, 99, 191
191, 98, 129
194, 105, 192
104, 193, 192
189, 194, 190
192, 117, 190
174, 176, 106
195, 176, 196
102, 193, 103
193, 104, 196
108, 119, 197
118, 98, 197
135, 163, 144
198, 100, 178
107, 169, 108
109, 108, 177
197, 198, 177
206, 199, 201
199, 202, 200
203, 202, 205
205, 204, 201
201, 200, 205
204, 202, 206
210, 207, 209
382, 210, 211
382, 211, 213
213, 212, 215
217, 215, 216
383, 217, 218
212, 211, 209
209, 214, 212
219, 218, 216
216, 208, 219
208, 214, 209
220, 219, 207
383, 218, 220
215, 220, 207
220, 217, 383
210, 213, 215
213, 210, 382
215, 217, 220
384, 221, 223
250, 224, 225
229, 226, 228
226, 229, 231
231, 230, 233
230, 229, 222
235, 232, 230
230, 221, 235
384, 234, 221
233, 234, 384
384, 231, 233
223, 224, 226
231, 384, 223
248, 236, 238
247, 239, 241
243, 241, 242
385, 243, 244
240, 239, 238
245, 242, 240
242, 245, 244
240, 238, 237
246, 245, 236
385, 244, 246
241, 246, 236
246, 243, 385
248, 247, 241
241, 236, 248
233, 232, 247
238, 239, 235
234, 248, 235
225, 223, 249
226, 224, 227
249, 228, 252
228, 249, 229
257, 253, 254
228, 227, 251
255, 227, 256
250, 225, 256
253, 225, 252
262, 257, 258
252, 251, 254
251, 255, 259
260, 255, 261
256, 253, 261
259, 260, 258
280, 263, 265
386, 265, 266
386, 267, 269
269, 268, 271
387, 271, 272
387, 272, 274
284, 275, 277
280, 278, 263
274, 273, 278
271, 278, 280
278, 387, 274
280, 269, 271
269, 265, 386
271, 387, 278
288, 281, 263
281, 282, 264
267, 283, 268
268, 275, 270
284, 285, 270
285, 286, 272
273, 286, 279
279, 287, 263
305, 289, 290
288, 287, 292
275, 283, 276
287, 286, 291
303, 282, 295
294, 286, 289
295, 281, 292
289, 285, 277
290, 296, 298
277, 276, 290
292, 291, 300
276, 293, 296
291, 294, 299
388, 303, 304
302, 294, 305
304, 295, 300
297, 309, 311
311, 298, 297
308, 310, 307
307, 306, 308
306, 298, 311
300, 299, 306
296, 301, 297
308, 299, 310
388, 304, 309
302, 305, 310
311, 304, 306
307, 305, 298
319, 312, 314
312, 315, 313
315, 317, 316
318, 317, 314
314, 313, 318
317, 315, 319
334, 320, 322
366, 365, 329
326, 328, 366
326, 323, 327
366, 329, 326
326, 329, 331
352, 342, 331
330, 347, 332
332, 352, 331
347, 330, 333
329, 373, 321
320, 330, 329
320, 341, 333
329, 321, 320
350, 334, 351
336, 341, 320
334, 350, 335
335, 336, 320
342, 351, 334
334, 331, 342
322, 324, 326
331, 334, 322
341, 336, 338
349, 337, 340
346, 333, 338
351, 342, 344
352, 332, 345
349, 346, 337
349, 347, 346
337, 336, 339
345, 340, 348
332, 347, 340
348, 350, 344
342, 352, 343
339, 335, 348
345, 348, 343
373, 329, 354
363, 325, 322
322, 356, 363
321, 370, 355
355, 322, 321
379, 357, 359
365, 360, 362
368, 360, 366
363, 356, 364
361, 369, 371
329, 365, 353
370, 321, 371
321, 373, 372
327, 364, 328
375, 354, 374
357, 356, 358
355, 370, 368
377, 375, 376
380, 375, 378
378, 371, 380
353, 362, 374
366, 328, 359
362, 361, 376
372, 354, 380
377, 361, 378
