# Project Zomboid Skinned Mesh
# File Version:
1.0
# Model Name:
Cube
# Vertex Stride Element Count:
3
# Vertex Stride Size (in bytes):
76
# Vertex Stride Data:
# (Int)    Offset
# (String) Type
0
VertexArray
12
NormalArray
24
TextureCoordArray
# Vertex Count:
356
# Vertex Buffer:
-0.01622967, -0.03238864, -0.04920943
-0.72325814, 0.63679922, -0.26703694
0.90866822, 0.26259881
-0.01622967, -0.03631616, -0.04628861
-0.30149236, -0.90450758, -0.30149236
0.92422962, 0.27416384
-0.01622967, -0.03238864, -0.04628861
-0.30149236, 0.30149236, -0.90450758
0.90866822, 0.27416384
0.00951005, 0.12176024, -0.00910712
0.57734919, 0.57734919, 0.57734919
0.54609323, 1.0
-0.02222239, -0.03631616, -0.0091071
-0.57734919, -0.57734919, 0.57734919
0.42036515, 0.37409443
0.00951003, -0.03631616, -0.0091071
0.57734919, -0.57734919, 0.57734919
0.5460934, 0.37409449
-0.02222239, 0.00048312, -0.02221077
-0.80132449, 0.22287667, -0.55513167
0.24271801, 0.51980168
-0.02222237, 0.12176024, -0.00910712
-0.57734919, 0.57734919, 0.57734919
0.29463658, 1.0
-0.02222237, 0.12176024, -0.02221077
-0.57734919, 0.57734919, -0.57734919
0.24271812, 1.0
0.00782037, 0.12176024, -0.02221077
0.30149236, 0.90450758, -0.30149236
0.30133134, 1.0
0.00951004, 0.00048312, -0.02221077
0.80132449, 0.22287667, -0.55513167
0.29463673, 0.51980165
0.00782035, 0.00048312, -0.02221077
0.63203835, 0.28873563, -0.71910763
0.30133149, 0.51980168
0.00951003, -0.02466538, -0.04628861
0.63203835, 0.28873563, -0.71910763
0.29463676, 0.42022592
0.00782035, -0.02466538, -0.04628861
0.12735374, 0.18115787, -0.97515792
0.30133152, 0.42022592
0.00951003, -0.03631616, -0.0091071
0.57734919, -0.57734919, 0.57734919
0.0, 0.37409443
0.00951003, -0.02466538, -0.04628861
0.63203835, 0.28873563, -0.71910763
0.14731829, 0.42022586
0.00951004, 0.00048312, -0.02221077
0.80132449, 0.22287667, -0.55513167
0.05191852, 0.51980165
-0.02053271, -0.02466537, -0.04628861
-0.12735374, 0.18115787, -0.97515792
0.41367021, 0.42022592
-0.02222239, 0.00048312, -0.02221077
-0.80132449, 0.22287667, -0.55513167
0.42036495, 0.51980171
-0.0205327, 0.00048312, -0.02221077
-0.63203835, 0.28873563, -0.71910763
0.41367018, 0.51980171
-0.02222237, 0.12176024, -0.02221077
-0.57734919, 0.57734919, -0.57734919
0.42036483, 1.0
-0.02053269, 0.12176024, -0.02221077
-0.30149236, 0.90450758, -0.30149236
0.41367006, 1.0
0.00066965, 0.12041558, -0.01808592
0.6477859, -0.40086061, 0.6477859
0.22254081, 0.05202842
-0.00629375, 0.12041558, -0.01520158
0.0, -0.40086061, 0.91613513
0.2436572, 0.03092605
-0.01614147, 0.12041558, -0.02504931
-0.91613513, -0.40086061, 0.0
0.29463658, 0.05202752
-0.00231296, 0.14642207, -0.0290301
0.54896694, 0.63023776, -0.54896694
0.33799887, 0.10297304
-0.00066407, 0.12675594, -0.02504931
0.95040745, 0.31095308, 0.0
0.32222646, 0.0251047
-0.00231297, 0.12675594, -0.0290301
0.67201757, 0.31095308, -0.67204809
0.33799887, 0.0251047
0.00066965, 0.12041558, -0.0320127
0.6477859, -0.40086061, -0.6477859
0.34981638, 0.0
0.00355399, 0.12041558, -0.02504931
0.91613513, -0.40086061, 0.0
0.32222649, 0.0
-0.01027452, 0.12675594, -0.02106855
-0.67204809, 0.31095308, 0.67201757
0.9520306, 0.16536033
-0.01614147, 0.12041558, -0.02504931
-0.91613513, -0.40086061, 0.0
0.93625826, 0.14025563
-0.01325715, 0.12041558, -0.0180859
-0.6477859, -0.40083009, 0.6477859
0.96384823, 0.14025563
-0.00629375, 0.12675594, -0.03067898
0.0, 0.31095308, -0.95040745
0.97240996, 0.06238735
0.00066965, 0.12041558, -0.0320127
0.6477859, -0.40086061, -0.6477859
0.94482005, 0.03728259
-0.00629375, 0.12041558, -0.03489707
0.0, -0.40083009, -0.91613513
0.97241002, 0.03728259
-0.00629375, 0.12675594, -0.01941965
0.0, 0.31095308, 0.95040745
0.03181828, 0.03082699
-0.01325715, 0.12041558, -0.0180859
-0.6477859, -0.40083009, 0.6477859
0.00422833, 0.00572228
-0.00629375, 0.12041558, -0.01520158
0.0, -0.40086061, 0.91613513
0.03181828, 0.00572228
0.00066965, 0.12041558, -0.01808592
0.6477859, -0.40086061, 0.6477859
0.05940823, 0.00572228
-0.01027452, 0.12675594, -0.0290301
-0.67204809, 0.31095308, -0.67204809
0.98818237, 0.06238735
-0.01325715, 0.12041558, -0.03201273
-0.6477859, -0.40083009, -0.6477859
0.99999994, 0.03728259
0.00066965, 0.12041558, -0.01808592
0.6477859, -0.40086061, 0.6477859
0.29463658, 0.0
-0.01027452, 0.12675594, -0.0290301
-0.67204809, 0.31095308, -0.67204809
0.92048585, 0.16536033
-0.01325715, 0.12041558, -0.03201273
-0.6477859, -0.40083009, -0.6477859
0.90866822, 0.14025563
-0.00629374, 0.14642207, -0.01941965
0.0, 0.63023776, 0.77636033
0.76459157, 0.02543861
-0.00231296, 0.14642207, -0.0290301
0.54896694, 0.63023776, -0.54896694
0.79373521, 0.05456287
-0.00629374, 0.14642207, -0.030679
0.0, 0.63023776, -0.77636033
0.78166354, 0.06662661
-0.01027452, 0.14642207, -0.02106855
-0.54896694, 0.63023776, 0.54896694
0.9520306, 0.24322867
-0.01192341, 0.12675594, -0.02504931
-0.95040745, 0.31095308, 0.0
0.93625826, 0.16536033
-0.00629374, 0.14642207, -0.030679
0.0, 0.63023776, -0.77636033
0.97240996, 0.14025563
-0.00231297, 0.12675594, -0.0290301
0.67201757, 0.31095308, -0.67204809
0.95663762, 0.06238735
-0.01027452, 0.14642207, -0.02106855
-0.54896694, 0.63023776, 0.54896694
0.01604591, 0.10869533
-0.01027452, 0.12675594, -0.02106855
-0.67204809, 0.31095308, 0.67201757
0.01604591, 0.03082699
-0.00231296, 0.14642207, -0.02106855
0.54896694, 0.63023776, 0.54896694
0.04759067, 0.10869533
-0.00231297, 0.12675594, -0.02106855
0.67204809, 0.31095308, 0.67204809
0.04759067, 0.03082699
-0.00066406, 0.14642207, -0.02504931
0.77636033, 0.63023776, 0.0
0.32222646, 0.10297304
-0.00231297, 0.12675594, -0.02106855
0.67204809, 0.31095308, 0.67204809
0.30645412, 0.0251047
-0.01192341, 0.14642207, -0.02504931
-0.77636033, 0.63023776, 0.0
0.9362582, 0.24322867
-0.00650128, 0.05956124, -0.04554022
0.0, -0.77636033, 0.63023776
0.46976408, 0.05723292
0.00019007, 0.06625256, -0.04554022
0.77636033, 0.0, 0.63023776
0.48411241, 0.02261633
-0.00650128, 0.07294387, -0.04554022
0.0, 0.77636033, 0.63023776
0.51875186, 0.03695536
0.00019007, 0.06625256, -0.05056981
0.77636033, 0.0, -0.63023776
0.41806164, 0.03695518
-0.00650128, 0.05956124, -0.05056981
0.0, -0.77636033, -0.63023776
0.45270124, 0.02261657
-0.00650128, 0.07294387, -0.05056981
0.0, 0.77636033, -0.63023776
0.43240997, 0.07157177
0.00019007, 0.06625256, -0.05056981
0.77636033, 0.0, -0.63023776
0.41806164, 0.17720765
-0.00176978, 0.07098407, -0.04554022
0.54896694, 0.54896694, 0.63023776
0.39813375, 0.1959421
0.00019007, 0.06625256, -0.04554022
0.77636033, 0.0, 0.63023776
0.39813375, 0.17720765
-0.01319262, 0.06625256, -0.05056981
-0.77636033, 0.0, -0.63023776
0.79078764, 0.18379766
-0.01123277, 0.06152105, -0.04554022
-0.54896694, -0.54896694, 0.63023776
0.77085978, 0.20253217
-0.01319262, 0.06625256, -0.04554022
-0.77636033, 0.0, 0.63023776
0.77085978, 0.18379766
-0.00176978, 0.07098407, -0.05056981
0.54896694, 0.54896694, -0.63023776
0.41806167, 0.12100428
-0.00650128, 0.07294387, -0.04554022
0.0, 0.77636033, 0.63023776
0.39813378, 0.13973868
-0.00176978, 0.07098407, -0.04554022
0.54896694, 0.54896694, 0.63023776
0.39813375, 0.12100428
-0.01123277, 0.06152105, -0.05056981
-0.54896694, -0.54896694, -0.63023776
0.77086014, 0.24000102
-0.00650128, 0.05956124, -0.04554022
0.0, -0.77636033, 0.63023776
0.79073983, 0.22126663
-0.01123277, 0.06152105, -0.04554022
-0.54896694, -0.54896694, 0.63023776
0.79078764, 0.24000102
-0.00650128, 0.05956124, -0.05056981
0.0, -0.77636033, -0.63023776
0.77081233, 0.22126663
-0.00176978, 0.06152105, -0.04554022
0.54896694, -0.54896694, 0.63023776
0.79078764, 0.20253217
-0.00650128, 0.07294387, -0.05056981
0.0, 0.77636033, -0.63023776
0.41806164, 0.13973868
-0.01123277, 0.07098407, -0.04554022
-0.54896694, 0.54896694, 0.63023776
0.39813375, 0.15847307
-0.00176978, 0.06152105, -0.05056981
0.54896694, -0.54896694, -0.63023776
0.41806164, 0.15847313
-0.00176978, 0.06152105, -0.04554022
0.54896694, -0.54896694, 0.63023776
0.39813375, 0.15847313
-0.01123277, 0.07098407, -0.05056981
-0.54896694, 0.54896694, -0.63023776
0.79078764, 0.1650632
-0.01123277, 0.07098407, -0.04554022
-0.54896694, 0.54896694, 0.63023776
0.77085978, 0.1650632
-0.01739236, 0.03233303, 0.05936631
0.0, 0.70708334, 0.70708334
0.67649031, 0.14910442
0.00480623, 0.03233303, -0.00910712
0.0, 0.89440596, -0.44718772
0.76444423, 0.42022586
-0.01739236, 0.03233303, -0.00910712
0.0, 0.89440596, -0.44718772
0.67649031, 0.42022586
-0.01562428, 0.03056495, 0.12625156
-0.57734919, 0.57734919, 0.57734919
0.87668335, 0.63997579
0.00303815, 0.03056495, 0.0353252
0.57734919, 0.57734919, -0.57734919
0.95062649, 1.0
-0.01562428, 0.03056495, 0.0353252
-0.57734919, 0.57734919, -0.57734919
0.87668335, 0.99999999
0.00480622, 0.00092256, 0.05936631
0.5769524, -0.57963806, 0.57542652
0.29463652, 0.37409449
-0.01739237, 0.00110352, 0.03452954
-0.67806023, -0.72756124, -0.10400708
0.20668268, 0.27575928
0.00480622, 0.00110352, 0.03452954
0.67806023, -0.72756124, -0.10400708
0.29463655, 0.27575928
0.00480622, 0.00750121, -0.00910712
0.58085877, -0.57786798, -0.57322913
0.54919142, 0.10296422
0.00480622, 0.00523439, 0.01998402
0.73949403, -0.66670734, -0.09280679
0.53928089, 0.21807486
0.00480622, 0.00523439, 0.00543844
0.74925995, -0.65175331, 0.11740471
0.53974557, 0.1604833
-0.01562428, 0.03056495, 0.12625156
-0.57734919, 0.57734919, 0.57734919
0.71979207, 0.14910442
0.00303815, 0.00973465, 0.12625156
0.57734919, -0.57734919, 0.57734919
0.79373521, 0.06662661
0.00303815, 0.03056495, 0.12625156
0.57734919, 0.57734919, 0.57734919
0.79373515, 0.14910442
0.00303815, 0.00973465, 0.12625156
0.57734919, -0.57734919, 0.57734919
0.87668335, 0.27995861
-0.01562428, 0.00973466, 0.0353252
-0.57734919, -0.57734919, -0.57734919
0.95062649, 0.63997585
0.00303815, 0.00973465, 0.0353252
0.57734919, -0.57734919, -0.57734919
0.87668335, 0.63997585
0.00303815, 0.03056495, 0.12625156
0.57734919, 0.57734919, 0.57734919
0.87668335, 0.63997585
0.00303815, 0.00973465, 0.0353252
0.57734919, -0.57734919, -0.57734919
0.79415083, 0.27995169
0.00303815, 0.03056495, 0.0353252
0.57734919, 0.57734919, -0.57734919
0.87668335, 0.27995169
-0.01562428, 0.00973466, 0.12625156
-0.57734919, -0.57734919, 0.57734919
0.79415089, 0.63997585
-0.01562428, 0.00973466, 0.0353252
-0.57734919, -0.57734919, -0.57734919
0.79415083, 0.99999999
-0.01739237, 0.00805332, 0.05936631
-0.29941711, -0.30097353, 0.90539265
0.51238364, 0.16770774
-0.01739237, 0.00092278, 0.05936631
-0.5769524, -0.57960755, 0.57542652
0.51238364, 0.19594121
0.00480622, 0.00805331, 0.05936631
0.29941711, -0.30097353, 0.90539265
0.4244298, 0.16770774
0.00303815, 0.00973465, 0.0353252
0.57734919, -0.57734919, -0.57734919
0.94482005, 0.14025563
-0.01562428, 0.03056495, 0.0353252
-0.57734919, 0.57734919, -0.57734919
0.87087691, 0.05777782
0.00303815, 0.03056495, 0.0353252
0.57734919, 0.57734919, -0.57734919
0.94482005, 0.05777782
0.00342705, 0.0642429, -0.00910712
0.57734919, -0.57734919, -0.57734919
0.77081233, 0.42022586
-0.01593777, 0.06766751, -0.00910712
-0.57734919, 0.57734919, -0.57734919
0.78438109, 0.34355062
0.00342705, 0.06766751, -0.00910712
0.57734919, 0.57734919, -0.57734919
0.78438109, 0.42022586
0.00342705, 0.0642429, -0.00910712
0.57734919, -0.57734919, -0.57734919
0.87087691, 0.0378902
-0.01593777, 0.0642429, 0.01674641
-0.90450758, -0.30149236, -0.30149236
0.79415089, 0.14025563
-0.01593777, 0.0642429, -0.00910712
-0.57734919, -0.57734919, -0.57734919
0.79415083, 0.0378902
-0.01593777, 0.06766751, 0.01979581
-0.57734919, 0.57734919, 0.57734919
0.64846116, 0.14910442
0.00342705, 0.06766751, -0.00910712
0.57734919, 0.57734919, -0.57734919
0.57173508, 0.03466284
-0.01593777, 0.06766751, -0.00910712
-0.57734919, 0.57734919, -0.57734919
0.64846116, 0.03466284
-0.01593777, 0.03249576, 0.01979581
-0.71501815, 0.0, 0.69905698
0.00422833, 0.23483151
0.00342705, 0.06766751, 0.01979581
0.57734919, 0.57734919, 0.57734919
0.0809544, 0.37409449
-0.01593777, 0.06766751, 0.01979581
-0.57734919, 0.57734919, 0.57734919
0.00422833, 0.37409449
-0.01593777, 0.0642429, 0.01674641
-0.90450758, -0.30149236, -0.30149236
0.0809544, 0.23483151
0.00342704, 0.03238639, 0.01674641
0.69887388, 0.0, -0.71520126
0.00422836, 0.10869527
-0.01593777, 0.0323864, 0.01674641
-0.69887388, 0.0, -0.71520126
0.08095444, 0.10869527
0.00342705, 0.0642429, 0.01674641
0.90450758, -0.30149236, -0.30149236
0.80623299, 0.26639187
0.00342704, 0.03249576, 0.01979581
0.71501815, 0.0, 0.69905698
0.79415089, 0.14068866
0.00342704, 0.03238639, 0.01674641
0.69887388, 0.0, -0.71520126
0.80623305, 0.14025563
-0.01593777, 0.0642429, 0.01674641
-0.90450758, -0.30149236, -0.30149236
0.09303655, 0.07212764
-0.01593777, 0.03249576, 0.01979581
-0.71501815, 0.0, 0.69905698
0.08095443, 0.19783086
-0.01593777, 0.06766751, 0.01979581
-0.57734919, 0.57734919, 0.57734919
0.0809544, 0.05856788
-0.01204699, -0.03631616, -0.05410147
-0.32697532, -0.62392038, -0.70976895
0.92422962, 0.24322867
-0.01204699, -0.03238864, -0.05410147
-0.32697532, 0.62392038, -0.70976895
0.90866822, 0.24322867
0.00374978, -0.03631616, -0.04920943
0.72386855, -0.63759267, -0.26355785
0.20697938, 0.09140801
0.00374981, -0.03238865, -0.04628861
0.30149236, 0.30149236, -0.90450758
0.22254072, 0.10297304
0.00374978, -0.03631616, -0.04628861
0.30149236, -0.90450758, -0.30149236
0.20697936, 0.10297304
-0.00035741, -0.03238865, -0.05410147
0.33039337, 0.62321848, -0.70879239
0.51875186, 0.08645642
-0.01204699, -0.03238864, -0.05410147
-0.32697532, 0.62392038, -0.70976895
0.51875186, 0.04017133
0.00374981, -0.03238865, -0.04628861
0.30149236, 0.30149236, -0.90450758
0.54970753, 0.10271895
-0.00035741, -0.03238865, -0.05410147
0.33039337, 0.62321848, -0.70879239
0.22254071, 0.07203788
0.00374981, -0.03238865, -0.04920943
0.72386855, 0.63756216, -0.26355785
0.22254074, 0.09140801
-0.00035741, -0.03238865, -0.05410147
0.33039337, 0.62321848, -0.70879239
0.40250033, 0.07471919
-0.01204699, -0.03631616, -0.05410147
-0.32697532, -0.62392038, -0.70976895
0.4180617, 0.12100428
-0.01204699, -0.03238864, -0.05410147
-0.32697532, 0.62392038, -0.70976895
0.40250033, 0.12100428
-0.01716857, 0.10868418, -0.05351424
0.57734919, -0.57734919, -0.57734919
0.06762532, 0.05692047
-0.02053269, 0.12176024, -0.05351424
-0.57734919, 0.57734919, -0.57734919
0.08095443, 0.10869533
-0.01716856, 0.12176024, -0.05351424
0.57734919, 0.57734919, -0.57734919
0.06762532, 0.10869533
0.00782037, 0.10868418, -0.05351424
0.57734919, -0.57734919, -0.57734919
0.56536686, 0.14909619
0.00422759, 0.12176024, -0.05351424
-0.57734919, 0.57734919, -0.57734919
0.55113178, 0.09732133
0.00782037, 0.12176024, -0.05351424
0.57734919, 0.57734919, -0.57734919
0.56536686, 0.09732133
-0.01716856, 0.12176024, -0.04922754
0.30149236, 0.90450758, -0.30149236
0.77081233, 0.29177576
-0.01716857, 0.10868418, -0.05351424
0.57734919, -0.57734919, -0.57734919
0.78779685, 0.24000102
-0.01716856, 0.12176024, -0.05351424
0.57734919, 0.57734919, -0.57734919
0.78779685, 0.29177576
0.00422759, 0.10868418, -0.04922754
-0.30149236, -0.90450758, -0.30149236
0.34981638, 0.10297304
-0.01716856, 0.12176024, -0.04922754
0.30149236, 0.90450758, -0.30149236
0.40162554, 0.01825464
0.00422759, 0.12176024, -0.04922754
-0.30149236, 0.90450758, -0.30149236
0.40162554, 0.10297304
0.00422759, 0.10868418, -0.04922754
-0.30149236, -0.90450758, -0.30149236
0.77081233, 0.34355062
0.00422759, 0.12176024, -0.05351424
-0.57734919, 0.57734919, -0.57734919
0.78779685, 0.29177576
0.00422759, 0.10868418, -0.05351424
-0.57734919, -0.57734919, -0.57734919
0.78779685, 0.34355062
-0.01204699, -0.03631616, -0.05410147
-0.32697532, -0.62392038, -0.70976895
0.47843552, 0.37409449
0.00374978, -0.03631616, -0.04628861
0.30149236, -0.90450758, -0.30149236
0.41584653, 0.34315991
-0.01622967, -0.03631616, -0.04628861
-0.30149236, -0.90450758, -0.30149236
0.49500784, 0.34315991
-0.02053269, 0.12176024, -0.02221077
-0.30149236, 0.90450758, -0.30149236
0.08764916, 0.250148
0.00782037, 0.12176024, -0.02221077
0.30149236, 0.90450758, -0.30149236
0.19998789, 0.250148
0.00422759, 0.12176024, -0.04922754
-0.30149236, 0.90450758, -0.30149236
0.18575281, 0.35712129
-0.01622967, -0.03238864, -0.04628861
-0.30149236, 0.30149236, -0.90450758
0.39662099, 0.38964552
0.00782037, 0.10868418, -0.04628861
0.90450758, -0.30149236, -0.30149236
0.97925496, 0.52771154
-0.02053269, 0.10868418, -0.04628861
-0.90450758, -0.30149236, -0.30149236
0.97925496, 0.63997579
0.00422759, 0.10868418, -0.04922754
-0.30149236, -0.90450758, -0.30149236
0.96761072, 0.54193717
-0.02053269, 0.12176024, -0.02221077
-0.30149236, 0.90450758, -0.30149236
0.79415083, 1.0
-0.02053269, 0.10868418, -0.04628861
-0.90450758, -0.30149236, -0.30149236
0.69875109, 0.94822511
-0.0205327, 0.00048312, -0.02221077
-0.63203835, 0.28873563, -0.71910763
0.79415083, 0.51980168
0.00480622, -0.00018165, -0.00910712
0.61162144, -0.74141669, 0.27603993
0.29463658, 0.10295135
-0.01739237, 0.0052344, 0.00543844
-0.74925995, -0.65175331, 0.11740471
0.20668271, 0.16067553
-0.01739237, -0.00018164, -0.00910712
-0.61162144, -0.74141669, 0.27603993
0.20668273, 0.10295135
0.00480622, 0.00523439, 0.01998402
0.73949403, -0.66670734, -0.09280679
0.29463655, 0.21826786
0.00480622, 0.00523439, 0.00543844
0.74925995, -0.65175331, 0.11740471
0.29463655, 0.16067559
-0.01739237, 0.0052344, 0.01998402
-0.73949403, -0.66670734, -0.09280679
0.20668271, 0.21826786
-0.01739237, 0.0052344, 0.01998402
-0.73949403, -0.66670734, -0.09280679
0.97115564, 0.88464411
-0.01739237, 0.00805332, 0.05936631
-0.29941711, -0.30097353, 0.90539265
0.98106617, 0.72862449
-0.01739237, 0.00750122, -0.00910712
-0.58085877, -0.57786798, -0.57322913
0.98106611, 0.99975474
-0.01899963, 0.00805332, 0.05936631
-0.57774591, -0.57478559, 0.57945496
0.39083615, 0.37409443
-0.01899962, 0.03233303, -0.00910712
-0.57734919, 0.57734919, -0.57734919
0.29463658, 0.10297304
-0.01899963, 0.00750122, -0.00910712
-0.57692188, -0.5798822, -0.57521284
0.39302361, 0.10297304
-0.01739236, 0.03233303, -0.00910712
0.0, 0.89440596, -0.44718772
0.55263048, 0.42022586
-0.01899963, 0.00750122, -0.00910712
-0.57692188, -0.5798822, -0.57521284
0.5589987, 0.32190394
-0.01899962, 0.03233303, -0.00910712
-0.57734919, 0.57734919, -0.57734919
0.5589987, 0.42022586
-0.01899962, 0.03233303, 0.05936631
-0.57734919, 0.57734919, 0.57734919
0.67012215, 0.14910442
-0.01899962, 0.03233303, 0.05936631
-0.57734919, 0.57734919, 0.57734919
0.51875186, 0.07157195
-0.01899963, 0.00805332, 0.05936631
-0.57774591, -0.57478559, 0.57945496
0.51875186, 0.16770774
-0.01739237, 0.00805332, 0.05936631
-0.29941711, -0.30097353, 0.90539265
0.57173508, 0.42022586
-0.01899963, 0.00750122, -0.00910712
-0.57692188, -0.5798822, -0.57521284
0.56536686, 0.14909619
-0.01739237, 0.00750122, -0.00910712
-0.58085877, -0.57786798, -0.57322913
0.57173502, 0.14909619
0.00641348, 0.03233303, -0.00910712
0.57734919, 0.57734919, -0.57734919
0.57173508, 0.42022586
0.00641347, 0.00805331, 0.05936631
0.57774591, -0.57478559, 0.57945496
0.66793466, 0.14910442
0.00641347, 0.00750121, -0.00910712
0.57692188, -0.5798822, -0.57521284
0.67012215, 0.42022586
0.00480623, 0.03233303, -0.00910712
0.0, 0.89440596, -0.44718772
0.55899864, 0.32190394
0.00641347, 0.00750121, -0.00910712
0.57692188, -0.5798822, -0.57521284
0.55263048, 0.22358203
0.00480622, 0.00750121, -0.00910712
0.58085877, -0.57786798, -0.57322913
0.55899864, 0.22358203
0.00480622, 0.00750121, -0.00910712
0.58085877, -0.57786798, -0.57322913
0.56536686, 0.42022586
0.00641347, 0.00805331, 0.05936631
0.57774591, -0.57478559, 0.57945496
0.5589987, 0.14909613
0.00480622, 0.00805331, 0.05936631
0.29941711, -0.30097353, 0.90539265
0.56536686, 0.14909613
0.00641348, 0.03233303, 0.05936631
0.57734919, 0.57734919, 0.57734919
0.41806164, 0.07157195
0.00480623, 0.03233303, 0.05936631
0.0, 0.70708334, 0.70708334
0.4244298, 0.07157195
0.00480623, 0.03233303, 0.05936631
0.0, 0.70708334, 0.70708334
0.76444423, 0.14910442
0.00641348, 0.03233303, -0.00910712
0.57734919, 0.57734919, -0.57734919
0.77081233, 0.42022586
0.00782035, 0.00687796, -0.02437146
0.90450758, 0.30149236, -0.30149236
0.00422833, 0.37409449
0.00705894, 0.03759358, -0.02437146
0.57734919, -0.57734919, -0.57734919
0.00121148, 0.25247556
0.00782036, 0.03759358, -0.02437146
0.90450758, -0.30149236, -0.30149236
0.00422832, 0.25247556
0.00782036, 0.03759358, -0.02437146
0.90450758, -0.30149236, -0.30149236
0.66156113, 0.75348482
0.00782036, 0.03759358, -0.0423746
0.90450758, -0.30149236, 0.30149236
0.59023023, 0.75348483
0.00782037, 0.10868418, -0.04628861
0.90450758, -0.30149236, -0.30149236
0.57472241, 0.47200066
0.00782035, 0.00687796, -0.0423746
0.90450758, 0.30149236, 0.30149236
0.59023023, 0.87510374
0.00782035, 0.00048312, -0.02221077
0.63203835, 0.28873563, -0.71910763
0.67012215, 0.90042421
0.00782035, -0.02466538, -0.04628861
0.12735374, 0.18115787, -0.97515792
0.57472241, 1.0
0.00705894, 0.03759358, -0.0423746
0.57734919, -0.57734919, 0.57734919
0.64846116, 0.02748549
0.00705893, 0.00687796, -0.02437146
0.57734919, 0.57734919, -0.57734919
0.71979207, 0.14910442
0.00705893, 0.00687796, -0.0423746
0.57734919, 0.57734919, 0.57734919
0.64846116, 0.14910442
0.00782035, 0.00687796, -0.0423746
0.90450758, 0.30149236, 0.30149236
0.54961365, 0.22732323
0.00705893, 0.00687796, -0.02437146
0.57734919, 0.57734919, -0.57734919
0.55263048, 0.29860687
0.00782035, 0.00687796, -0.02437146
0.90450758, 0.30149236, -0.30149236
0.54961365, 0.29860687
0.00782036, 0.03759358, -0.02437146
0.90450758, -0.30149236, -0.30149236
0.78739798, 0.42022586
0.00705894, 0.03759358, -0.0423746
0.57734919, -0.57734919, 0.57734919
0.78438109, 0.34894359
0.00782036, 0.03759358, -0.0423746
0.90450758, -0.30149236, 0.30149236
0.78739798, 0.34894359
0.00782035, 0.00687796, -0.0423746
0.90450758, 0.30149236, 0.30149236
0.55263054, 0.29860693
0.00705894, 0.03759358, -0.0423746
0.57734919, -0.57734919, 0.57734919
0.54961365, 0.42022586
0.00705893, 0.00687796, -0.0423746
0.57734919, 0.57734919, 0.57734919
0.54961365, 0.29860693
-0.01622967, -0.03631616, -0.04920943
-0.72325814, -0.63679922, -0.26703694
0.92422962, 0.26259881
-0.02222237, 0.12176024, -0.00910712
-0.57734919, 0.57734919, 0.57734919
0.42036501, 0.99999995
-0.02222239, -0.02466537, -0.04628861
-0.63203835, 0.28873563, -0.71910763
0.14731829, 0.42022592
-0.02222239, -0.03631616, -0.0091071
-0.57734919, -0.57734919, 0.57734919
0.29463652, 0.37409449
-0.02222239, -0.03631616, -0.04628861
-0.57734919, -0.57734919, -0.57734919
0.14731829, 0.37409449
0.00951005, 0.12176024, -0.02221077
0.57734919, 0.57734919, -0.57734919
0.29463658, 1.0
0.00951005, 0.12176024, -0.02221077
0.57734919, 0.57734919, -0.57734919
0.05191845, 1.0
0.00951005, 0.12176024, -0.00910712
0.57734919, 0.57734919, 0.57734919
0.0, 1.0
0.00951003, -0.03631616, -0.04628861
0.57734919, -0.57734919, -0.57734919
0.14731827, 0.37409443
-0.02222239, -0.02466537, -0.04628861
-0.63203835, 0.28873563, -0.71910763
0.42036498, 0.42022592
-0.01325715, 0.12041558, -0.03201273
-0.6477859, -0.40083009, -0.6477859
0.29463658, 0.08187044
-0.00629375, 0.12041558, -0.03489707
0.0, -0.40083009, -0.91613513
0.27352017, 0.10297281
0.00066965, 0.12041558, -0.0320127
0.6477859, -0.40086061, -0.6477859
0.24365707, 0.10297304
0.00355399, 0.12041558, -0.02504931
0.91613513, -0.40086061, 0.0
0.22254074, 0.08187121
-0.01325715, 0.12041558, -0.0180859
-0.6477859, -0.40083009, 0.6477859
0.27352026, 0.03092563
-0.01027452, 0.14642207, -0.02903012
-0.54896694, 0.63023776, -0.54896694
0.76459163, 0.06662661
-0.01192341, 0.14642207, -0.02504931
-0.77636033, 0.63023776, 0.0
0.75251997, 0.05456287
-0.01027452, 0.14642207, -0.02106855
-0.54896694, 0.63023776, 0.54896694
0.75251997, 0.03750229
-0.00231296, 0.14642207, -0.02106855
0.54896694, 0.63023776, 0.54896694
0.78166354, 0.02543861
-0.00066406, 0.14642207, -0.02504931
0.77636033, 0.63023776, 0.0
0.79373521, 0.03750223
-0.00231296, 0.14642207, -0.0290301
0.54896694, 0.63023776, -0.54896694
0.95663756, 0.14025563
-0.00629374, 0.14642207, -0.01941965
0.0, 0.63023776, 0.77636033
0.03181828, 0.10869533
-0.01027452, 0.14642207, -0.02903012
-0.54896694, 0.63023776, -0.54896694
0.98818231, 0.14025563
-0.00231296, 0.14642207, -0.02106855
0.54896694, 0.63023776, 0.54896694
0.30645409, 0.10297304
-0.01027452, 0.14642207, -0.02903012
-0.54896694, 0.63023776, -0.54896694
0.92048573, 0.24322867
-0.01123277, 0.07098407, -0.04554022
-0.54896694, 0.54896694, 0.63023776
0.51875186, 0.05723327
-0.01319262, 0.06625256, -0.04554022
-0.77636033, 0.0, 0.63023776
0.50440347, 0.07157189
-0.01123277, 0.06152105, -0.04554022
-0.54896694, -0.54896694, 0.63023776
0.48411199, 0.07157177
-0.00176978, 0.06152105, -0.04554022
0.54896694, -0.54896694, 0.63023776
0.46976408, 0.03695494
-0.00176978, 0.07098407, -0.04554022
0.54896694, 0.54896694, 0.63023776
0.50440389, 0.02261651
-0.01319262, 0.06625256, -0.05056981
-0.77636033, 0.0, -0.63023776
0.46704954, 0.0572331
-0.01123277, 0.07098407, -0.05056981
-0.54896694, 0.54896694, -0.63023776
0.45270133, 0.07157189
-0.00176978, 0.07098407, -0.05056981
0.54896694, 0.54896694, -0.63023776
0.41806167, 0.05723327
-0.00176978, 0.06152105, -0.05056981
0.54896694, -0.54896694, -0.63023776
0.43240988, 0.02261639
-0.01123277, 0.06152105, -0.05056981
-0.54896694, -0.54896694, -0.63023776
0.46704954, 0.03695506
-0.00176978, 0.07098407, -0.05056981
0.54896694, 0.54896694, -0.63023776
0.41806164, 0.1959421
-0.01123277, 0.06152105, -0.05056981
-0.54896694, -0.54896694, -0.63023776
0.79078764, 0.20253217
-0.00176978, 0.06152105, -0.05056981
0.54896694, -0.54896694, -0.63023776
0.77086014, 0.20253217
-0.01123277, 0.07098407, -0.05056981
-0.54896694, 0.54896694, -0.63023776
0.41806167, 0.15847313
0.00303815, 0.03056495, 0.12625156
0.57734919, 0.57734919, 0.57734919
0.95062649, 0.63997579
-0.01739237, 0.00092278, 0.05936631
-0.5769524, -0.57960755, 0.57542652
0.20668267, 0.37409449
0.00480622, 0.00805331, 0.05936631
0.29941711, -0.30097353, 0.90539265
0.54919142, 0.37409449
0.00480622, 0.00092256, 0.05936631
0.5769524, -0.57963806, 0.57542652
0.52093929, 0.37386686
0.00480622, 0.00110352, 0.03452954
0.67806023, -0.72756124, -0.10400708
0.52244967, 0.27553427
0.00480622, -0.00018165, -0.00910712
0.61162144, -0.74141669, 0.27603993
0.51875186, 0.10271895
-0.01562428, 0.00973466, 0.12625156
-0.57734919, -0.57734919, 0.57734919
0.71979207, 0.06662661
-0.01562428, 0.00973466, 0.12625156
-0.57734919, -0.57734919, 0.57734919
0.95062649, 0.27995861
0.00303815, 0.00973465, 0.12625156
0.57734919, -0.57734919, 0.57734919
0.79415089, 0.63997585
-0.01739236, 0.03233303, 0.05936631
0.0, 0.70708334, 0.70708334
0.51238364, 0.07157195
0.00480622, 0.00092256, 0.05936631
0.5769524, -0.57963806, 0.57542652
0.42442977, 0.1959421
-0.01562428, 0.00973466, 0.0353252
-0.57734919, -0.57734919, -0.57734919
0.87087691, 0.14025563
-0.01593777, 0.0642429, -0.00910712
-0.57734919, -0.57734919, -0.57734919
0.77081233, 0.34355062
0.00342705, 0.0642429, 0.01674641
0.90450758, -0.30149236, -0.30149236
0.87087691, 0.14025563
0.00342705, 0.06766751, 0.01979581
0.57734919, 0.57734919, 0.57734919
0.57173508, 0.14910442
0.00342704, 0.03249576, 0.01979581
0.71501815, 0.0, 0.69905698
0.0809544, 0.23483151
0.00342705, 0.0642429, 0.01674641
0.90450758, -0.30149236, -0.30149236
0.00422833, 0.23483151
0.00342705, 0.0642429, -0.00910712
0.57734919, -0.57734919, -0.57734919
0.90866828, 0.26639187
0.00342705, 0.06766751, -0.00910712
0.57734919, 0.57734919, -0.57734919
0.90866828, 0.27995169
0.00342705, 0.06766751, 0.01979581
0.57734919, 0.57734919, 0.57734919
0.79415083, 0.27995163
-0.01593777, 0.06766751, -0.00910712
-0.57734919, 0.57734919, -0.57734919
0.19547179, 0.05856788
-0.01593777, 0.0642429, -0.00910712
-0.57734919, -0.57734919, -0.57734919
0.19547179, 0.07212764
-0.01593777, 0.0323864, 0.01674641
-0.69887388, 0.0, -0.71520126
0.09303656, 0.19826388
-0.01622967, -0.03238864, -0.04628861
-0.30149236, 0.30149236, -0.90450758
0.54970753, 0.02360994
0.00374981, -0.03238865, -0.04920943
0.72386855, 0.63756216, -0.26355785
0.53813481, 0.10271895
-0.01622967, -0.03238864, -0.04920943
-0.72325814, 0.63679922, -0.26703694
0.53813475, 0.02360994
-0.00035741, -0.03631616, -0.05410147
0.33039337, -0.62321848, -0.70879239
0.20697936, 0.07203788
-0.00035741, -0.03631616, -0.05410147
0.33039337, -0.62321848, -0.70879239
0.4180617, 0.07471919
-0.02053269, 0.10868418, -0.05351424
-0.57734919, -0.57734919, -0.57734919
0.08095443, 0.05692047
0.00422759, 0.10868418, -0.05351424
-0.57734919, -0.57734919, -0.57734919
0.55113178, 0.14909619
-0.01716857, 0.10868418, -0.04922754
0.30149236, -0.90450758, -0.30149236
0.77081233, 0.24000102
-0.01716857, 0.10868418, -0.04922754
0.30149236, -0.90450758, -0.30149236
0.34981638, 0.01825464
0.00422759, 0.12176024, -0.04922754
-0.30149236, 0.90450758, -0.30149236
0.77081233, 0.29177576
-0.02222239, -0.03631616, -0.0091071
-0.57734919, -0.57734919, 0.57734919
0.51875186, 0.1959421
-0.02222239, -0.03631616, -0.04628861
-0.57734919, -0.57734919, -0.57734919
0.5187518, 0.34315991
-0.01622967, -0.03631616, -0.04920943
-0.72325814, -0.63679922, -0.26703694
0.49500784, 0.35472476
-0.00035741, -0.03631616, -0.05410147
0.33039337, -0.62321848, -0.70879239
0.43211976, 0.37409449
0.00951003, -0.03631616, -0.04628861
0.57734919, -0.57734919, -0.57734919
0.39302364, 0.34315991
0.00951003, -0.03631616, -0.0091071
0.57734919, -0.57734919, 0.57734919
0.39302364, 0.1959421
0.00374978, -0.03631616, -0.04920943
0.72386855, -0.63759267, -0.26355785
0.41584653, 0.35472476
-0.01716856, 0.12176024, -0.05351424
0.57734919, 0.57734919, -0.57734919
0.10097826, 0.37409449
-0.02053269, 0.12176024, -0.05351424
-0.57734919, 0.57734919, -0.57734919
0.08764914, 0.37409449
-0.01716856, 0.12176024, -0.04922754
0.30149236, 0.90450758, -0.30149236
0.10097826, 0.35712129
-0.02222237, 0.12176024, -0.02221077
-0.57734919, 0.57734919, -0.57734919
0.0809544, 0.250148
-0.02222237, 0.12176024, -0.00910712
-0.57734919, 0.57734919, 0.57734919
0.08095441, 0.19826388
0.00951005, 0.12176024, -0.00910712
0.57734919, 0.57734919, 0.57734919
0.20668267, 0.19826394
0.00782037, 0.12176024, -0.05351424
0.57734919, 0.57734919, -0.57734919
0.19998787, 0.37409449
0.00951005, 0.12176024, -0.02221077
0.57734919, 0.57734919, -0.57734919
0.20668265, 0.250148
0.00422759, 0.12176024, -0.05351424
-0.57734919, 0.57734919, -0.57734919
0.18575279, 0.37409449
-0.02053269, 0.10868418, -0.04628861
-0.90450758, -0.30149236, -0.30149236
0.41367006, 0.94822517
0.00374981, -0.03238865, -0.04628861
0.30149236, 0.30149236, -0.90450758
0.31745955, 0.38964552
0.00782037, 0.10868418, -0.04628861
0.90450758, -0.30149236, -0.30149236
0.30133134, 0.94822517
-0.02222239, -0.03631616, -0.04628861
-0.57734919, -0.57734919, -0.57734919
0.42036501, 0.37409449
-0.01622967, -0.03631616, -0.04628861
-0.30149236, -0.90450758, -0.30149236
0.39662102, 0.37409449
0.00951003, -0.03631616, -0.04628861
0.57734919, -0.57734919, -0.57734919
0.29463676, 0.37409443
0.00374978, -0.03631616, -0.04628861
0.30149236, -0.90450758, -0.30149236
0.31745967, 0.37409443
-0.02053269, 0.10868418, -0.05351424
-0.57734919, -0.57734919, -0.57734919
0.95062655, 0.63997579
-0.01716857, 0.10868418, -0.04922754
0.30149236, -0.90450758, -0.30149236
0.96761072, 0.62665549
-0.01716857, 0.10868418, -0.05351424
0.57734919, -0.57734919, -0.57734919
0.95062655, 0.62665549
0.00422759, 0.10868418, -0.05351424
-0.57734919, -0.57734919, -0.57734919
0.95062655, 0.54193717
0.00782037, 0.10868418, -0.05351424
0.57734919, -0.57734919, -0.57734919
0.95062655, 0.52771154
-0.02053269, 0.12176024, -0.05351424
-0.57734919, 0.57734919, -0.57734919
0.67012215, 0.99999995
-0.02053271, -0.02466537, -0.04628861
-0.12735374, 0.18115787, -0.97515792
0.69875109, 0.42022586
-0.02053269, 0.10868418, -0.05351424
-0.57734919, -0.57734919, -0.57734919
0.67012215, 0.94822511
-0.01739237, -0.00018164, -0.00910712
-0.61162144, -0.74141669, 0.27603993
0.95062655, 1.0
-0.01739237, 0.0052344, 0.00543844
-0.74925995, -0.65175331, 0.11740471
0.97162026, 0.94223565
-0.01739237, 0.00110352, 0.03452954
-0.67806023, -0.72756124, -0.10400708
0.95432436, 0.82718468
-0.01739237, 0.00092278, 0.05936631
-0.5769524, -0.57960755, 0.57542652
0.95281488, 0.72885212
-0.01899962, 0.03233303, 0.05936631
-0.57734919, 0.57734919, 0.57734919
0.29463658, 0.37409449
-0.01739237, 0.00750122, -0.00910712
-0.58085877, -0.57786798, -0.57322913
0.55263048, 0.32190394
-0.01899962, 0.03233303, -0.00910712
-0.57734919, 0.57734919, -0.57734919
0.67012215, 0.42022586
-0.01899963, 0.00805332, 0.05936631
-0.57774591, -0.57478559, 0.57945496
0.56536686, 0.42022586
0.00641348, 0.03233303, 0.05936631
0.57734919, 0.57734919, 0.57734919
0.57173508, 0.14910442
0.00641348, 0.03233303, -0.00910712
0.57734919, 0.57734919, -0.57734919
0.55263048, 0.32190394
0.00641347, 0.00750121, -0.00910712
0.57692188, -0.5798822, -0.57521284
0.5589987, 0.42022586
0.00641347, 0.00805331, 0.05936631
0.57774591, -0.57478559, 0.57945496
0.41806164, 0.16770774
0.00641348, 0.03233303, 0.05936631
0.57734919, 0.57734919, 0.57734919
0.77081233, 0.14910442
0.00705893, 0.00687796, -0.02437146
0.57734919, 0.57734919, -0.57734919
0.00121148, 0.37409449
0.00782037, 0.12176024, -0.02221077
0.30149236, 0.90450758, -0.30149236
0.67012215, 0.42022586
0.00782035, 0.00687796, -0.02437146
0.90450758, 0.30149236, -0.30149236
0.66156113, 0.87510374
0.00782037, 0.10868418, -0.05351424
0.57734919, -0.57734919, -0.57734919
0.5460934, 0.47200066
0.00782037, 0.12176024, -0.05351424
0.57734919, 0.57734919, -0.57734919
0.5460934, 0.42022586
0.00705894, 0.03759358, -0.02437146
0.57734919, -0.57734919, -0.57734919
0.71979207, 0.02748549
0.00705893, 0.00687796, -0.0423746
0.57734919, 0.57734919, 0.57734919
0.55263048, 0.22732323
0.00705894, 0.03759358, -0.02437146
0.57734919, -0.57734919, -0.57734919
0.78438115, 0.42022586
0.00782036, 0.03759358, -0.0423746
0.90450758, -0.30149236, 0.30149236
0.55263048, 0.42022586
# Number of Faces:
246
# Face Data:
0, 1, 2
3, 4, 5
6, 7, 8
9, 10, 11
11, 12, 13
14, 15, 16
17, 18, 19
19, 20, 21
22, 23, 24
25, 26, 27
28, 26, 29
30, 31, 32
33, 34, 35
36, 37, 38
39, 36, 38
40, 35, 41
26, 42, 29
31, 43, 44
45, 46, 47
48, 49, 30
50, 51, 33
36, 52, 53
54, 36, 55
40, 50, 33
56, 57, 26
58, 43, 49
59, 60, 61
62, 63, 64
65, 66, 67
68, 69, 70
71, 72, 73
74, 75, 76
77, 78, 75
79, 80, 72
81, 67, 82
83, 70, 84
85, 86, 87
88, 89, 90
91, 92, 93
94, 95, 96
97, 98, 99
100, 101, 102
103, 104, 105
106, 90, 107
108, 109, 110
111, 112, 113
114, 115, 116
117, 118, 119
120, 121, 122
123, 124, 125
126, 127, 128
129, 130, 131
132, 133, 134
135, 0, 136
137, 138, 139
140, 141, 142
137, 143, 144
145, 146, 147
148, 149, 150
151, 152, 153
154, 155, 156
157, 158, 159
160, 161, 162
163, 164, 165
166, 167, 168
17, 13, 169
170, 171, 172
173, 174, 175
176, 177, 178
179, 177, 180
93, 181, 179
182, 183, 184
185, 186, 187
188, 189, 190
87, 191, 85
108, 192, 193
194, 195, 196
197, 198, 199
200, 201, 202
203, 204, 205
110, 206, 207
208, 209, 86
210, 211, 212
213, 214, 215
216, 217, 218
219, 220, 221
222, 223, 224
225, 226, 227
228, 229, 230
0, 231, 1
3, 232, 4
6, 233, 234
234, 7, 6
233, 235, 234
9, 236, 10
11, 10, 12
237, 238, 16
14, 239, 15
16, 238, 14
17, 240, 18
19, 18, 20
24, 241, 242
242, 243, 24
244, 22, 24
23, 245, 24
24, 243, 244
25, 56, 26
28, 27, 26
30, 49, 31
33, 51, 34
36, 53, 37
39, 55, 36
40, 33, 35
26, 57, 42
31, 49, 43
47, 246, 247
247, 248, 45
45, 249, 250
250, 46, 45
47, 247, 45
48, 58, 49
50, 251, 51
36, 252, 52
54, 252, 36
40, 253, 50
56, 254, 57
58, 255, 43
61, 256, 257
257, 258, 59
59, 259, 60
60, 260, 61
61, 257, 59
261, 262, 64
64, 263, 62
62, 264, 63
63, 265, 261
261, 64, 63
65, 266, 66
68, 267, 69
71, 79, 72
74, 77, 75
77, 268, 78
79, 269, 80
81, 65, 67
83, 68, 70
85, 208, 86
88, 270, 89
91, 271, 92
272, 273, 274
272, 274, 95
96, 275, 94
272, 95, 94
97, 276, 98
100, 277, 101
103, 278, 104
106, 88, 90
110, 207, 279
279, 108, 110
109, 280, 110
111, 281, 112
114, 282, 115
117, 283, 118
120, 284, 121
123, 285, 124
126, 286, 127
129, 287, 288
289, 130, 129
129, 288, 289
290, 291, 132
132, 292, 133
134, 290, 132
135, 231, 0
137, 144, 138
293, 142, 141
294, 140, 142
141, 295, 293
137, 296, 143
145, 297, 146
148, 298, 149
151, 299, 152
154, 300, 155
157, 301, 158
160, 302, 161
303, 304, 165
165, 305, 163
163, 306, 164
164, 307, 308
306, 309, 164
303, 165, 308
164, 308, 165
310, 311, 312
166, 313, 314
314, 315, 167
167, 316, 168
315, 317, 167
312, 311, 166
166, 314, 167
316, 318, 168
168, 312, 166
17, 319, 13
13, 12, 320
319, 321, 13
322, 240, 169
169, 323, 322
324, 325, 320
169, 240, 17
12, 324, 320
320, 169, 13
171, 326, 327
326, 328, 327
329, 330, 172
171, 327, 172
172, 330, 170
173, 331, 174
174, 332, 175
331, 333, 174
176, 180, 177
179, 181, 177
93, 92, 181
184, 334, 335
182, 336, 183
184, 335, 182
336, 337, 183
185, 338, 186
188, 339, 189
87, 340, 191
108, 279, 192
194, 341, 195
197, 342, 198
200, 343, 201
203, 344, 204
110, 345, 206
208, 346, 209
210, 347, 211
348, 217, 213
217, 349, 213
350, 351, 215
216, 218, 214
215, 351, 348
348, 213, 215
214, 218, 215
216, 349, 217
219, 352, 220
222, 353, 223
225, 354, 226
228, 355, 229
