# Project Zomboid Skinned Mesh
# File Version:
1.0
# Model Name:
Cube.002
# Vertex Stride Element Count:
3
# Vertex Stride Size (in bytes):
76
# Vertex Stride Data:
# (Int)    Offset
# (String) Type
0
VertexArray
12
NormalArray
24
TextureCoordArray
# Vertex Count:
494
# Vertex Buffer:
0.00646755, 0.12371593, -0.00897819
0.57856989, -0.57582325, -0.57759333
0.43848327, 0.66627184
0.00646755, 0.12297491, 0.04696589
0.57609791, -0.57881403, 0.57707447
0.5026803, 0.66627172
-0.00753007, 0.12297491, 0.04696589
-0.57609791, -0.57881403, 0.57707447
0.50268024, 0.60294497
0.00646755, 0.12371593, -0.00897819
0.57856989, -0.57582325, -0.57759333
0.50418568, 0.91932133
0.00646755, 0.1662288, -0.00941226
0.57609791, 0.57881403, -0.57707447
0.55296838, 0.91932139
0.00646755, 0.16548778, 0.04653188
0.57856989, 0.57582325, 0.57759333
0.55146283, 0.66627169
-0.00753007, 0.1662288, -0.00941226
-0.57609791, 0.57881403, -0.57707447
0.61565971, 0.60294488
-0.00753007, 0.16548778, 0.04653188
-0.57856989, 0.57582325, 0.57759333
0.55146283, 0.60294497
-0.00753007, 0.12371593, -0.00897819
-0.57856989, -0.57582325, -0.57759333
0.50418562, 0.34989536
-0.00753007, 0.12371593, -0.00897819
-0.57856989, -0.57582325, -0.57759333
0.50418568, 0.98264802
-0.00718299, 0.12777498, -0.04902729
-0.57734919, 0.62544632, -0.52482682
0.87143654, 0.6181235
0.00631356, 0.12777498, -0.04902729
0.57734919, 0.62544632, -0.52482682
0.87143654, 0.55706376
0.00631356, 0.11110308, -0.05048589
0.74050111, 0.1530198, -0.65437788
0.85223377, 0.55706376
-0.00718299, 0.11110308, -0.05048589
-0.74050111, 0.1530198, -0.65437788
0.9017837, 0.66206449
-0.00718299, 0.08788902, -0.05954919
-0.56379896, -0.43565172, -0.70162052
0.92922485, 0.69375837
-0.00718299, 0.08643199, -0.04289461
-0.57734919, -0.62544632, 0.52482682
0.92922485, 0.6181235
-0.00718299, 0.08788902, -0.05954919
-0.56379896, -0.43565172, -0.70162052
0.94840759, 0.61812359
0.00631356, 0.08788902, -0.05954919
0.56379896, -0.43565172, -0.70162052
0.94840759, 0.55706376
0.00631356, 0.08643199, -0.04289461
0.57734919, -0.62544632, 0.52482682
0.92922485, 0.55706376
0.00631356, 0.08788902, -0.05954919
0.56379896, -0.43565172, -0.70162052
0.92922485, 0.48142904
0.00631356, 0.11110308, -0.05048589
0.74050111, 0.1530198, -0.65437788
0.9017837, 0.51312286
0.00631356, 0.08788902, -0.05954919
0.56379896, -0.43565172, -0.70162052
0.82363927, 0.55706376
-0.00718299, 0.08788902, -0.05954919
-0.56379896, -0.43565172, -0.70162052
0.82363927, 0.61812368
-0.00718299, 0.11110308, -0.05048589
-0.74050111, 0.1530198, -0.65437788
0.85223377, 0.61812359
0.00631356, 0.11025659, -0.04081019
0.70708334, -0.06161687, 0.70439774
0.9017837, 0.55706376
-0.00718299, 0.11025659, -0.04081019
-0.70708334, -0.06161687, 0.70439774
0.9017837, 0.61812359
-0.00718299, 0.12692848, -0.0393516
-0.57734919, 0.52482682, 0.62544632
0.88258076, 0.61812359
-0.00718299, 0.12777498, -0.04902729
-0.57734919, 0.62544632, -0.52482682
0.88258076, 0.66206449
0.00631356, 0.12692848, -0.0393516
0.57734919, 0.52482682, 0.62544632
0.88258076, 0.55706376
0.00631356, 0.12777498, -0.04902729
0.57734919, 0.62544632, -0.52482682
0.88258076, 0.51312286
-0.00516224, 0.36362034, -0.01967949
-0.77636033, -0.62785727, -0.05493332
0.61765939, 0.6148403
-0.00370115, 0.36331284, -0.01616544
-0.54896694, -0.67571032, 0.49192786
0.61806864, 0.6152173
-0.00370112, 0.38973224, -0.01385405
-0.68877226, -0.28534806, 0.66643268
0.62678307, 0.6019071
-0.00017372, 0.36318558, -0.01470987
0.0, -0.69551682, 0.71849728
0.61824536, 0.61619946
-0.00017369, 0.38960502, -0.01239846
0.00112918, -0.37611011, 0.92654192
0.62714505, 0.61181051
0.00335374, 0.36331284, -0.01616544
0.54896694, -0.67571032, 0.49195838
0.61811012, 0.6173557
0.00335374, 0.38973224, -0.01385405
0.68877226, -0.28534806, 0.66643268
0.62727773, 0.62461209
0.00481486, 0.36362034, -0.01967945
0.77636033, -0.62785727, -0.05493332
0.61771566, 0.61810896
0.00481486, 0.3900398, -0.01736804
0.97405928, -0.22534868, -0.01971496
0.62663585, 0.63523355
0.00335374, 0.36392775, -0.02319344
0.54896694, -0.58000427, -0.601825
0.61708575, 0.61804104
0.00335374, 0.39034718, -0.02088203
0.68877226, -0.16531877, -0.70586258
0.62540376, 0.64534158
-0.00017372, 0.36405513, -0.02464901
0.0, -0.56016725, -0.82833338
0.61619741, 0.61695039
-0.00017369, 0.39047456, -0.02233762
0.0, -0.14044619, -0.99008149
0.62360555, 0.65330723
-0.00017369, 0.39282787, -0.02318296
0.0, -0.11807612, -0.99298072
0.62462616, 0.66402581
0.00409427, 0.39267376, -0.02142183
0.69219029, -0.14307077, -0.707358
0.62710547, 0.65036935
-0.00516221, 0.3900398, -0.01736804
-0.97405928, -0.22534868, -0.01971496
0.62570274, 0.59191439
-0.00370112, 0.39034718, -0.02088203
-0.68877226, -0.16531877, -0.70586258
0.62405413, 0.58274633
-0.00370115, 0.36392775, -0.02319344
-0.54896694, -0.58000427, -0.60179448
0.61702996, 0.61527547
0.00586211, 0.40134972, -0.01637854
0.98599201, 0.16605121, 0.01452681
0.63598663, 0.64560935
0.00409427, 0.4009777, -0.01212682
0.82512891, 0.27088228, 0.49574268
0.63586169, 0.62699461
0.00409427, 0.39192986, -0.01291839
0.81759089, -0.38770714, 0.42564166
0.62921321, 0.62471598
0.00586211, 0.39230174, -0.01717017
0.9789117, -0.20340587, -0.01779229
0.62846643, 0.63756853
-0.00444168, 0.39192986, -0.01291839
-0.82064271, -0.39310893, 0.41468552
0.62868941, 0.60052386
-0.00620953, 0.39230174, -0.01717011
-0.9789117, -0.20340587, -0.01776177
0.62739021, 0.58837456
-0.00444168, 0.39267376, -0.02142183
-0.69219029, -0.14307077, -0.707358
0.625503, 0.57675859
-0.00017369, 0.39282787, -0.02318296
0.0, -0.11807612, -0.99298072
0.62249649, 0.56526664
-0.00021479, 0.3916772, -0.01064914
-0.00241096, -0.97277749, 0.231666
0.62874246, 0.61215311
-0.00021479, 0.3916772, -0.01064914
-0.00241096, -0.97277749, 0.231666
0.62876189, 0.61297083
-0.00017369, 0.38960502, -0.01239846
0.00112918, -0.37611011, 0.92654192
0.62720686, 0.61458814
-0.0062095, 0.40134972, -0.01637854
-0.98599201, 0.16605121, 0.01452681
0.63441294, 0.5753856
-0.00514782, 0.40425822, -0.01612405
-0.98342848, 0.18048647, 0.01577807
0.63781554, 0.57094178
-0.00369093, 0.4045648, -0.01962792
-0.69539475, 0.24109623, -0.6769616
0.63659388, 0.54968736
-0.00444165, 0.40172172, -0.02063026
-0.69719535, 0.22681355, -0.68001342
0.63283974, 0.55651495
-0.00017369, 0.40187585, -0.02239134
0.0, 0.25199133, -0.96771139
0.63009208, 0.53656197
-0.00017369, 0.40187585, -0.02239134
0.0, 0.25199133, -0.96771139
0.63346022, 0.68698993
0.00409427, 0.40172172, -0.02063026
0.69719535, 0.22681355, -0.68001342
0.63527417, 0.66533521
-0.00444165, 0.4009777, -0.01212682
-0.82842493, 0.27802363, 0.48615986
0.63510901, 0.5937759
-0.00369093, 0.47630256, -0.01335165
-0.68605608, -0.18134098, -0.70455033
0.77244806, 0.48642892
-0.00017372, 0.4764297, -0.01480301
0.0, -0.15659048, -0.98764002
0.7713725, 0.46075952
-0.00017372, 0.4046917, -0.02107928
0.0, 0.26621297, -0.96389663
0.63498932, 0.52617285
0.00334352, 0.40395162, -0.01262025
0.69539475, 0.11987671, 0.70851773
0.6393984, 0.62740523
-0.00017372, 0.40382472, -0.01116889
0.00073244, 0.14575639, 0.98931855
0.63902926, 0.60812387
-0.00017372, 0.40382472, -0.01116889
0.00073244, 0.14575639, 0.98931855
0.63907611, 0.61016956
-0.00369093, 0.40395162, -0.01262025
-0.69539475, 0.11987671, 0.70851773
0.63857603, 0.59093952
-0.00017372, 0.4046917, -0.02107928
0.0, 0.26621297, -0.96389663
0.63875777, 0.69375837
0.00334352, 0.4045648, -0.01962792
0.69539475, 0.24109623, -0.6769616
0.63928586, 0.66945443
0.00480041, 0.40425822, -0.01612405
0.98342848, 0.18048647, 0.01577807
0.63954073, 0.64764386
-0.00017372, 0.4764297, -0.01480301
0.0, -0.15659048, -0.98764002
0.77595949, 0.66354162
-0.00017372, 0.47912726, -0.01586186
0.0, -0.7981506, -0.60243535
0.78015125, 0.66469577
0.00425568, 0.47896722, -0.01403414
0.78734702, -0.30127871, -0.53782767
0.78098083, 0.63584992
-0.00017372, 0.47556269, -0.00489262
0.0, -0.32572407, 0.9454329
0.77346921, 0.56230026
-0.00369093, 0.47568938, -0.00634392
-0.68605608, -0.3009125, 0.66237372
0.7730422, 0.53772146
0.00334352, 0.47630256, -0.01335165
0.68605608, -0.18134098, -0.70455033
0.77587235, 0.6373809
-0.00514782, 0.47599596, -0.0098478
-0.97024447, -0.24112675, -0.02108829
0.77276313, 0.5124886
0.00480038, 0.4759962, -0.0098478
0.97024447, -0.24115726, -0.02108829
0.77498966, 0.61156711
0.00334352, 0.47568938, -0.00634392
0.68605608, -0.3009125, 0.66237372
0.77411669, 0.58665574
-0.00017372, 0.47556269, -0.00489262
0.0, -0.32572407, 0.9454329
0.7734645, 0.56221828
0.00425571, 0.48801532, -0.01324253
0.78002256, 0.39197972, -0.4877468
0.79255515, 0.61433524
0.00609043, 0.48762929, -0.00883005
0.97555465, 0.21881771, 0.01913511
0.79018056, 0.59460589
0.0060904, 0.47858122, -0.00962167
0.97613454, -0.21628468, -0.01892148
0.77924985, 0.60876584
-0.00460306, 0.47819519, -0.00520912
-0.6902371, -0.27640614, 0.66869104
0.77707285, 0.53704473
-0.00643781, 0.47858122, -0.00962161
-0.97613454, -0.21625416, -0.01889096
0.77709442, 0.51216123
0.00425568, 0.47819519, -0.00520912
0.6902371, -0.27643666, 0.66866052
0.77809691, 0.58419931
-0.00460306, 0.47896722, -0.01403414
-0.78734702, -0.30124819, -0.53782767
0.77758795, 0.4841916
-0.00017372, 0.47803539, -0.00338135
0.0, -0.30133978, 0.95348978
0.77738076, 0.56033611
-0.00017372, 0.47912726, -0.01586186
0.0, -0.7981506, -0.60243535
0.7754916, 0.45621723
-0.00017372, 0.47803539, -0.00338135
0.0, -0.30133978, 0.95348978
0.77739161, 0.56096143
0.00445425, 0.49086082, -0.0085473
0.96945095, 0.24433118, 0.02136296
0.79406685, 0.58754981
0.00309875, 0.49057576, -0.00528728
0.68550676, 0.18457595, 0.70427567
0.79286712, 0.5723224
0.00425571, 0.48724326, -0.0044175
0.68980986, 0.15869625, 0.70635092
0.78882742, 0.57566643
-0.00643781, 0.48762929, -0.00883005
-0.97555465, 0.21881771, 0.01913511
0.78849292, 0.51856595
-0.00460309, 0.48801532, -0.01324253
-0.78002256, 0.39197972, -0.4877468
0.78999656, 0.49751186
-0.00017372, 0.48708349, -0.00258974
0.0, 0.13379315, 0.99099702
0.78821933, 0.5561209
-0.00017372, 0.48708349, -0.00258974
0.0, 0.13379315, 0.99099702
0.78825688, 0.55773339
-0.00460309, 0.48724326, -0.0044175
-0.68980986, 0.15869625, 0.70635092
0.78799188, 0.53816199
-0.00480163, 0.53060746, -0.00506989
-0.77636033, 0.62785727, 0.05493332
0.82149112, 0.54353082
-0.00344617, 0.53089255, -0.00832992
-0.54899746, 0.6756798, -0.49195838
0.82215744, 0.54354939
-0.00344617, 0.49114612, -0.01180733
-0.68550676, 0.3040559, -0.66151923
0.79385531, 0.50841421
-0.0048016, 0.49086082, -0.0085473
-0.96945095, 0.24430066, 0.02136296
0.79263175, 0.52276552
-0.00017372, 0.49045768, -0.003937
0.0, 0.15982543, 0.98712116
0.79233581, 0.55682454
-0.00017372, 0.49126422, -0.0131576
0.0, 0.32880643, -0.94436479
0.79595059, 0.49779201
-0.00017372, 0.48817533, -0.01507029
0.0, 0.85854673, -0.51268041
0.79465699, 0.4824599
-0.00017372, 0.49045768, -0.003937
0.0, 0.15982543, 0.98712116
0.79226601, 0.55412933
-0.00344617, 0.49057576, -0.00528728
-0.68550676, 0.18457595, 0.70424515
0.79211348, 0.53845188
-0.00017372, 0.48817533, -0.01507029
0.0, 0.85854673, -0.51268041
0.79774237, 0.62567359
-0.00017372, 0.49126422, -0.0131576
0.0, 0.32880643, -0.94436479
0.79851562, 0.60984969
0.00309875, 0.49114612, -0.01180733
0.68550676, 0.3040559, -0.66151923
0.79595, 0.6008625
-0.00344617, 0.53032219, -0.00180993
-0.54896694, 0.58000427, 0.601825
0.82110369, 0.54434809
0.00309872, 0.53032219, -0.00180993
0.54896694, 0.58000427, 0.601825
0.82132393, 0.54666537
0.00309872, 0.53089279, -0.00832992
0.54896694, 0.67571032, -0.49195838
0.82274163, 0.54602346
-0.00017369, 0.53020412, -0.00045959
0.0, 0.56019777, 0.82833338
0.82103336, 0.54561752
-0.00017369, 0.53101063, -0.00968025
0.0, 0.69545579, -0.71852779
0.82310182, 0.54444283
0.00445422, 0.53060746, -0.00506995
0.77636033, 0.62785727, 0.05493332
0.821904, 0.54689533
0.00436741, 0.39117551, -0.00553518
0.77636033, -0.62785727, -0.0549028
0.63062257, 0.6141125
0.00436744, 0.40038687, -0.00472931
0.77636033, 0.62785727, 0.05493332
0.63331813, 0.61379486
0.00301328, 0.4001019, -0.00147258
0.54896694, 0.58000427, 0.601825
0.63299876, 0.61217231
0.00301328, 0.39089057, -0.00227845
0.54899746, -0.6756798, 0.49195838
0.63078523, 0.61258394
-0.00025589, 0.39998394, -0.00012358
0.0, 0.56019777, 0.82833338
0.63291222, 0.6107237
-0.00025589, 0.39998394, -0.00012358
0.0, 0.56019777, 0.82833338
0.63292795, 0.6114772
-0.00352508, 0.4001019, -0.00147258
-0.54896694, 0.58000427, 0.601825
0.63294387, 0.6099959
-0.00352508, 0.39089057, -0.00227845
-0.54899746, -0.6756798, 0.49195838
0.63074988, 0.6111179
-0.00487921, 0.40038687, -0.00472931
-0.77636033, 0.62785727, 0.0549028
0.63317978, 0.6081894
-0.00487921, 0.39117551, -0.00553518
-0.77636033, -0.62785727, -0.0549028
0.63053066, 0.60973248
-0.00352508, 0.40067178, -0.00798603
-0.61967832, 0.78478348, 0.00778222
0.63381124, 0.60482821
0.00191643, 0.40057629, -0.00689333
0.4203009, 0.83770257, -0.34861293
0.63399494, 0.61330593
-0.00025589, 0.40065467, -0.00778972
0.0, 0.84936064, -0.52775657
0.63438427, 0.61064246
-0.00025589, 0.41467926, -0.0065627
0.0, 0.69548631, -0.71849728
0.63364565, 0.61083952
0.00301328, 0.40067178, -0.00798603
0.61455125, 0.7885983, 0.02005066
0.63410568, 0.61668646
-0.0027107, 0.39138937, -0.00798065
-0.42027038, -0.76445812, -0.48875391
0.62994909, 0.60968864
-0.0027107, 0.36256057, -0.01050278
-0.54896694, -0.58003479, -0.60179448
0.62194312, 0.61512658
-0.0037275, 0.36234671, -0.00805736
-0.77636033, -0.62785727, -0.0549028
0.62175071, 0.61513773
0.00191643, 0.40019754, -0.00256524
0.42027038, 0.76448864, 0.48875391
0.63325012, 0.61196858
-0.00025589, 0.40011916, -0.00166891
0.0, 0.74929047, 0.66219062
0.63316739, 0.61108965
-0.00242821, 0.40019754, -0.00256524
-0.42027038, 0.76448864, 0.48875391
0.63320041, 0.61001816
-0.00332803, 0.40038687, -0.00472931
-0.59434795, 0.80111086, 0.0700705
0.63343167, 0.60892549
-0.00242821, 0.40057629, -0.00689333
-0.4203009, 0.83770257, -0.34861293
0.63386619, 0.60818487
-0.00021479, 0.40080678, -0.00985034
-0.00250252, 0.89492476, 0.44618061
0.63579941, 0.61002496
-0.00021479, 0.40080678, -0.00985034
-0.00250252, 0.89492476, 0.44618061
0.63580245, 0.61019784
0.0028162, 0.40038687, -0.00472931
0.59434795, 0.80111086, 0.07010102
0.63353109, 0.61288452
0.00191643, 0.41422227, -0.00133822
0.54896694, 0.58000427, 0.60179448
0.63357949, 0.61095747
0.0028162, 0.41441157, -0.00350229
0.77636033, 0.62785727, 0.0549028
0.63360476, 0.61099914
-0.00242821, 0.41460088, -0.00566635
-0.54896694, 0.6756798, -0.49195838
0.63362652, 0.6107274
-0.00025589, 0.41414374, -0.00044187
0.0, 0.56016725, 0.8283639
0.63356692, 0.61086988
-0.00332803, 0.41441157, -0.00350229
-0.77636033, 0.62785727, 0.0549028
0.63359767, 0.61071452
-0.00242821, 0.41422227, -0.00133822
-0.54896694, 0.58000427, 0.60179448
0.63357478, 0.61077434
0.00191643, 0.41460088, -0.00566635
0.54896694, 0.6756798, -0.49195838
0.63363242, 0.61096492
-0.00025589, 0.40011916, -0.00166891
0.0, 0.74929047, 0.66219062
0.63316274, 0.61093831
0.0032157, 0.39117551, -0.00553518
0.59434795, -0.80111086, -0.0700705
0.63036722, 0.6136837
0.00219887, 0.39096153, -0.00308975
0.4203009, -0.83773309, 0.34858242
0.63053179, 0.6125271
-0.00025592, 0.39077246, -0.00092945
0.0, -0.69551682, 0.71846676
0.63082051, 0.61132678
-0.00025592, 0.39087284, -0.00207681
0.0, -0.8529008, 0.52201909
0.63058221, 0.6124385
-0.00025592, 0.39077246, -0.00092945
0.0, -0.69551682, 0.71846676
0.63084203, 0.6123285
-0.0027107, 0.39096153, -0.00308975
-0.4203009, -0.83773309, 0.34858242
0.63050449, 0.61134347
-0.0037275, 0.39117551, -0.00553518
-0.59434795, -0.80111086, -0.0700705
0.63028985, 0.61032924
-0.00025589, 0.40065467, -0.00778972
0.0, 0.84936064, -0.52775657
0.63437808, 0.61048079
0.00219887, 0.39138937, -0.00798065
0.42027038, -0.76448864, -0.48878443
0.63005269, 0.6145508
0.00301328, 0.39146036, -0.00879196
0.61296427, -0.78048038, -0.12277596
0.63020456, 0.6166957
0.0032157, 0.36234671, -0.00805736
0.77636033, -0.62785727, -0.0549028
0.62207031, 0.61468342
0.00219887, 0.36213276, -0.00561193
0.54896694, -0.67571032, 0.49195838
0.62194967, 0.61458716
-0.0027107, 0.36213276, -0.00561193
-0.54896694, -0.67571032, 0.49195838
0.62143809, 0.61501801
0.00219887, 0.36256057, -0.01050278
0.54896694, -0.58000427, -0.60179448
0.62210536, 0.61487585
-0.00025592, 0.36264926, -0.01151577
0.0, -0.56016725, -0.8283639
0.62205708, 0.61501464
-0.00025592, 0.39087284, -0.00207681
0.0, -0.8529008, 0.52201909
0.63056135, 0.61139324
-0.00025592, 0.36204419, -0.004599
0.0, -0.69551682, 0.71849728
0.62174189, 0.61469391
-0.00025592, 0.39147806, -0.00899359
0.0, -0.73766291, -0.675161
0.62959653, 0.61146218
-0.00352508, 0.39146036, -0.00879196
-0.61803031, -0.77462083, -0.13403729
0.63001668, 0.60750055
-0.00025592, 0.39147806, -0.00899359
0.0, -0.73766291, -0.675161
0.62963092, 0.61300078
-0.00017369, 0.48583719, -0.02550796
0.0, 0.48466444, -0.87466049
0.79086441, 0.42569351
-0.00017372, 0.4820691, -0.02583767
0.0, -0.37623218, -0.92651141
0.78603584, 0.41910946
-0.00017372, 0.4820691, -0.02583767
0.0, -0.37623218, -0.92651141
0.7921294, 0.69375828
-0.00017369, 0.48583719, -0.02550796
0.0, 0.48466444, -0.87466049
0.79656643, 0.6839698
0.00956303, 0.26666048, -0.02048027
0.76863921, 0.63722646, 0.0557268
0.79851782, 0.20974475
0.0066429, 0.26593438, -0.012182
0.58003479, 0.58351392, 0.56837672
0.80440372, 0.14482415
0.0066429, 0.06298219, -0.02993805
0.58003479, -0.67332989, 0.45841852
0.54835564, 0.14699745
-0.00040687, 0.2656337, -0.00874477
0.0, 0.54951626, 0.83544421
0.82047141, 0.15264207
-0.00745666, 0.26593438, -0.012182
-0.58003479, 0.58351392, 0.56837672
0.84499294, 0.18241674
-0.00745666, 0.06298219, -0.02993805
-0.58003479, -0.67332989, 0.458388
0.52813834, 0.14843017
-0.01037678, 0.26666048, -0.02048027
-0.76863921, 0.63722646, 0.0557268
0.87543738, 0.20946056
-0.01037678, 0.06370816, -0.03823631
-0.76863921, -0.63722646, -0.0557268
0.5022108, 0.12662965
-0.00745666, 0.26738644, -0.02877853
-0.58003479, 0.67332989, -0.458388
0.84337699, 0.22820389
-0.00745666, 0.06443401, -0.04653458
-0.58003479, -0.58351392, -0.5683462
0.46277076, 0.14616042
-0.00040687, 0.26768714, -0.03221577
0.0, 0.68623918, -0.72734761
0.81986368, 0.26279598
0.0066429, 0.26738644, -0.02877853
0.58003479, 0.67332989, -0.458388
0.80452019, 0.27630371
0.00956303, 0.06370793, -0.03823631
0.76863921, -0.63722646, -0.0557268
0.54241389, 0.21119398
0.00664287, 0.06443401, -0.04653458
0.58003479, -0.58351392, -0.5683462
0.52289546, 0.25967675
-0.01061178, 0.25988421, -0.02980363
-0.79546493, -0.26175725, 0.54652548
0.13616243, 0.58782178
-0.01061178, 0.26636893, -0.03303661
-0.91235083, 0.03567614, -0.40778834
0.14381252, 0.55993548
-0.01061178, 0.26329163, -0.03330588
-0.91235083, 0.03567614, -0.40778834
0.13978529, 0.56285113
0.00979805, 0.26556781, -0.02387964
0.63582265, -0.33338419, 0.69606614
0.14692381, 0.69391009
0.00979805, 0.31561443, -0.02872822
0.91235083, 0.03567614, -0.40778834
0.20758283, 0.75195673
0.00979805, 0.36473212, -0.01520391
0.57731867, 0.52482682, 0.62544632
0.27399459, 0.71114287
-0.00040684, 0.3659291, -0.0288851
0.0, 0.76604509, -0.64278084
0.29416132, 0.65205812
-0.01061175, 0.36473212, -0.01520391
-0.57731867, 0.52482682, 0.62544632
0.27399459, 0.59297308
-0.01061178, 0.31561443, -0.02872822
-0.91235083, 0.03567614, -0.40778834
0.20660132, 0.54736477
-0.01061178, 0.26556781, -0.02387964
-0.63582265, -0.33338419, 0.69606614
0.14610378, 0.60097048
0.00979805, 0.26636893, -0.03303661
0.91235083, 0.03567614, -0.40778834
0.1438747, 0.7369771
0.00469559, 0.26676479, -0.03756083
0.3556627, 0.0814539, -0.93102819
0.14284787, 0.77322978
-0.01061178, 0.18641105, -0.03623167
-0.57734919, -0.62544632, 0.52482682
0.02919757, 0.60175177
0.00979805, 0.18641105, -0.03623167
0.57734919, -0.62544632, 0.52482682
0.02943463, 0.70479494
0.00979805, 0.25988421, -0.02980363
0.79546493, -0.26175725, 0.54652548
0.13571763, 0.7074959
0.00469559, 0.26368737, -0.03783008
0.3556627, 0.0814539, -0.93102819
0.13858949, 0.77176262
0.00979805, 0.26329163, -0.03330588
0.91235083, 0.03567614, -0.40778834
0.13961789, 0.73387951
0.00979805, 0.26021418, -0.03357513
0.91235083, 0.03567614, -0.40778834
0.13513562, 0.7312907
-0.00040687, 0.1871368, -0.04452739
0.0, -0.64278084, -0.76601458
0.01865303, 0.65365478
0.00979805, 0.22347754, -0.03678913
0.91235083, 0.03567614, -0.40778834
0.08079544, 0.7264564
0.00469559, 0.22387332, -0.0413134
0.3556627, 0.0814539, -0.93102819
0.08072835, 0.7647506
0.00979805, 0.18674105, -0.04000317
0.71181369, -0.59529406, -0.37266153
0.02938975, 0.72556999
-0.01061178, 0.22347754, -0.03678913
-0.91235083, 0.03567614, -0.40778834
0.08253194, 0.57270354
-0.01061178, 0.18674105, -0.04000317
-0.71181369, -0.59529406, -0.37266153
0.02902127, 0.58006048
-0.00040687, 0.22387332, -0.0413134
0.0, 0.08713035, -0.99618518
0.08199914, 0.50533155
-0.00040687, 0.1871368, -0.04452739
0.0, -0.64278084, -0.76601458
0.0285001, 0.51175618
-0.00550932, 0.1871368, -0.04452739
-0.27472761, -0.56978059, -0.77449876
0.02872535, 0.54094279
-0.00040687, 0.26368737, -0.03783008
0.0, 0.08713035, -0.99618518
0.13839209, 0.49962014
-0.00040687, 0.26060992, -0.03809934
0.0, 0.08713035, -0.99618518
0.13424848, 0.50031841
-0.00550932, 0.26060992, -0.03809934
-0.3556627, 0.0814539, -0.93102819
0.13461494, 0.52787423
-0.00040687, 0.3160103, -0.03325244
0.0, 0.08713035, -0.99618518
0.20615812, 0.48572445
-0.00040687, 0.26676479, -0.03756083
0.0, 0.08713035, -0.99618518
0.14247651, 0.49878687
-0.00550932, 0.26676479, -0.03756083
-0.3556627, 0.0814539, -0.93102819
0.14289455, 0.52518591
-0.00550932, 0.3160103, -0.03325244
-0.3556627, 0.0814539, -0.93102819
0.20637442, 0.51214314
-0.01061175, 0.36553323, -0.02436089
-0.71181369, 0.65095979, -0.26361889
0.27374861, 0.54407975
-0.00550932, 0.3659291, -0.0288851
-0.27472761, 0.69560838, -0.66377759
0.27357641, 0.50790572
-0.00040684, 0.3659291, -0.0288851
0.0, 0.76604509, -0.64278084
0.27345055, 0.48089778
-0.00550932, 0.26368749, -0.03783008
-0.3556627, 0.0814539, -0.93102819
0.13880591, 0.52655837
-0.01061178, 0.26021418, -0.03357513
-0.91235083, 0.03567614, -0.40778834
0.1355246, 0.56534481
-0.00550932, 0.22387332, -0.0413134
-0.3556627, 0.0814539, -0.93102819
0.08221281, 0.53415269
0.00469559, 0.1871368, -0.04452739
0.27472761, -0.56978059, -0.77449876
0.02927911, 0.76311705
-0.00040687, 0.1871368, -0.04452739
0.0, -0.64278084, -0.76601458
0.02920266, 0.79117714
0.00469559, 0.26060992, -0.03809934
0.3556627, 0.0814539, -0.93102819
0.13422817, 0.77037591
-0.00040687, 0.22387332, -0.0413134
0.0, 0.08713035, -0.99618518
0.08061396, 0.79330081
-0.00040687, 0.26060992, -0.03809934
0.0, 0.08713035, -0.99618518
0.13383751, 0.79884979
-0.00040687, 0.26368737, -0.03783008
0.0, 0.08713035, -0.99618518
0.13815327, 0.79966885
0.00469559, 0.3160103, -0.03325244
0.3556627, 0.0814539, -0.93102819
0.20725422, 0.78717309
-0.00040687, 0.26676479, -0.03756083
0.0, 0.08713035, -0.99618518
0.14241077, 0.80046965
-0.00040684, 0.3659291, -0.0288851
0.0, 0.76604509, -0.64278084
0.27316868, 0.82126833
0.00469559, 0.3659291, -0.0288851
0.27472761, 0.69560838, -0.66377759
0.27336743, 0.79469766
0.00979805, 0.36553323, -0.02436089
0.71181369, 0.65095979, -0.26361889
0.27363491, 0.75911063
-0.01055286, 0.0580272, -0.01103151
-0.69707328, -0.24243903, 0.6747337
0.13960527, 0.15575147
-0.01055286, 0.05464097, -0.01884667
-0.98937958, -0.0425428, 0.13879818
0.13639452, 0.17276299
-0.00547988, 0.05395449, -0.01100019
-0.38837856, 0.06427198, 0.91924804
0.13638581, 0.14463437
0.00973913, 0.06444351, -0.03807618
0.81261635, 0.09317301, -0.57527393
0.14072083, 0.22861683
0.00973913, 0.09147336, -0.03570995
0.70708334, 0.06161687, -0.70439774
0.15788686, 0.23067045
0.0097391, 0.07560524, -0.00988131
0.70708334, -0.06161687, 0.70439774
0.14990395, 0.16134572
0.0097391, 0.11380734, -0.00653902
0.70708334, -0.06161687, 0.70439774
0.17414017, 0.16492599
0.0097391, 0.13850413, -0.00437837
0.69008452, -0.00714133, 0.72365487
0.18949592, 0.1674341
0.00466612, 0.13850413, -0.00437837
0.0, -0.00985748, 0.99993896
0.18973058, 0.15514839
-0.01055286, 0.09147336, -0.03570995
-0.70708334, 0.06161687, -0.70439774
0.15898363, 0.22599757
-0.01055286, 0.06446307, -0.03807306
-0.81249428, 0.0934782, -0.57536548
0.14174066, 0.22488523
-0.01055286, 0.07560524, -0.00988131
-0.70708334, -0.06161687, 0.70439774
0.15065446, 0.15744722
0.00973913, 0.08911032, -0.0086998
0.70708334, -0.06161687, 0.70439774
0.15849794, 0.16266513
0.00466612, 0.08911032, -0.00869974
0.0, -0.08713035, 0.99618518
0.15862045, 0.15001947
0.00973913, 0.09147336, -0.03570995
0.70708334, 0.06161687, -0.70439774
0.33220947, 0.91976311
0.00973913, 0.06444351, -0.03807618
0.81261635, 0.09317301, -0.57527393
0.33219418, 0.9873456
-0.01055286, 0.06446307, -0.03807306
-0.81249428, 0.0934782, -0.57536548
0.34501299, 0.98734178
-0.00040687, 0.06486995, -0.04307667
0.00061037, 0.61046177, -0.79201639
0.33860359, 0.9998459
0.00973913, 0.04476076, -0.03137488
0.90316474, -0.15344706, -0.40083009
0.12816182, 0.20936602
0.00466612, 0.04517388, -0.03609673
0.34321114, -0.33185828, -0.87865841
0.12793969, 0.22733688
-0.00547988, 0.02621385, 0.00642362
-0.3566393, 0.71413314, 0.60231328
0.11615349, 0.10459566
-0.01055286, 0.02690033, -0.0014228
-0.91277808, 0.31217384, 0.26331371
0.11626209, 0.12741053
-0.01055286, 0.02041339, 0.00626875
-0.90871912, 0.18594928, 0.37360761
0.11201136, 0.11101139
0.0097391, 0.02734216, -0.02419566
0.94399852, -0.01977599, -0.32932523
0.11527001, 0.19096297
0.00466612, 0.02775516, -0.02891747
0.38911098, -0.08383434, -0.9173559
0.11527067, 0.21154368
0.0097391, 0.06209991, -0.01106284
0.71791744, -0.02768029, 0.69554734
0.14125791, 0.15991402
0.00973913, 0.0580272, -0.01103151
0.69707328, -0.24243903, 0.6747337
0.13892239, 0.15836835
0.0097391, 0.05464097, -0.01884667
0.98937958, -0.0425428, 0.13879818
0.13553484, 0.17519319
-0.00547988, 0.04332758, -0.00613407
-0.44984284, 0.37183753, 0.812006
0.12819497, 0.1341002
-0.01055286, 0.04401406, -0.01398048
-0.94961393, 0.13046663, 0.28495133
0.12854792, 0.15942776
-0.01055286, 0.03338795, -0.00911424
-0.95605332, 0.15994751, 0.24570452
0.12087715, 0.14673007
0.00466612, -0.00340506, -0.03460004
0.36692405, 0.0880459, -0.92605364
0.09391657, 0.21611226
0.00973913, -0.00381818, -0.02987813
0.91723382, 0.03769036, -0.39649647
0.09371497, 0.19763613
0.0097391, -0.01599313, -0.03103598
0.91683704, 0.03601184, -0.39762565
0.08533844, 0.19928867
0.0097391, 0.02690033, -0.0014228
0.91277808, 0.31217384, 0.26331371
0.11509922, 0.12630308
0.0097391, 0.01784923, -0.02645797
0.91616565, 0.09289834, -0.38984343
0.10839327, 0.1940375
0.00466612, 0.01826224, -0.0311799
0.36442152, 0.21588793, -0.90585041
0.1082942, 0.21241629
0.0097391, 0.00835655, -0.02872034
0.91039765, 0.06866664, -0.40791041
0.10191907, 0.19682032
-0.01055286, 0.02734204, -0.02419566
-0.94399852, -0.01974548, -0.32932523
0.11662105, 0.19026542
-0.01055286, 0.01784912, -0.02645803
-0.91616565, 0.09289834, -0.38984343
0.10985215, 0.19379711
-0.00547985, -0.0633584, 0.01603591
-0.4685812, 0.19937742, 0.86059147
0.0537088, 0.07062817
-0.01055286, -0.06267203, 0.00818955
-0.95599228, 0.06619465, 0.28574482
0.05415724, 0.09517312
-0.01055286, -0.11512279, 0.020341
-0.75527209, -0.59941405, 0.26502272
0.01873428, 0.06739891
-0.01055286, 0.00509583, 0.0011534
-0.95751822, -0.09131138, 0.27347636
0.10263678, 0.11781943
-0.01055286, 0.00835655, -0.02872034
-0.91039765, 0.06866664, -0.40791041
0.10342371, 0.19696844
-0.01055286, -0.01022152, -0.0039619
-0.97180092, -0.01226844, 0.23538926
0.09169123, 0.12562072
-0.00547988, -0.01090788, 0.00388446
-0.51710564, -0.03802606, 0.85503709
0.09159686, 0.09848535
0.0097391, 0.00509583, 0.0011534
0.95751822, -0.09131138, 0.27347636
0.10119587, 0.11622769
0.0097391, -0.01022152, -0.0039619
0.97180092, -0.01226844, 0.23538926
0.09030303, 0.12413782
-0.01055289, -0.11953833, -0.03995102
-0.70876187, -0.63261819, -0.31208229
0.0001541, 0.21901923
-0.00040687, -0.11912545, -0.04467288
0.0, -0.64329964, -0.76558733
0.00684804, 0.23360598
0.0097391, -0.11953857, -0.03995102
0.70876187, -0.63261819, -0.31208229
0.01398096, 0.22272384
0.00973913, -0.06776562, -0.0354935
0.91723382, 0.03415021, -0.39683217
0.04955252, 0.21029383
0.00973913, -0.06267203, 0.00818955
0.95599228, 0.06619465, 0.28574482
0.05280212, 0.09116405
0.00973913, -0.11512303, 0.020341
0.75527209, -0.59941405, 0.26502272
0.01678007, 0.06030655
0.00466612, -0.11912545, -0.04467288
0.28397474, -0.56840724, -0.77214879
0.01440435, 0.24144429
-0.01055286, -0.06776562, -0.0354935
-0.91723382, 0.03415021, -0.39683217
0.05154016, 0.21322036
-0.01055286, 0.14086729, -0.03138854
-0.70708334, 0.06161687, -0.70439774
0.1904639, 0.22791803
-0.01055286, 0.13850413, -0.00437837
-0.69008452, -0.00714133, 0.72365487
0.19025649, 0.16110361
-0.01055286, 0.17149282, -0.00660895
-0.70714438, 0.05487228, 0.70491654
0.21014437, 0.1694119
-0.01055286, 0.08911032, -0.00869974
-0.70708334, -0.06161687, 0.70439774
0.15926695, 0.15809548
-0.01055286, 0.11380734, -0.00653902
-0.70708334, -0.06161687, 0.70439774
0.17496982, 0.15925908
-0.01055286, 0.09147336, -0.03570995
-0.70708334, 0.06161687, -0.70439774
0.34502825, 0.91980818
-0.01055286, 0.14086729, -0.03138854
-0.70708334, 0.06161687, -0.70439774
0.34505618, 0.79630952
0.0097391, 0.14086729, -0.03138854
0.70708334, 0.06161687, -0.70439774
0.33223742, 0.79626442
0.0097391, 0.14086729, -0.03138854
0.70708334, 0.06161687, -0.70439774
0.1895438, 0.23467946
0.00973913, 0.23380807, -0.01439997
0.95516831, -0.01864681, 0.29541916
0.24950103, 0.2038101
0.00973913, 0.26248935, -0.0125884
0.95580918, -0.0220954, 0.29306924
0.26770312, 0.20579022
0.00466612, 0.26184431, -0.00521641
0.46760461, -0.06634724, 0.88143557
0.26775971, 0.1834023
-0.01055286, 0.20595637, -0.02569397
-0.70708334, 0.06161687, -0.70439774
0.34509301, 0.63356838
0.00973913, 0.20595637, -0.02569397
0.70708334, 0.06161687, -0.70439774
0.33227423, 0.63352329
0.00973913, 0.17149282, -0.00660895
0.70714438, 0.05487228, 0.70491654
0.20957726, 0.17664343
0.00973913, 0.20595637, -0.02569397
0.70708334, 0.06161687, -0.70439774
0.23116535, 0.22589898
0.00973913, 0.20512679, -0.01621147
0.96301156, 0.02478103, 0.26828822
0.2309321, 0.20177114
0.00466612, 0.20448175, -0.00883954
0.45222327, 0.03921628, 0.89101839
0.23095095, 0.17850769
-0.01055286, 0.26181293, -0.02080712
-0.77849668, -0.12881863, -0.61424601
0.3451246, 0.49391115
-0.01055286, 0.26620984, -0.02321341
-0.64729756, -0.15643787, -0.74596393
0.34512743, 0.48142672
0.00973913, 0.26620984, -0.02321341
0.64729756, -0.15643787, -0.74596393
0.33230865, 0.48138165
-0.01055286, 0.26181293, -0.02080712
-0.77849668, -0.12881863, -0.61424601
0.26707712, 0.21604514
-0.01055286, 0.23380807, -0.01439997
-0.95516831, -0.01864681, 0.29541916
0.24971947, 0.19457722
-0.01055286, 0.26248935, -0.0125884
-0.95580918, -0.0220954, 0.29306924
0.26792762, 0.19578409
0.00973913, 0.26181293, -0.02080712
0.77849668, -0.12881863, -0.61424601
0.33230582, 0.49386609
0.00973913, 0.26181293, -0.02080712
0.77849668, -0.12881863, -0.61424601
0.2668041, 0.22604293
0.00973913, 0.31500483, -0.00938935
0.95516831, -0.01754814, 0.29551074
0.30090126, 0.20941365
0.00973913, 0.3647505, -0.00643261
0.72765285, 0.6273995, 0.27719963
0.33236939, 0.21298426
0.00466612, 0.36410558, 0.00093932
0.36658832, 0.56248665, 0.74108094
0.33240217, 0.19063729
0.00973913, 0.26620984, -0.02321341
0.64729756, -0.15643787, -0.74596393
0.26943204, 0.23301202
0.00973913, 0.26525903, -0.01234606
0.95443588, -0.02182074, 0.29758599
0.26945981, 0.2058326
0.00973913, 0.26387411, -0.01246724
0.95516831, -0.02578814, 0.29483932
0.26858181, 0.20575154
0.00466612, 0.26461411, -0.00497413
0.46440017, -0.06488235, 0.88320565
0.26951525, 0.18351561
-0.01055286, 0.26387411, -0.01246724
-0.95516831, -0.02578814, 0.29483932
0.26880276, 0.19570827
-0.01055286, 0.26525903, -0.01234606
-0.95443588, -0.02182074, 0.29758599
0.26967978, 0.19575226
-0.01055286, 0.3647505, -0.00643261
-0.72765285, 0.6273995, 0.27719963
0.34518817, 0.21302933
-0.00040684, 0.36410558, 0.00093932
0.0, 0.65340132, 0.75698113
0.33878294, 0.19457495
-0.01055286, 0.36545902, -0.01453022
-0.57734919, 0.62544632, -0.52482682
0.3326208, 0.22083926
-0.01055286, 0.31500483, -0.00938935
-0.95516831, -0.01754814, 0.29551074
0.30113339, 0.19818139
-0.01055286, 0.3647505, -0.00643261
-0.72765285, 0.6273995, 0.27719963
0.33257797, 0.20061302
-0.01055286, 0.36545902, -0.01453022
-0.57734919, 0.62544632, -0.52482682
0.34518358, 0.23327565
0.00973913, 0.36545902, -0.01453022
0.57734919, 0.62544632, -0.52482682
0.33236483, 0.23323053
-0.00040687, 0.26322919, -0.00509525
0.0, -0.08713035, 0.99618518
0.26884308, 0.16075575
-0.00040687, 0.26461411, -0.00497413
0.0, -0.07321391, 0.99731439
0.26972455, 0.16080451
-0.00547985, 0.26461411, -0.00497413
-0.46440017, -0.06488235, 0.88320565
0.26968324, 0.17343163
-0.00040687, 0.3143599, -0.00201735
0.0, -0.05932798, 0.99822992
0.30117705, 0.16324425
-0.00040684, 0.36410558, 0.00093932
0.0, 0.65340132, 0.75698113
0.3326208, 0.1656673
-0.00547985, 0.36410558, 0.00093932
-0.36658832, 0.56248665, 0.74108094
0.33255821, 0.1782881
-0.00040687, 0.17149282, -0.00660895
0.0, 0.0674459, 0.99771112
0.21096852, 0.14519703
-0.00040687, 0.20448175, -0.00883954
0.0, 0.00219733, 0.99996948
0.23152073, 0.15763891
-0.00547988, 0.20448175, -0.00883954
-0.45222327, 0.03921628, 0.89101839
0.23123465, 0.17038083
-0.00040687, 0.23316315, -0.00702797
0.0, -0.06302072, 0.99798578
0.24977209, 0.15957022
-0.00040687, 0.26184431, -0.00521641
0.0, -0.07507554, 0.99716181
0.26796299, 0.16070938
-0.00547985, 0.26184431, -0.00521641
-0.46760461, -0.06634724, 0.88143557
0.26792535, 0.1733849
-0.00040687, 0.00440923, 0.00899982
0.0, -0.3167516, 0.94848478
0.10135121, 0.08052623
-0.00040687, -0.01090788, 0.00388446
0.0, -0.04730369, 0.99887079
0.09053111, 0.08284831
0.00466609, -0.01090788, 0.00388446
0.51710564, -0.03802606, 0.85506761
0.09029264, 0.09714288
0.00466612, -0.0633584, 0.01603597
0.4685812, 0.19937742, 0.86059147
0.05248144, 0.06630343
-0.00040687, -0.0633584, 0.01603591
0.0, 0.22568437, 0.97418135
0.05321875, 0.05268657
-0.00040687, -0.11580916, 0.02818748
0.0, -0.65575123, 0.75496691
0.0172044, 0.02166563
-0.00040687, 0.04332758, -0.00613407
0.0, 0.4163335, 0.90917689
0.12906978, 0.12256032
-0.00040687, 0.03270135, -0.00126783
0.0, 0.60499895, 0.79619741
0.12226468, 0.10787433
0.00466612, 0.03270147, -0.00126783
0.41410565, 0.58098084, 0.70064396
0.12025326, 0.11955106
-0.00040687, 0.02621385, 0.00642366
0.0, 0.76439708, 0.64470351
0.11685477, 0.09128499
-0.00040687, 0.01972703, 0.01411516
0.0, 0.27048555, 0.96270639
0.11114779, 0.07922471
0.00466612, 0.01972703, 0.01411516
0.41209143, 0.22626422, 0.88256478
0.11051123, 0.09049755
-0.00040687, 0.07560524, -0.00988131
0.0, -0.08713035, 0.99618518
0.15079236, 0.13202119
-0.00040687, 0.08911032, -0.00869974
0.0, -0.08713035, 0.99618518
0.15939535, 0.13269985
-0.00547985, 0.08911032, -0.00869974
0.0, -0.08713035, 0.99618518
0.15933049, 0.1453979
-0.00040687, 0.11380734, -0.00653902
0.0, -0.08713035, 0.99618518
0.17514652, 0.13396239
-0.00040687, 0.13850413, -0.00437837
0.0, -0.00985748, 0.99993896
0.19070898, 0.1364758
-0.00547988, 0.13850413, -0.00437837
0.0, -0.00985748, 0.99993896
0.19048078, 0.14882016
-0.00040687, 0.0580272, -0.01103151
0.0, 0.00769066, 0.99996948
0.13897535, 0.13398236
-0.00040687, 0.05395449, -0.01100019
0.0, 0.21680349, 0.97619557
0.13645343, 0.13287258
0.00466612, 0.05395449, -0.01100019
0.38837856, 0.06427198, 0.91924804
0.1357141, 0.14712143
0.00466612, 0.0580272, -0.01103151
0.0, 0.00769066, 0.99996948
0.13877271, 0.14683181
0.00466612, 0.06209991, -0.01106284
0.0, -0.03976562, 0.99920654
0.14142762, 0.14719623
-0.00040687, 0.06209991, -0.01106288
0.0, -0.03976562, 0.99920654
0.14156882, 0.13451248
-0.00547988, 0.11380734, -0.00653902
0.0, -0.08713035, 0.99618518
0.1750537, 0.14656675
-0.00547988, 0.07560524, -0.00988131
0.0, -0.08713035, 0.99618518
0.15072109, 0.14474142
-0.01055286, 0.06209991, -0.01106284
-0.71791744, -0.02768029, 0.69554734
0.14203927, 0.15678585
-0.00547988, 0.06209991, -0.01106288
0.0, -0.03976562, 0.99920654
0.14206931, 0.14412832
-0.00040687, 0.06209991, -0.01106288
0.0, -0.03976562, 0.99920654
0.14217041, 0.13116479
0.00466612, 0.02621385, 0.00642362
0.3566393, 0.71413314, 0.60231328
0.114943, 0.10236382
0.0097391, 0.02041339, 0.00626875
0.90871912, 0.18594928, 0.37360761
0.11069643, 0.10911107
0.00466612, 0.04332758, -0.00613407
0.44984284, 0.37183753, 0.812006
0.12764113, 0.13500273
0.00973913, 0.03338795, -0.00911424
0.95605332, 0.15994751, 0.245674
0.11984807, 0.14686155
0.0097391, 0.04401406, -0.01398048
0.94961393, 0.13046663, 0.28495133
0.12769151, 0.16088325
0.00466612, -0.11580937, 0.02818742
0.3823359, -0.57045197, 0.72688985
0.01646306, 0.03504562
0.00466612, 0.00440923, 0.00899982
0.4731895, -0.27903074, 0.83556628
0.10153675, 0.09280831
-0.00547985, 0.23316315, -0.00702797
-0.46607867, -0.05575732, 0.88296151
0.24970499, 0.17224789
-0.01055286, 0.20512679, -0.01621147
-0.96301156, 0.02478103, 0.26828822
0.23128863, 0.19340074
-0.00547988, 0.17149282, -0.00660895
0.0, 0.0674459, 0.99771112
0.21055879, 0.15736425
-0.00547985, 0.3143599, -0.00201735
-0.46604815, -0.05249184, 0.88317513
0.30111426, 0.17586696
-0.00547985, 0.26322919, -0.00509525
-0.46610919, -0.07708976, 0.88134402
0.26880625, 0.17340875
0.00466612, 0.26322919, -0.00509525
0.46610919, -0.07708976, 0.88134402
0.26863733, 0.18345791
-0.00040687, 0.26461411, -0.00497413
0.0, -0.07321391, 0.99731439
0.26958376, 0.1709103
-0.00040687, 0.26322919, -0.00509525
0.0, -0.08713035, 0.99618518
0.26870632, 0.17083478
0.00466612, 0.3143599, -0.00201735
0.46604815, -0.05249184, 0.88317513
0.30093285, 0.18709034
-0.00040684, 0.36410558, 0.00093932
0.0, 0.65340132, 0.75698113
0.33249423, 0.17800587
-0.00040687, 0.3143599, -0.00201735
0.0, -0.05932798, 0.99822992
0.3010245, 0.17444432
0.00466612, 0.17149282, -0.00660895
0.0, 0.0674459, 0.99771112
0.21003, 0.1643061
-0.00040687, 0.20448175, -0.00883954
0.0, 0.00219733, 0.99996948
0.23130029, 0.16564465
-0.00040687, 0.17149282, -0.00660895
0.0, 0.0674459, 0.99771112
0.21047983, 0.15185601
0.00466612, 0.23316315, -0.00702797
0.46607867, -0.05575732, 0.88296151
0.24956289, 0.18139118
-0.00040687, 0.26184431, -0.00521641
0.0, -0.07507554, 0.99716181
0.26783088, 0.17075777
-0.00040687, 0.23316315, -0.00702797
0.0, -0.06302072, 0.99798578
0.24967375, 0.16880351
-0.00547988, 0.00440923, 0.00899982
-0.4731895, -0.27903074, 0.83556628
0.10305607, 0.09460294
-0.00040687, -0.01090788, 0.00388446
0.0, -0.04730369, 0.99887079
0.09172863, 0.08409441
-0.00547988, 0.01972703, 0.01411516
-0.41209143, 0.22626422, 0.88256478
0.11189039, 0.09296334
-0.00040687, 0.00440923, 0.00899982
0.0, -0.3167516, 0.94848478
0.1029188, 0.08095455
-0.00547985, -0.11580937, 0.02818742
-0.3823359, -0.57045197, 0.72688985
0.01832809, 0.042732
-0.00040687, -0.11580916, 0.02818748
0.0, -0.65575123, 0.75496691
0.01899632, 0.02959919
-0.00547988, 0.03270135, -0.00126783
-0.41413617, 0.58098084, 0.70064396
0.12109143, 0.12074733
-0.00040687, 0.03270135, -0.00126783
0.0, 0.60499895, 0.79619741
0.12279517, 0.10962427
-0.00040687, 0.04332758, -0.00613407
0.0, 0.4163335, 0.90917689
0.12935987, 0.12207711
-0.00040687, 0.02621385, 0.00642366
0.0, 0.76439708, 0.64470351
0.11786694, 0.09517145
0.00466612, 0.07560524, -0.00988131
0.0, -0.08713035, 0.99618518
0.15003616, 0.14870638
-0.00040687, 0.08911032, -0.00869974
0.0, -0.08713035, 0.99618518
0.15874565, 0.13737369
-0.00040687, 0.07560524, -0.00988131
0.0, -0.08713035, 0.99618518
0.15017059, 0.13602602
0.00466612, 0.11380734, -0.00653902
0.0, -0.08713035, 0.99618518
0.17427005, 0.15235883
-0.00040687, 0.13850413, -0.00437837
0.0, -0.00985748, 0.99993896
0.18997867, 0.14271659
-0.00040687, 0.11380734, -0.00653902
0.0, -0.08713035, 0.99618518
0.17440654, 0.13977045
-0.00547988, 0.0580272, -0.01103151
0.0, 0.00769066, 0.99996948
0.13944356, 0.14407432
-0.00040687, 0.05395449, -0.01100019
0.0, 0.21680349, 0.97619557
0.13676637, 0.13002789
-0.00040687, 0.0580272, -0.01103151
0.0, 0.00769066, 0.99996948
0.13953002, 0.13066816
-0.00040687, -0.0673525, -0.04021535
0.0, 0.08575701, -0.99630725
0.05234878, 0.24530387
-0.00040687, -0.11912545, -0.04467288
0.0, -0.64329964, -0.76558733
0.01730793, 0.25941503
-0.00547988, -0.11912545, -0.04467288
-0.28397474, -0.56843776, -0.77211827
0.01695854, 0.2459271
-0.00040687, 0.01826235, -0.03117984
0.0, 0.2318186, -0.97274697
0.11007133, 0.22531402
-0.00040687, 0.00876967, -0.03344221
0.0, 0.16364025, -0.98651081
0.10375061, 0.22757387
-0.00547988, 0.00876967, -0.03344221
-0.36088139, 0.15173803, -0.92016357
0.10350217, 0.21463025
-0.00547985, -0.0034053, -0.03459998
-0.36692405, 0.0880459, -0.92605364
0.09552046, 0.21654475
-0.00040687, -0.0034053, -0.03459998
0.0, 0.09466842, -0.99548328
0.09575673, 0.22977006
-0.00040687, -0.01558001, -0.03575783
0.0, 0.09021272, -0.99591053
0.0876158, 0.23232567
-0.00040687, 0.04517388, -0.03609673
0.0, -0.35764641, -0.93383586
0.12834011, 0.23655498
-0.00040687, 0.02775528, -0.02891747
0.0, -0.07840205, -0.99691761
0.11645158, 0.22449291
-0.00547988, 0.02775528, -0.02891747
-0.38911098, -0.08383434, -0.9173559
0.11675321, 0.21060085
-0.01055286, 0.04476076, -0.03137488
-0.90316474, -0.15338603, -0.40089113
0.12939, 0.20705092
-0.00547988, 0.04517388, -0.03609673
-0.34327221, -0.33176672, -0.87865841
0.12929773, 0.22464538
-0.00040687, 0.06486995, -0.04307667
0.00061037, 0.61046177, -0.79201639
0.1404148, 0.25377011
-0.00547988, -0.01558001, -0.03575783
-0.36658832, 0.0839259, -0.92657244
0.08733033, 0.21885669
-0.01055286, -0.01599313, -0.03103598
-0.91683704, 0.03601184, -0.39762565
0.08697462, 0.20025027
-0.01055286, -0.00381842, -0.02987813
-0.91723382, 0.03769036, -0.39649647
0.09527081, 0.19821155
-0.00547988, 0.01826235, -0.03117984
-0.36442152, 0.21585742, -0.90585041
0.1098486, 0.21200538
-0.00547988, -0.0673525, -0.04021535
-0.36692405, 0.07977539, -0.92678607
0.05201215, 0.23176718
0.00466612, -0.0673525, -0.04021535
0.36692405, 0.07977539, -0.92678607
0.04995901, 0.22906893
-0.00040687, -0.11912545, -0.04467288
0.0, -0.64329964, -0.76558733
0.0147101, 0.25512511
0.00466609, -0.01558001, -0.03575783
0.36658832, 0.0839259, -0.92657244
0.08563618, 0.21807694
-0.00040687, -0.0673525, -0.04021535
0.0, 0.08575701, -0.99630725
0.0502501, 0.24277753
0.00466612, 0.00876967, -0.03344215
0.36088139, 0.15173803, -0.92016357
0.10194093, 0.21455294
-0.00040687, 0.00876967, -0.03344221
0.0, 0.16364025, -0.98651081
0.10218361, 0.22746283
-0.00040687, 0.01826235, -0.03117984
0.0, 0.2318186, -0.97274697
0.10843825, 0.22538906
-0.00040687, -0.0034053, -0.03459998
0.0, 0.09466842, -0.99548328
0.09412389, 0.22951841
-0.00040687, 0.02775528, -0.02891747
0.0, -0.07840205, -0.99691761
0.11476233, 0.22560096
0.00466612, 0.06486995, -0.04307667
0.30704671, 0.54338205, -0.78130436
0.14041759, 0.24644399
-0.00040687, 0.04517388, -0.03609673
0.0, -0.35764641, -0.93383586
0.12684822, 0.23978919
-0.00547988, 0.06486995, -0.04307667
-0.30704671, 0.54170352, -0.78243357
0.14148465, 0.24215829
-0.00753007, 0.12371593, -0.00897819
-0.57856989, -0.57582325, -0.57759333
0.43848327, 0.60294515
0.00646755, 0.1662288, -0.00941226
0.57609791, 0.57881403, -0.57707447
0.61565971, 0.66627163
-0.00753007, 0.1662288, -0.00941226
-0.57609791, 0.57881403, -0.57707447
0.55296838, 0.3498953
-0.00753007, 0.1662288, -0.00941226
-0.57609791, 0.57881403, -0.57707447
0.55296838, 0.98264802
-0.00017369, 0.39047456, -0.02233762
0.0, -0.14044619, -0.99008149
0.62190831, 0.57596654
-0.00040687, 0.06268138, -0.02650075
0.0, -0.6862697, 0.72731709
0.54310149, 0.14219445
-0.00040687, 0.0647347, -0.04997181
0.0, -0.54951626, -0.83544421
0.49577308, 0.2192319
0.00979805, 0.36553323, -0.02436089
0.71181369, 0.65095979, -0.26361889
0.28749236, 0.7111429
-0.01061175, 0.36553323, -0.02436089
-0.71181369, 0.65095979, -0.26361889
0.28749236, 0.59297308
-0.00550932, 0.3659291, -0.0288851
-0.27472761, 0.69560838, -0.66377759
0.29416141, 0.62251562
0.00469559, 0.3659291, -0.0288851
0.27472761, 0.69560838, -0.66377759
0.29416132, 0.68160054
-0.00550932, 0.1871368, -0.04452739
-0.27472761, -0.56978059, -0.77449876
0.01859375, 0.62789392
-0.01061178, 0.18674105, -0.04000317
-0.71181369, -0.59529406, -0.37266153
0.0243498, 0.60192522
0.00469559, 0.1871368, -0.04452739
0.27472761, -0.56978059, -0.77449876
0.01871232, 0.67941561
0.00979805, 0.18674105, -0.04000317
0.71181369, -0.59529406, -0.37266153
0.02458685, 0.70496833
-0.00040687, 0.3160103, -0.03325244
0.0, 0.08713035, -0.99618518
0.20698786, 0.81357265
-0.00547988, 0.06486995, -0.04307667
-0.30704671, 0.54170352, -0.78243357
0.34180829, 0.9998459
0.00466612, 0.06486995, -0.04307667
0.30704671, 0.54338205, -0.78130436
0.33539891, 0.9998459
-0.01055286, -0.11512279, 0.020341
-0.75527209, -0.59941405, 0.26502272
0.00295323, 0.05660206
-0.00040687, -0.11580916, 0.02818748
0.0, -0.65575123, 0.75496691
0.01023135, 0.0372932
-0.00547985, -0.11580937, 0.02818742
-0.3823359, -0.57045197, 0.72688985
0.00677462, 0.036367
0.00466612, -0.11580937, 0.02818742
0.3823359, -0.57045197, 0.72688985
0.01368808, 0.03821945
0.00466612, -0.11912545, -0.04467288
0.28397474, -0.56840724, -0.77214879
0.01030477, 0.23453206
-0.00547988, -0.11912545, -0.04467288
-0.28397474, -0.56843776, -0.77211827
0.00339136, 0.2326799
-0.01055289, -0.11953833, -0.03995102
-0.70876187, -0.63261819, -0.31208229
0.01647627, 0.2274704
-0.01055286, 0.20595637, -0.02569397
-0.70708334, 0.06161687, -0.70439774
0.23158652, 0.21727824
-0.01055286, 0.26620984, -0.02321341
-0.64729756, -0.15643787, -0.74596393
0.26971933, 0.22291648
0.00466612, 0.36410558, 0.00093932
0.36658832, 0.56248665, 0.74108094
0.33557826, 0.19456363
-0.00547985, 0.36410558, 0.00093932
-0.36658832, 0.56248665, 0.74108094
0.34198764, 0.19458598
-0.00040687, 0.01972703, 0.01411516
0.0, 0.27048555, 0.96270639
0.11285985, 0.08229005
-0.00040687, -0.0633584, 0.01603591
0.0, 0.22568437, 0.97418135
0.05434521, 0.05753911
-0.00040687, -0.01558001, -0.03575783
0.0, 0.09021272, -0.99591053
0.08587602, 0.23169053
-0.00040687, 0.06486995, -0.04307667
0.00061037, 0.61046177, -0.79201639
0.13927539, 0.25833941
# Number of Faces:
734
# Face Data:
0, 1, 2
3, 4, 5
6, 7, 5
8, 2, 7
1, 5, 7
4, 3, 9
10, 11, 12
13, 14, 15
16, 17, 18
18, 19, 20
21, 22, 23
24, 25, 15
11, 10, 26
25, 26, 27
28, 26, 25
29, 28, 24
30, 31, 32
33, 34, 32
33, 35, 36
37, 38, 36
37, 39, 40
41, 42, 40
42, 43, 44
30, 45, 46
41, 47, 46
30, 41, 39
48, 49, 50
38, 51, 50
52, 53, 45
46, 54, 55
34, 56, 52
40, 44, 51
45, 53, 54
50, 57, 58
59, 60, 61
59, 62, 54
62, 63, 55
43, 64, 65
52, 66, 59
44, 65, 48
67, 68, 69
49, 70, 71
62, 61, 69
72, 73, 66
64, 74, 75
73, 60, 59
75, 76, 48
48, 76, 70
77, 78, 79
72, 80, 81
74, 77, 82
81, 83, 60
82, 84, 76
76, 84, 85
83, 67, 61
85, 86, 71
87, 88, 89
90, 91, 83
79, 89, 84
84, 89, 92
91, 93, 67
92, 94, 86
93, 95, 68
80, 96, 90
97, 98, 99
89, 88, 99
91, 100, 101
99, 102, 94
96, 103, 104
104, 100, 91
105, 106, 107
108, 107, 101
98, 109, 102
107, 110, 111
103, 112, 113
114, 115, 116
104, 113, 108
87, 116, 97
117, 118, 119
118, 120, 109
107, 106, 121
112, 120, 117
121, 119, 116
113, 117, 105
116, 119, 122
122, 118, 98
123, 124, 125
126, 125, 127
128, 129, 130
129, 131, 132
132, 131, 133
134, 135, 136
137, 124, 123
138, 139, 140
141, 125, 124
141, 142, 127
143, 129, 128
144, 131, 129
144, 145, 133
146, 137, 49
66, 133, 147
134, 148, 124
149, 150, 151
141, 149, 152
145, 151, 136
141, 148, 150
145, 144, 153
143, 154, 153
134, 155, 150
143, 156, 152
157, 123, 126
158, 126, 159
160, 161, 130
162, 130, 132
138, 163, 132
135, 134, 137
164, 147, 133
165, 166, 123
167, 168, 140
162, 163, 140
165, 157, 167
160, 162, 169
165, 170, 171
172, 173, 168
138, 174, 171
158, 168, 167
174, 138, 175
176, 57, 166
50, 49, 137
57, 50, 166
56, 175, 52
52, 175, 133
177, 178, 93
79, 179, 180
78, 179, 79
93, 178, 95
87, 180, 114
111, 177, 101
181, 182, 183
183, 182, 184
184, 185, 186
185, 187, 188
188, 187, 189
190, 189, 191
187, 181, 189
192, 181, 193
191, 192, 194
193, 183, 188
195, 196, 197
198, 199, 200
200, 201, 202
202, 203, 204
198, 200, 202
199, 205, 206
195, 207, 208
204, 195, 209
205, 198, 209
210, 211, 212
207, 213, 208
209, 208, 214
215, 214, 216
207, 217, 218
219, 220, 221
222, 223, 224
225, 226, 227
203, 228, 227
229, 230, 228
231, 225, 228
232, 224, 233
227, 232, 197
226, 222, 232
234, 221, 218
224, 234, 217
223, 219, 234
215, 235, 236
237, 215, 238
237, 212, 214
210, 237, 239
206, 210, 240
206, 205, 211
241, 206, 242
243, 244, 241
245, 199, 241
246, 247, 248
249, 250, 251
252, 253, 254
255, 256, 257
251, 258, 259
260, 261, 262
262, 261, 263
249, 264, 265
266, 267, 268
264, 269, 270
271, 272, 273
274, 275, 276
277, 278, 279
269, 280, 281
282, 281, 283
284, 285, 267
286, 287, 288
289, 290, 291
289, 291, 292
283, 293, 294
295, 296, 297
298, 299, 300
298, 297, 301
287, 302, 288
303, 304, 305
255, 306, 307
308, 309, 310
252, 250, 311
312, 313, 314
309, 315, 316
317, 311, 318
317, 319, 320
321, 322, 323
324, 325, 326
315, 321, 327
318, 328, 312
329, 330, 331
328, 332, 333
334, 333, 335
324, 336, 337
330, 338, 339
340, 341, 342
322, 343, 344
332, 344, 329
345, 346, 347
348, 349, 350
351, 352, 353
354, 355, 356
357, 358, 359
360, 361, 362
363, 364, 365
366, 367, 368
369, 370, 371
372, 373, 374
375, 376, 377
272, 378, 377
271, 379, 378
380, 375, 378
381, 374, 304
306, 371, 381
371, 370, 372
382, 371, 306
383, 384, 382
385, 369, 382
386, 368, 387
365, 386, 280
364, 366, 386
388, 365, 389
377, 388, 390
376, 363, 388
360, 391, 300
359, 360, 299
359, 358, 361
293, 392, 359
387, 368, 392
367, 357, 392
325, 393, 356
394, 353, 393
352, 354, 393
305, 395, 353
374, 395, 305
373, 351, 395
341, 396, 350
337, 347, 396
346, 348, 396
336, 397, 347
356, 397, 336
355, 345, 397
398, 335, 399
314, 398, 400
314, 313, 334
401, 331, 402
335, 401, 403
333, 329, 401
404, 320, 405
254, 404, 406
253, 317, 404
407, 314, 408
320, 407, 409
319, 312, 407
410, 292, 411
412, 410, 413
268, 289, 410
286, 414, 415
411, 292, 286
292, 291, 287
274, 416, 417
248, 274, 418
248, 247, 275
419, 266, 412
417, 416, 266
416, 276, 267
420, 259, 421
379, 420, 422
271, 251, 420
423, 254, 424
259, 423, 425
259, 258, 252
426, 248, 427
384, 426, 428
383, 246, 426
429, 430, 431
432, 433, 434
435, 436, 437
438, 439, 440
441, 442, 440
264, 390, 269
443, 438, 442
435, 444, 445
434, 435, 446
433, 436, 435
447, 434, 290
440, 447, 285
439, 432, 447
302, 448, 431
445, 444, 448
437, 429, 448
449, 301, 450
451, 449, 452
279, 298, 449
282, 453, 454
270, 282, 455
270, 269, 281
456, 277, 451
454, 453, 277
453, 283, 278
265, 270, 457
458, 265, 459
383, 256, 247
247, 441, 275
256, 460, 442
461, 0, 2
1, 3, 5
462, 6, 5
463, 8, 7
2, 1, 7
464, 4, 9
23, 10, 12
25, 13, 15
15, 16, 18
24, 18, 20
12, 21, 23
18, 24, 15
28, 11, 26
13, 25, 27
24, 28, 25
20, 29, 24
45, 30, 32
31, 33, 32
58, 33, 36
35, 37, 36
38, 37, 40
39, 41, 40
40, 42, 44
47, 30, 46
465, 41, 46
33, 31, 30
30, 35, 33
30, 39, 37
30, 47, 41
37, 35, 30
51, 48, 50
36, 38, 50
32, 52, 45
465, 46, 55
32, 34, 52
38, 40, 51
46, 45, 54
36, 50, 58
62, 59, 61
53, 59, 54
54, 62, 55
44, 43, 65
53, 52, 59
51, 44, 48
61, 67, 69
146, 49, 71
63, 62, 69
147, 72, 66
65, 64, 75
66, 73, 59
65, 75, 48
49, 48, 70
82, 77, 79
73, 72, 81
75, 74, 82
73, 81, 60
75, 82, 76
70, 76, 85
60, 83, 61
70, 85, 71
79, 87, 89
81, 90, 83
82, 79, 84
85, 84, 92
83, 91, 67
85, 92, 86
67, 93, 68
81, 80, 90
88, 97, 99
92, 89, 99
93, 91, 101
92, 99, 94
90, 96, 104
90, 104, 91
108, 105, 107
100, 108, 101
99, 98, 102
101, 107, 111
104, 103, 113
87, 114, 116
100, 104, 108
88, 87, 97
119, 105, 117
119, 121, 106
118, 122, 119
117, 120, 118
119, 106, 105
98, 118, 109
110, 107, 121
113, 112, 117
115, 121, 116
108, 113, 105
97, 116, 122
97, 122, 98
126, 123, 125
159, 126, 127
161, 128, 130
130, 129, 132
175, 132, 133
155, 134, 136
166, 137, 123
163, 138, 140
148, 141, 124
125, 141, 127
156, 143, 128
143, 144, 129
131, 144, 133
137, 134, 124
151, 152, 149
151, 153, 154
155, 136, 151
151, 150, 155
151, 154, 152
142, 141, 152
164, 145, 136
149, 141, 150
151, 145, 153
144, 143, 153
148, 134, 150
154, 143, 152
158, 157, 126
172, 158, 159
162, 160, 130
163, 162, 132
175, 138, 132
146, 135, 137
145, 164, 133
157, 165, 123
140, 170, 167
140, 139, 171
173, 169, 140
140, 168, 173
140, 171, 170
169, 162, 140
170, 165, 167
173, 160, 169
176, 165, 171
158, 172, 168
139, 138, 171
157, 158, 167
56, 174, 175
165, 176, 166
166, 50, 137
66, 52, 133
101, 177, 93
87, 79, 180
193, 181, 183
466, 183, 184
466, 184, 186
186, 185, 188
190, 188, 189
467, 190, 191
185, 184, 182
182, 187, 185
192, 191, 189
189, 181, 192
181, 187, 182
194, 192, 193
467, 191, 194
188, 194, 193
194, 190, 467
183, 186, 188
186, 183, 466
188, 190, 194
196, 195, 204
195, 197, 233
199, 198, 205
199, 245, 200
201, 200, 468
201, 469, 202
469, 201, 470
201, 468, 471
203, 202, 229
203, 196, 204
204, 198, 202
241, 199, 206
209, 195, 208
198, 204, 209
209, 211, 205
211, 209, 212
237, 210, 212
472, 207, 473
474, 475, 208
208, 213, 474
213, 207, 472
208, 216, 214
214, 212, 209
235, 215, 216
217, 207, 195
195, 233, 217
234, 219, 221
232, 222, 224
228, 225, 227
196, 203, 227
203, 229, 228
230, 231, 228
197, 232, 233
196, 227, 197
227, 226, 232
217, 234, 218
233, 224, 217
224, 223, 234
238, 215, 236
239, 237, 238
215, 237, 214
240, 210, 239
242, 206, 240
210, 206, 211
476, 241, 242
476, 243, 241
244, 245, 241
426, 246, 248
251, 271, 249
250, 258, 251
423, 252, 254
257, 306, 255
256, 383, 257
420, 251, 259
308, 260, 262
263, 477, 262
261, 478, 263
458, 249, 265
412, 266, 268
265, 264, 270
249, 271, 273
416, 274, 276
451, 277, 279
387, 283, 281
280, 269, 389
280, 387, 281
453, 282, 283
285, 268, 267
267, 276, 284
285, 290, 268
414, 286, 288
290, 289, 268
446, 445, 291
291, 290, 446
410, 289, 292
294, 279, 278
293, 283, 387
278, 283, 294
300, 479, 295
479, 480, 481
480, 300, 482
296, 483, 297
295, 484, 296
300, 480, 479
295, 297, 300
299, 298, 279
298, 300, 297
279, 294, 299
449, 298, 301
445, 287, 291
302, 485, 288
287, 445, 302
305, 486, 303
486, 305, 394
307, 303, 255
303, 307, 304
260, 308, 310
250, 252, 258
252, 311, 253
407, 312, 314
310, 309, 316
311, 317, 253
317, 318, 319
404, 317, 320
327, 321, 323
325, 324, 486
486, 394, 325
316, 315, 327
328, 313, 312
312, 319, 318
401, 329, 331
328, 333, 334
334, 313, 328
398, 334, 335
337, 487, 324
324, 326, 336
338, 330, 344
330, 339, 488
339, 338, 489
338, 344, 343
341, 340, 487
487, 337, 341
323, 322, 344
344, 330, 329
329, 333, 332
397, 345, 347
396, 348, 350
395, 351, 353
393, 354, 356
392, 357, 359
391, 360, 362
388, 363, 365
386, 366, 368
382, 369, 371
381, 372, 374
378, 375, 377
273, 272, 377
272, 271, 378
379, 380, 378
307, 381, 304
307, 306, 381
381, 371, 372
257, 382, 306
257, 383, 382
384, 385, 382
280, 386, 387
389, 365, 280
365, 364, 386
390, 388, 389
273, 377, 390
377, 376, 388
299, 360, 300
294, 359, 299
360, 359, 361
294, 293, 359
293, 387, 392
368, 367, 392
326, 325, 356
325, 394, 393
353, 352, 393
394, 305, 353
304, 374, 305
374, 373, 395
342, 341, 350
341, 337, 396
347, 346, 396
337, 336, 347
326, 356, 336
356, 355, 397
400, 398, 399
408, 314, 400
398, 314, 334
403, 401, 402
399, 335, 403
335, 333, 401
406, 404, 405
424, 254, 406
254, 253, 404
409, 407, 408
405, 320, 409
320, 319, 407
413, 410, 411
490, 412, 413
412, 268, 410
491, 286, 415
491, 411, 286
286, 292, 287
418, 274, 417
427, 248, 418
274, 248, 275
490, 419, 412
419, 417, 266
266, 416, 267
422, 420, 421
380, 379, 422
379, 271, 420
425, 423, 424
421, 259, 425
423, 259, 252
428, 426, 427
385, 384, 428
384, 383, 426
448, 429, 431
447, 432, 434
444, 435, 437
442, 438, 440
284, 441, 440
273, 264, 249
390, 389, 269
264, 273, 390
460, 443, 442
446, 435, 445
290, 434, 446
434, 433, 435
285, 447, 290
284, 440, 285
440, 439, 447
485, 302, 431
302, 445, 448
444, 437, 448
452, 449, 450
492, 451, 452
451, 279, 449
455, 282, 454
457, 270, 455
282, 270, 281
492, 456, 451
456, 454, 277
277, 453, 278
459, 265, 457
493, 458, 459
246, 383, 247
284, 276, 275
441, 247, 256
275, 441, 284
441, 256, 442
