# Project Zomboid Skinned Mesh
# File Version:
1.0
# Model Name:
shotgun1
# Vertex Stride Element Count:
3
# Vertex Stride Size (in bytes):
76
# Vertex Stride Data:
# (Int)    Offset
# (String) Type
0
VertexArray
12
NormalArray
24
TextureCoordArray
# Vertex Count:
315
# Vertex Buffer:
0.0, 0.29626799, -0.01850695
0.0, 0.63026828, -0.77636033
0.294229, 0.763088
0.006768, 0.29626799, -0.01570395
0.54893643, 0.63023776, -0.54899746
0.29423001, 0.74737
0.006768, 0.163298, -0.01570397
0.70705283, 0.0, -0.70711386
0.029213, 0.74735001
0.0, 0.29626799, 0.00063705
0.0, 0.63023776, 0.77639091
0.42918801, 0.77005599
-0.009572, 0.29626799, -0.00893495
-0.77636033, 0.63023776, 0.0
0.38410401, 0.81513999
-0.006768, 0.29626799, -0.00216695
-0.54896694, 0.63026828, 0.54896694
0.41598099, 0.80193301
0.009572, 0.29626799, -0.00893495
0.77636033, 0.63023776, 0.0
0.29423001, 0.73164201
0.006768, 0.29626799, -0.00216695
0.54896694, 0.63026828, 0.54896694
0.29423001, 0.71591699
0.006768, 0.163298, -0.00216697
0.70708334, 0.0, 0.70708334
0.029214, 0.71593699
0.009572, 0.163298, -0.00893497
1.0, 0.0, 0.0
0.029214, 0.73164201
0.009572, 0.29626799, -0.00893495
0.77636033, 0.63023776, 0.0
0.38410401, 0.72497299
0.006768, 0.29626799, -0.00216695
0.54896694, 0.63026828, 0.54896694
0.41598099, 0.73818001
0.0, 0.29626799, -0.01850695
0.0, 0.63026828, -0.77636033
0.33902001, 0.77005599
-0.006768, 0.29626799, -0.01570395
-0.54893643, 0.63023776, -0.54899746
0.352222, 0.80193301
-0.009572, 0.163298, -0.00893497
-1.0, 0.0, 0.0
0.02921, 0.794506
-0.009572, 0.29626799, -0.00893495
-0.77636033, 0.63023776, 0.0
0.294227, 0.794506
-0.006768, 0.29626799, -0.01570395
-0.54893643, 0.63023776, -0.54899746
0.294227, 0.778799
0.0, 0.29626799, 0.00063705
0.0, 0.63023776, 0.77639091
0.29422799, 0.70019701
0.0, 0.163298, 0.00063703
0.0, 0.0, 1.0
0.029212, 0.700225
-0.006768, 0.163298, -0.01570397
-0.70705283, 0.0, -0.70711386
0.029211, 0.778779
-0.006768, 0.163298, -0.00216697
-0.70708334, 0.0, 0.70708334
0.029211, 0.810232
-0.006768, 0.29626799, -0.00216695
-0.54896694, 0.63026828, 0.54896694
0.294227, 0.810212
-0.006768, 0.29626799, -0.00216695
-0.54896694, 0.63026828, 0.54896694
0.294227, 0.68448499
0.009572, 0.44390601, -0.02993393
0.77642143, 0.63017672, 0.0
0.51555997, 0.584218
0.006768, 0.44390601, -0.03670293
0.54899746, 0.63017672, -0.54902798
0.49517301, 0.592664
-0.00024, 0.44390801, -0.02993393
0.0, 1.0, 0.0
0.51555997, 0.61304799
0.0, 0.44390601, -0.02036193
0.0, 0.63017672, 0.77642143
0.54439002, 0.61304799
0.006768, 0.44390601, -0.02316593
0.54899746, 0.63020724, 0.54899746
0.535945, 0.592664
-0.006768, 0.44390601, -0.03670293
-0.54899746, 0.63017672, -0.54902798
0.49517301, 0.63343301
-0.009572, 0.44390601, -0.02993393
-0.77642143, 0.63017672, 0.0
0.51555997, 0.64187801
0.0, 0.44390601, -0.03950593
0.0, 0.63017672, -0.77642143
0.48673001, 0.61304799
-0.006768, 0.44390601, -0.02316593
-0.54899746, 0.63020724, 0.54899746
0.535945, 0.63343301
-0.012507, 0.216498, -0.02137597
-0.62678915, -0.31330302, -0.71340066
0.22127999, 0.997687
-0.010593, 0.216498, -0.02137597
0.62678915, -0.31330302, -0.71340066
0.22127999, 0.986417
-0.010593, 0.212759, -0.01730696
0.80352181, -0.25217444, -0.53920102
0.197321, 0.986417
-0.010593, 0.28413099, -0.00487995
0.60029906, 0.77871031, -0.18225653
0.97818702, 0.925383
-0.010593, 0.19801, -0.00487997
0.60029906, -0.77871031, -0.18225653
0.825014, 0.922657
-0.010593, 0.19801, -0.01570797
0.70708334, -0.70708334, 0.0
0.82503098, 0.934057
0.007745, 0.28413099, -0.00017695
-0.33109531, 0.80373549, -0.49430829
0.054485, 0.956601
0.000149, 0.28413099, 0.00135605
0.0, 0.75444806, -0.65633106
0.047959, 0.924268
0.000149, 0.28413099, 0.00342905
0.0, 0.65828425, 0.75273901
0.039135, 0.924268
0.000149, 0.19801, 0.00135603
0.0, -0.75444806, -0.65633106
0.825023, 0.897478
0.000149, 0.28413099, 0.00135605
0.0, 0.75444806, -0.65633106
0.97818398, 0.897478
0.007745, 0.28413099, -0.00017695
-0.33109531, 0.80373549, -0.49430829
0.97815198, 0.881664
0.010891, 0.28413099, -0.00487995
-0.60029906, 0.77871031, -0.18225653
0.97818702, 0.86955599
0.010891, 0.19801, -0.00487997
-0.60029906, -0.77871031, -0.18225653
0.825014, 0.87228499
0.007745, 0.19801, -0.00017697
-0.33109531, -0.80373549, -0.49430829
0.82505798, 0.883778
-0.012507, 0.19801, -0.00487997
-0.73094881, -0.65160072, 0.20270394
0.06261, 0.997687
-0.012507, 0.19801, -0.01570797
-0.70708334, -0.70708334, 0.0
0.126367, 0.997687
-0.010593, 0.19801, -0.01570797
0.70708334, -0.70708334, 0.0
0.126367, 0.986417
-0.007447, 0.28413099, -0.00017695
0.33109531, 0.80373549, -0.49430829
0.054485, 0.891935
-0.012507, 0.19801, -0.01570797
-0.70708334, -0.70708334, 0.0
0.60823298, 0.577061
-0.012507, 0.19801, -0.00487997
-0.73094881, -0.65160072, 0.20270394
0.60823298, 0.62900901
-0.012507, 0.28413099, -0.00487995
-0.73094881, 0.65160072, 0.20270394
0.962075, 0.62900901
0.010891, 0.28413099, -0.01570795
-0.70708334, 0.70708334, 0.0
0.97819197, 0.85522801
0.010891, 0.28413099, -0.02137595
-0.57734919, 0.57734919, -0.57734919
0.97817099, 0.84573799
0.010891, 0.216498, -0.02137597
-0.62678915, -0.31330302, -0.71340066
0.85789597, 0.84575599
0.007745, 0.19801, -0.00017697
-0.33109531, -0.80373549, -0.49430829
0.034917, 0.87844
0.009098, 0.19801, 0.00128903
0.45915097, -0.62944424, 0.62681967
0.026286, 0.870473
0.000149, 0.19801, 0.00342903
0.0, -0.65828425, 0.75273901
0.013685, 0.923166
-0.007447, 0.19801, -0.00017697
0.33109531, -0.80373549, -0.49430829
0.034918, 0.967893
0.000149, 0.19801, 0.00135603
0.0, -0.75444806, -0.65633106
0.025891, 0.923166
-0.012507, 0.216498, -0.02137597
-0.62678915, -0.31330302, -0.71340066
0.68462402, 0.54702899
-0.012507, 0.212759, -0.01730696
-0.80352181, -0.25217444, -0.53920102
0.66812801, 0.56197
-0.012507, 0.28413099, -0.01570795
-0.70708334, 0.70708334, 0.0
0.962075, 0.577061
0.010891, 0.212759, -0.01730696
-0.80352181, -0.25217444, -0.53920102
0.85150301, 0.85656101
-0.010593, 0.28413099, -0.01570795
0.70708334, 0.70708334, 0.0
0.97819197, 0.939711
-0.010593, 0.212759, -0.01730696
0.80352181, -0.25217444, -0.53920102
0.85148501, 0.938377
-0.010593, 0.216498, -0.02137597
0.62678915, -0.31330302, -0.71340066
0.85789502, 0.949185
0.010891, 0.19801, -0.01570797
-0.70708334, -0.70708334, 0.0
0.825032, 0.860861
-0.007447, 0.19801, -0.00017697
0.33109531, -0.80373549, -0.49430829
0.82505798, 0.911181
-0.007447, 0.28413099, -0.00017695
0.33109531, 0.80373549, -0.49430829
0.97815198, 0.913167
0.012805, 0.28413099, -0.01570795
0.70708334, 0.70708334, 0.0
0.962075, 0.81563701
0.012805, 0.212759, -0.01730696
0.80352181, -0.25217444, -0.53920102
0.66928601, 0.820507
0.012805, 0.216498, -0.02137597
0.62678915, -0.31330302, -0.71340066
0.68462402, 0.83592901
-0.012507, 0.19801, -0.01660897
-0.57985169, -0.58952606, -0.56227303
0.13167199, 0.997687
-0.010593, 0.19801, -0.01660897
0.57985169, -0.58952606, -0.56227303
0.13167199, 0.986417
0.012805, 0.19801, -0.01570797
0.70708334, -0.70708334, 0.0
0.60823298, 0.814826
0.012805, 0.28413099, -0.00487995
0.73094881, 0.65160072, 0.20270394
0.962075, 0.78235801
-0.012507, 0.216498, -0.02137597
-0.62678915, -0.31330302, -0.71340066
0.25793299, 0.986171
-0.012507, 0.28413099, -0.02137595
-0.57734919, 0.57734919, -0.57734919
0.96544999, 0.986171
-0.010593, 0.28413099, -0.02137595
0.57734919, 0.57734919, -0.57734919
0.96544999, 0.966148
0.010891, 0.216498, -0.02137597
-0.62678915, -0.31330302, -0.71340066
0.25793299, 0.986775
0.010891, 0.28413099, -0.02137595
-0.57734919, 0.57734919, -0.57734919
0.96544999, 0.986775
0.012805, 0.28413099, -0.02137595
0.57734919, 0.57734919, -0.57734919
0.96544999, 0.966752
-0.010593, 0.19801, -0.01660897
0.57985169, -0.58952606, -0.56227303
0.82502902, 0.935973
0.010891, 0.19801, -0.01660897
-0.57985169, -0.58952606, -0.56227303
0.13167199, 0.859915
0.012805, 0.19801, -0.01660897
0.57985169, -0.58952606, -0.56227303
0.13167199, 0.848645
0.012805, 0.19801, -0.01570797
0.70708334, -0.70708334, 0.0
0.126367, 0.848645
0.010891, 0.212759, -0.01730696
-0.80352181, -0.25217444, -0.53920102
0.197321, 0.859915
0.010891, 0.216498, -0.02137597
-0.62678915, -0.31330302, -0.71340066
0.22127999, 0.859915
0.012805, 0.216498, -0.02137597
0.62678915, -0.31330302, -0.71340066
0.22127999, 0.848645
0.012805, 0.28413099, -0.02137595
0.57734919, 0.57734919, -0.57734919
0.962075, 0.83592901
-0.012507, 0.28413099, -0.02137595
-0.57734919, 0.57734919, -0.57734919
0.962075, 0.54702899
0.010891, 0.19801, -0.00487997
-0.60029906, -0.77871031, -0.18225653
0.06261, 0.859915
0.012805, 0.19801, -0.00487997
0.73094881, -0.65160072, 0.20270394
0.06261, 0.848645
0.012805, 0.28413099, -0.01570795
0.70708334, 0.70708334, 0.0
0.120594, 0.97814
0.010891, 0.28413099, -0.01570795
-0.70708334, 0.70708334, 0.0
0.120594, 0.969993
0.010891, 0.28413099, -0.00487995
-0.60029906, 0.77871031, -0.18225653
0.074504, 0.969993
-0.010593, 0.28413099, -0.02137595
0.57734919, 0.57734919, -0.57734919
0.97817099, 0.949203
0.012805, 0.19801, -0.01660897
0.57985169, -0.58952606, -0.56227303
0.60823298, 0.814826
-0.0088, 0.19801, 0.00128903
-0.45915097, -0.62944424, 0.62681967
0.026285, 0.975859
-0.010593, 0.19801, -0.00487997
0.60029906, -0.77871031, -0.18225653
0.06261, 0.986417
-0.0088, 0.28413099, 0.00128905
-0.45915097, 0.62944424, 0.62681967
0.962075, 0.66856599
0.012805, 0.19801, -0.00487997
0.73094881, -0.65160072, 0.20270394
0.60823298, 0.78235801
0.009098, 0.28413099, 0.00128905
0.45915097, 0.62944424, 0.62681967
0.962075, 0.74198899
0.009098, 0.28413099, 0.00128905
0.45915097, 0.62944424, 0.62681967
0.048244, 0.962361
0.012805, 0.28413099, -0.00487995
0.73094881, 0.65160072, 0.20270394
0.074504, 0.97814
-0.010593, 0.28413099, -0.01570795
0.70708334, 0.70708334, 0.0
0.120594, 0.878543
-0.010593, 0.28413099, -0.02137595
0.57734919, 0.57734919, -0.57734919
0.144721, 0.878543
-0.012507, 0.28413099, -0.02137595
-0.57734919, 0.57734919, -0.57734919
0.144721, 0.870396
0.010891, 0.19801, -0.01570797
-0.70708334, -0.70708334, 0.0
0.126367, 0.859915
0.012805, 0.28413099, -0.02137595
0.57734919, 0.57734919, -0.57734919
0.14472, 0.97814
0.010891, 0.28413099, -0.02137595
-0.57734919, 0.57734919, -0.57734919
0.144721, 0.969993
0.000149, 0.19801, 0.00342903
0.0, -0.65828425, 0.75273901
0.60823298, 0.70527801
0.000149, 0.28413099, 0.00342905
0.0, 0.65828425, 0.75273901
0.962075, 0.70527801
0.009098, 0.19801, 0.00128903
0.45915097, -0.62944424, 0.62681967
0.60823298, 0.74198899
-0.0088, 0.28413099, 0.00128905
-0.45915097, 0.62944424, 0.62681967
0.048245, 0.886176
-0.010593, 0.28413099, -0.00487995
0.60029906, 0.77871031, -0.18225653
0.074504, 0.878543
-0.012507, 0.28413099, -0.01570795
-0.70708334, 0.70708334, 0.0
0.120594, 0.870396
-0.009564, 0.163755, -0.02983397
-0.70708334, 0.70708334, 0.0
0.98172998, 0.09717399
-0.009564, 0.02881801, -0.02895499
-0.90917689, -0.17603076, -0.37736136
0.57087499, 0.10391098
-0.009564, 0.035505, -0.01588499
-0.99996948, 0.005768, -0.00357067
0.590675, 0.14364702
0.009564, 0.042191, -0.00281499
0.93203527, 0.01947081, 0.3617664
0.612589, 0.18264401
0.009564, 0.163755, -0.02028797
0.70708334, 0.70708334, 0.0
0.981736, 0.12630397
0.009564, 0.163755, -0.00963897
0.70708334, 0.70708334, 0.0
0.98173702, 0.158714
-0.000973, 0.067042, 0.01114801
-0.8127079, -0.46723837, -0.34803307
0.551498, 0.417135
0.000973, 0.067042, 0.01114801
0.8127079, -0.46723837, -0.34803307
0.551498, 0.417135
0.000973, 0.062867, 0.01345801
0.77135533, -0.15079196, -0.61824399
0.54032701, 0.42922699
-0.005739, -0.005579, -0.012332
-0.42741174, 0.05218665, -0.90252388
0.46426401, 0.14831501
-0.005739, -0.019387, -0.017875
-0.36906034, 0.12213507, -0.9213233
0.42216501, 0.13214302
-0.009564, -0.019936, -0.013973
-0.89181191, 0.06344798, -0.44792017
0.419709, 0.14874601
-0.005739, 0.02719001, -0.03248399
-0.37089145, -0.39216286, -0.84179205
0.56405801, 0.08874899
-0.005739, 0.002086, -0.014422
-0.40290537, -0.39396343, -0.82607502
0.487472, 0.14260101
-0.000973, 0.054604, -0.00013499
-0.47224343, 0.7156285, 0.51460308
0.51822299, 0.358069
-0.000973, 0.048918, 0.00777201
-0.80031741, 0.58156073, 0.14563432
0.503012, 0.39946097
0.000973, 0.048918, 0.00777201
0.80031741, 0.58156073, 0.14563432
0.503012, 0.39946097
0.009564, -0.019936, -0.013973
0.89181191, 0.06344798, -0.44792017
0.42045999, 0.14885497
0.005739, -0.019387, -0.017875
0.36906034, 0.12213507, -0.9213233
0.422941, 0.132249
0.005739, -0.005579, -0.012332
0.42741174, 0.05218665, -0.90252388
0.46505499, 0.14838803
0.015062, -0.01150201, 0.031712
0.99822992, -0.04504532, -0.03805658
0.446098, 0.28836298
0.011232, 0.007046, 2e-05
0.99731439, 0.0590228, -0.04266488
0.50380599, 0.19179302
0.009564, 0.010332, 0.010954
0.88467056, 0.40696433, 0.22742394
0.51446801, 0.22527099
0.009564, 0.163755, -0.00281497
0.71727651, 0.63026828, 0.29703665
0.98173797, 0.17947698
0.005739, 0.163755, 0.00101103
0.29715872, 0.63023776, 0.717246
0.98174101, 0.19596899
0.005739, 0.042503, 0.00101101
0.39069796, 0.07483138, 0.91744745
0.61405897, 0.19911999
0.000973, 0.079747, 4.201e-05
0.49171424, 0.62590408, 0.60530412
0.58548599, 0.35899901
-0.000973, 0.079747, 4.201e-05
-0.49171424, 0.62590408, 0.60530412
0.58548599, 0.35899901
-0.000973, 0.066687, 0.01354601
-0.67760247, 0.45387128, 0.57863092
0.550547, 0.42969197
0.009564, 0.00185599, 0.033803
0.67949462, 0.7053743, 0.20169683
0.489654, 0.29583102
0.009564, 0.00151899, 0.036331
0.50465405, 0.50260931, 0.70189518
0.48870099, 0.303532
0.015062, -0.01183901, 0.03424099
0.77614671, -0.10654011, 0.6214484
0.44485, 0.29604298
-0.009564, 0.00185599, 0.033803
-0.67949462, 0.7053743, 0.20169683
0.45930499, 0.48763102
0.0, 0.00417699, 0.033803
0.0, 0.95284891, 0.30338451
0.46560201, 0.51394501
-0.005739, 0.013689, 0.012669
-0.39341411, 0.70982999, 0.58421582
0.54955697, 0.49779099
0.009564, 0.05482801, -0.03555399
0.91381574, -0.05041658, -0.40296641
0.65030301, 0.08296603
0.005739, 0.05436701, -0.03937999
0.37403485, -0.11484115, -0.92025512
0.64797699, 0.06656599
0.005739, 0.163755, -0.03937997
0.2971282, 0.63023776, -0.717246
0.98173398, 0.06340498
-0.005739, 0.05436701, -0.03937999
-0.37403485, -0.11484115, -0.92025512
0.65552503, 0.04108
0.005739, 0.05436701, -0.03937999
0.37403485, -0.11484115, -0.92025512
0.65552503, 0.01448399
0.005739, 0.02719001, -0.03248399
0.37089145, -0.39216286, -0.84179205
0.56162298, 0.01448399
0.009564, 0.163755, -0.02983397
0.70708334, 0.70708334, 0.0
0.98173398, 0.097256
-0.005739, 0.163755, -0.03937997
-0.2971282, 0.63023776, -0.717246
0.99370003, 0.04108
0.005739, 0.163755, -0.03937997
0.2971282, 0.63023776, -0.717246
0.99370003, 0.01448399
0.005739, 0.013689, 0.012669
0.3999756, 0.713889, 0.57472456
0.52835798, 0.23396099
0.009564, 0.035505, -0.01588499
0.99996948, 0.00244148, 0.00469985
0.59150702, 0.14343399
0.009564, 0.02881801, -0.02895499
0.90917689, -0.17603076, -0.37736136
0.57165301, 0.10375899
0.000973, 0.044565, 0.00093101
0.67845696, -0.71596426, 0.16449477
0.49136499, 0.36365002
0.000973, 0.047586, 0.01407901
0.59273046, -0.51475573, 0.61937314
0.499446, 0.43248302
-0.000973, 0.047586, 0.01407901
-0.59273046, -0.51475573, 0.61937314
0.499446, 0.43248302
-0.015062, -0.01150201, 0.031712
-0.99822992, -0.04504532, -0.03805658
0.44488099, 0.28820598
-0.009564, 0.00185599, 0.033803
-0.67949462, 0.7053743, 0.20169683
0.48833701, 0.29590499
-0.009564, 0.010332, 0.010954
-0.88680685, 0.39655751, 0.23718986
0.51336098, 0.22526199
0.005739, -0.005579, -0.012332
0.42741174, 0.05218665, -0.90252388
0.4702, 0.01448399
-0.005739, -0.005579, -0.012332
-0.42741174, 0.05218665, -0.90252388
0.4702, 0.04108
-0.005739, 0.002086, -0.014422
-0.40290537, -0.39396343, -0.82607502
0.49389699, 0.04108
-0.005739, 0.163755, 0.00101103
-0.2971282, 0.63023776, 0.717246
0.967444, 0.49779099
-0.005739, 0.042503, 0.00101101
-0.39069796, 0.07483138, 0.91744745
0.64716101, 0.49778998
0.005739, 0.042503, 0.00101101
0.39069796, 0.07483138, 0.91744745
0.64716101, 0.53009999
-0.005739, 0.163755, -0.03937997
-0.2971282, 0.63023776, -0.717246
0.98172897, 0.06329697
-0.005739, 0.05436701, -0.03937999
-0.37403485, -0.11484115, -0.92025512
0.64706802, 0.06665099
-0.009564, 0.05482801, -0.03555399
-0.91381574, -0.05041658, -0.40296641
0.64943099, 0.08304203
-0.009564, 0.163755, -0.02028797
-0.70708334, 0.70708334, 0.0
0.981731, 0.126212
-0.009564, 0.042191, -0.00281499
-0.93111974, 0.02963347, 0.36347544
0.611525, 0.18293202
0.000973, 0.064555, 0.01479001
0.64894557, 0.18317209, 0.73842585
0.54484302, 0.43620402
0.005739, 0.02719001, -0.03248399
0.37089145, -0.39216286, -0.84179205
0.56473702, 0.08863699
0.000973, 0.049629, 0.01310201
0.88528091, 0.31095308, -0.34571368
0.50491297, 0.42736697
-0.000973, 0.049629, 0.01310201
-0.88528091, 0.31095308, -0.34571368
0.50491297, 0.42736697
0.005739, -0.019387, -0.017875
0.36906034, 0.12213507, -0.9213233
0.42751199, 0.01448399
0.005739, 0.013689, 0.012669
0.3999756, 0.713889, 0.57472456
0.54955697, 0.53009999
0.009564, 0.00185599, 0.033803
0.67949462, 0.7053743, 0.20169683
0.45930499, 0.54025999
0.009564, 0.00376, -0.010913
0.91442609, -0.15897092, -0.37217322
0.49426299, 0.15822297
0.009564, -0.005812, -0.008303
0.93493456, -0.00634785, -0.35468611
0.46455401, 0.16532099
-0.005739, 0.026595, 0.003624
-0.40977204, 0.34427932, 0.84469128
0.56557399, 0.20696998
-0.005739, 0.042503, 0.00101101
-0.39069796, 0.07483138, 0.91744745
0.613316, 0.19938499
0.005739, 0.002086, -0.014422
0.40290537, -0.39396343, -0.82607502
0.48824999, 0.14265001
-0.000973, 0.064555, 0.01479001
-0.64894557, 0.18317209, 0.73842585
0.54484302, 0.43620402
-0.005739, 0.013689, 0.012669
-0.39341411, 0.70982999, 0.58421582
0.52705503, 0.23425299
-0.009564, 0.025114, -1e-05
-0.9277932, 0.16574602, 0.33417767
0.558797, 0.19163197
-0.015062, -0.01183901, 0.03424099
-0.77614671, -0.10654011, 0.6214484
0.443584, 0.29587501
-0.009564, -0.02417301, 0.03215
-0.73439741, -0.02499466, 0.67821282
0.40301001, 0.28734899
-0.000973, 0.067575, 0.00084201
-0.77971739, -0.4705649, 0.41294596
0.55292398, 0.36318499
0.000973, 0.067575, 0.00084201
0.77971739, -0.4705649, 0.41294596
0.55292398, 0.36318499
0.000973, 0.06873, 0.00341801
0.78475296, -0.61647391, 0.06387524
0.556014, 0.37667203
0.009564, -0.02417301, 0.03215
0.73439741, -0.02499466, 0.67821282
0.404212, 0.28751898
-0.009564, 0.163755, -0.03555397
-0.71727651, 0.63026828, -0.29703665
0.98172897, 0.07976598
-0.009564, 0.163755, -0.00281497
-0.71727651, 0.63026828, 0.29703665
0.98173201, 0.17939198
-0.009564, 0.163755, -0.00963897
-0.70708334, 0.70708334, 0.0
0.981731, 0.15863103
0.009564, -0.02417301, 0.03215
0.73439741, -0.02499466, 0.67821282
0.388686, 0.540259
0.015062, -0.01183901, 0.03424099
0.77614671, -0.10654011, 0.6214484
0.422149, 0.55538699
0.0, -0.01183901, 0.03424099
0.0, -0.1574755, 0.98751795
0.422149, 0.51394501
-0.005739, 0.163755, 0.00101103
-0.2971282, 0.63023776, 0.717246
0.98173201, 0.19586301
-0.005739, 0.026595, 0.003624
-0.40977204, 0.34427932, 0.84469128
0.59644097, 0.49779099
0.005739, 0.026595, 0.003624
0.45744193, 0.32328257, 0.8283639
0.59644097, 0.53009999
-0.000973, 0.064111, -0.00128999
-0.28479874, -0.50242621, 0.81633961
0.54365498, 0.35202301
0.000973, 0.064111, -0.00128999
0.28479874, -0.50242621, 0.81633961
0.54365498, 0.35202301
-0.009564, 0.00376, -0.010913
-0.91442609, -0.15897092, -0.37217322
0.49345401, 0.15817302
-0.005739, 0.02719001, -0.03248399
-0.37089145, -0.39216286, -0.84179205
0.56162298, 0.04108
0.0153, -0.14555, 0.03204598
0.7322306, -0.67784661, 0.06549272
0.035302, 0.287242
-0.011232, 0.007046, 2e-05
-0.99777216, 0.04782251, -0.0458388
0.50296098, 0.19175702
-0.009564, -0.005812, -0.008303
-0.93493456, -0.00634785, -0.35468611
0.46374801, 0.165241
0.009564, 0.00151899, 0.036331
0.50465405, 0.50260931, 0.70189518
0.45839, 0.540259
0.015547, -0.14236802, 0.04959198
0.7396161, -0.6511429, 0.17001861
0.044797, 0.34073502
0.012582, -0.13900702, 0.06815097
0.72124392, -0.62294382, 0.30283517
0.055374, 0.39792401
0.007558, -0.13643302, 0.08224498
0.58711511, -0.4572283, 0.66795862
0.064371, 0.44329
0.0, -0.13580701, 0.08579798
0.0, -0.37452316, 0.92718285
0.008728, 0.51394501
0.007558, -0.13643302, 0.08224498
0.58711511, -0.4572283, 0.66795862
0.007029, 0.53474
0.0, -0.02524001, 0.0319
0.0, 0.16022217, 0.98706013
0.38578999, 0.51394501
-0.005723, -0.151675, -0.00209902
-0.42262033, -0.70018613, -0.575396
0.018144, 0.17770302
0.000973, 0.066687, 0.01354601
0.67760247, 0.45387128, 0.57863092
0.550547, 0.42969197
-0.011706, -0.14946, 0.01037398
-0.70686972, -0.70064396, -0.09677419
0.024903, 0.21981198
-0.0153, -0.14555, 0.03204598
-0.7322306, -0.67784661, 0.06549272
0.035243, 0.28699899
0.000973, 0.054604, -0.00013499
0.47224343, 0.7156285, 0.51460308
0.51822299, 0.358069
-0.000973, 0.06873, 0.00341801
-0.78475296, -0.61647391, 0.06387524
0.556014, 0.37667203
-0.009564, -0.02417301, 0.03215
-0.73439741, -0.02499466, 0.67821282
0.388686, 0.48763102
-0.005739, -0.019387, -0.017875
-0.36906034, 0.12213507, -0.9213233
0.42751199, 0.04108
0.005723, -0.151675, -0.00209902
0.42262033, -0.70018613, -0.575396
0.018541, 0.014521
-0.000973, 0.062867, 0.01345801
-0.77135533, -0.15079196, -0.61824399
0.54032701, 0.42922699
-0.009564, 0.00151899, 0.036331
-0.50465405, 0.50260931, 0.70189518
0.45839, 0.48763102
0.0, 0.00383999, 0.036331
0.0, 0.66682941, 0.74517047
0.464688, 0.51394501
-0.000973, 0.044565, 0.00093101
-0.67845696, -0.71596426, 0.16449477
0.49136499, 0.36365002
-0.015547, -0.14236802, 0.04959198
-0.7396161, -0.6511429, 0.17001861
0.044612, 0.34057701
-0.012582, -0.13900702, 0.06815097
-0.72124392, -0.62294382, 0.30283517
0.05511, 0.39784598
-0.007558, -0.13643302, 0.08224498
-0.58711511, -0.4572283, 0.66795862
0.064234, 0.44320202
-0.007558, -0.13643302, 0.08224498
-0.58711511, -0.4572283, 0.66795862
0.007029, 0.49315
-0.009564, 0.00151899, 0.036331
-0.50465405, 0.50260931, 0.70189518
0.48734701, 0.303599
0.011706, -0.14946, 0.01037398
0.70686972, -0.70064396, -0.09677419
0.024707, 0.22014499
0.005723, -0.151675, -0.00209902
0.42262033, -0.70018613, -0.575396
0.017967, 0.17804098
-0.015062, -0.01183901, 0.03424099
-0.77614671, -0.10654011, 0.6214484
0.422149, 0.47250402
0.011706, -0.14946, 0.01037398
0.70686972, -0.70064396, -0.09677419
0.91649002, 0.24507898
-0.011706, -0.14946, 0.01037398
-0.70686972, -0.70064396, -0.09677419
0.91649002, 0.315907
-0.005723, -0.151675, -0.00209902
-0.42262033, -0.70018613, -0.575396
0.96195197, 0.29780698
0.0153, -0.14555, 0.03204598
0.7322306, -0.67784661, 0.06549272
0.83749902, 0.23420602
-0.0153, -0.14555, 0.03204598
-0.7322306, -0.67784661, 0.06549272
0.83749902, 0.32677901
0.015547, -0.14236802, 0.04959198
0.7396161, -0.6511429, 0.17001861
0.77354598, 0.233459
-0.015547, -0.14236802, 0.04959198
-0.7396161, -0.6511429, 0.17001861
0.77354598, 0.32752699
0.012582, -0.13900702, 0.06815097
0.72124392, -0.62294382, 0.30283517
0.70590103, 0.24242902
-0.012582, -0.13900702, 0.06815097
-0.72124392, -0.62294382, 0.30283517
0.70590103, 0.31855702
0.007558, -0.13643302, 0.08224498
0.58711511, -0.4572283, 0.66795862
0.65452999, 0.25762802
-0.007558, -0.13643302, 0.08224498
-0.58711511, -0.4572283, 0.66795862
0.65452999, 0.30335802
0.0, -0.13580701, 0.08579798
0.0, -0.37452316, 0.92718285
0.64157999, 0.28049302
0.005739, 0.026595, 0.003624
0.45744193, 0.32328257, 0.8283639
0.56605899, 0.205621
0.008883, 0.024707, 8.3e-05
0.93173009, 0.16241951, 0.32474747
0.558608, 0.19188303
-0.009564, 0.163755, -0.02983397
-0.70708334, 0.70708334, 0.0
0.94938803, 0.38789397
0.009564, 0.163755, -0.02983397
0.70708334, 0.70708334, 0.0
0.94938803, 0.457228
0.009564, 0.163755, -0.03555397
0.71727651, 0.63026828, -0.29703665
0.97012198, 0.457228
-0.009564, 0.163755, -0.02028797
-0.70708334, 0.70708334, 0.0
0.91478598, 0.38789302
0.009564, 0.163755, -0.02028797
0.70708334, 0.70708334, 0.0
0.91478598, 0.457228
-0.009564, 0.163755, -0.00963897
-0.70708334, 0.70708334, 0.0
0.87618601, 0.38789302
0.009564, 0.163755, -0.00963897
0.70708334, 0.70708334, 0.0
0.87618601, 0.457228
-0.009564, 0.163755, -0.00281497
-0.71727651, 0.63026828, 0.29703665
0.85145098, 0.38789302
0.009564, 0.163755, -0.00281497
0.71727651, 0.63026828, 0.29703665
0.85145098, 0.457228
0.005739, 0.163755, -0.03937997
0.2971282, 0.63023776, -0.717246
0.98399001, 0.44336301
-0.005739, 0.163755, -0.03937997
-0.2971282, 0.63023776, -0.717246
0.98399001, 0.40175802
-0.005739, 0.163755, 0.00101103
-0.2971282, 0.63023776, 0.717246
0.83758199, 0.40175802
0.005739, 0.163755, 0.00101103
0.29715872, 0.63023776, 0.717246
0.83758199, 0.44336301
0.006768, 0.16328999, -0.03670298
0.69942319, -0.00021363, -0.71468246
0.003189, 0.614261
0.0, 0.163132, -0.03937997
0.0, -0.00042726, -0.99996948
0.002978, 0.62413099
0.0, 0.44390601, -0.03950593
0.0, 0.63017672, -0.77642143
0.43321699, 0.62416899
0.006768, 0.44390601, -0.03670293
0.54899746, 0.63017672, -0.54902798
0.433218, 0.61428699
0.009572, 0.44390601, -0.02993393
0.77642143, 0.63017672, 0.0
0.43321899, 0.60439599
-0.006768, 0.16328999, -0.03670298
-0.69942319, -0.00021363, -0.71468246
0.003187, 0.634013
-0.006768, 0.44390601, -0.03670293
-0.54899746, 0.63017672, -0.54902798
0.43321601, 0.63403901
-0.009572, 0.16328999, -0.02993397
-1.0, 0.0, 0.0
0.003187, 0.64390501
-0.009572, 0.44390601, -0.02993393
-0.77642143, 0.63017672, 0.0
0.43321601, 0.643904
0.006768, 0.16328999, -0.02316597
0.70708334, 0.0, 0.70708334
0.003189, 0.59453201
0.006768, 0.44390601, -0.02316593
0.54899746, 0.63020724, 0.54899746
0.433218, 0.594506
0.0, 0.44390601, -0.02036193
0.0, 0.63017672, 0.77642143
0.43321699, 0.58462301
-0.006768, 0.16328999, -0.02316597
-0.70708334, 0.0, 0.70708334
0.003187, 0.653795
-0.006768, 0.44390601, -0.02316593
-0.54899746, 0.63020724, 0.54899746
0.43321699, 0.653768
0.009572, 0.16328999, -0.02993397
0.99996948, 0.0, 0.0
0.00319, 0.60439599
0.0, 0.16328999, -0.02036197
0.0, 0.0, 1.0
0.003188, 0.58465999
-0.006768, 0.44390601, -0.02316593
-0.54899746, 0.63020724, 0.54899746
0.43321601, 0.574752
0.01009176, 0.14635701, -0.02169098
1.0, -3.052e-05, 0.0
0.28482801, 0.84397399
0.01008938, 0.10629702, -0.02169098
1.0, -3.052e-05, 0.0
0.56083798, 0.84397399
0.01008938, 0.10629702, -0.03504597
1.0, -3.052e-05, 0.0
0.56083798, 0.935995
0.0, 0.163298, -0.01850697
0.0, 0.0, -1.0
0.029212, 0.76306
0.006768, 0.29626799, -0.01570395
0.54893643, 0.63023776, -0.54899746
0.352222, 0.73818001
-0.006768, 0.163298, -0.00216697
-0.70708334, 0.0, 0.70708334
0.029211, 0.68450499
-0.012507, 0.212759, -0.01730696
-0.80352181, -0.25217444, -0.53920102
0.197321, 0.997687
0.010891, 0.19801, -0.01660897
-0.57985169, -0.58952606, -0.56227303
0.825028, 0.85899
-0.010593, 0.216498, -0.02137597
0.62678915, -0.31330302, -0.71340066
0.25793299, 0.966148
0.012805, 0.216498, -0.02137597
0.62678915, -0.31330302, -0.71340066
0.25793299, 0.966752
0.012805, 0.212759, -0.01730696
0.80352181, -0.25217444, -0.53920102
0.197321, 0.848645
-0.012507, 0.19801, -0.01660897
-0.57985169, -0.58952606, -0.56227303
0.60824299, 0.56410101
-0.0088, 0.19801, 0.00128903
-0.45915097, -0.62944424, 0.62681967
0.60823298, 0.66856599
-0.012507, 0.28413099, -0.00487995
-0.73094881, 0.65160072, 0.20270394
0.074504, 0.870396
0.009564, 0.163755, -0.03555397
0.71727651, 0.63026828, -0.29703665
0.98173398, 0.07984602
0.005739, 0.002086, -0.014422
0.40290537, -0.39396343, -0.82607502
0.49389699, 0.01448399
0.005739, 0.163755, 0.00101103
0.29715872, 0.63023776, 0.717246
0.967444, 0.53009999
-0.005723, -0.151675, -0.00209902
-0.42262033, -0.70018613, -0.575396
0.018541, 0.04104298
0.005723, -0.151675, -0.00209902
0.42262033, -0.70018613, -0.575396
0.96195197, 0.263179
-0.009564, 0.163755, -0.03555397
-0.71727651, 0.63026828, -0.29703665
0.97012198, 0.38789302
-0.006768, 0.16328999, -0.02316597
-0.70708334, 0.0, 0.70708334
0.003187, 0.57477799
0.01009176, 0.14635701, -0.03504599
1.0, -3.052e-05, 0.0
0.28482801, 0.935995
# Number of Faces:
326
# Face Data:
0, 1, 2
3, 4, 5
6, 7, 8
1, 6, 9
10, 3, 11
12, 13, 4
14, 15, 16
7, 17, 18
19, 16, 0
20, 21, 15
12, 3, 10
18, 17, 22
23, 24, 25
26, 27, 25
28, 29, 25
30, 28, 25
27, 23, 25
25, 29, 31
25, 31, 26
24, 30, 25
32, 33, 34
35, 36, 37
38, 39, 40
41, 42, 43
44, 45, 46
47, 48, 49
40, 39, 50
51, 52, 53
54, 55, 56
57, 58, 59
60, 61, 59
62, 63, 64
54, 56, 65
66, 67, 68
69, 54, 65
41, 70, 71
44, 54, 69
72, 73, 74
48, 75, 76
77, 72, 78
79, 80, 81
82, 83, 84
37, 85, 67
86, 87, 88
89, 90, 91
72, 74, 92
64, 93, 62
94, 95, 58
51, 64, 63
96, 97, 98
70, 36, 35
87, 86, 89
99, 66, 68
77, 100, 73
101, 47, 102
103, 53, 52
104, 78, 105
106, 107, 98
108, 109, 110
34, 76, 75
111, 88, 95
112, 113, 97
114, 115, 103
114, 116, 105
117, 50, 118
118, 108, 119
120, 121, 122
123, 124, 125
126, 127, 128
129, 130, 131
121, 132, 133
134, 135, 136
137, 138, 139
140, 141, 142
143, 144, 145
146, 147, 148
149, 150, 151
152, 153, 154
155, 156, 157
158, 159, 160
161, 124, 123
162, 163, 159
164, 149, 142
161, 165, 166
167, 168, 169
123, 125, 143
170, 171, 172
173, 174, 175
176, 177, 178
179, 180, 181
182, 122, 183
169, 168, 184
161, 166, 155
166, 185, 156
128, 186, 187
187, 186, 136
174, 173, 188
189, 153, 190
165, 141, 191
191, 192, 139
193, 194, 183
166, 191, 195
148, 196, 184
180, 132, 121
197, 193, 198
199, 170, 200
201, 202, 203
197, 172, 171
151, 204, 140
120, 205, 181
183, 206, 207
208, 209, 210
194, 211, 206
177, 212, 213
212, 154, 189
214, 215, 202
216, 133, 129
175, 217, 160
137, 192, 218
219, 216, 220
210, 209, 221
222, 204, 223
223, 204, 224
168, 167, 136
208, 225, 226
225, 208, 227
192, 140, 204
131, 130, 228
229, 184, 128
131, 230, 231
146, 202, 215
146, 203, 202
136, 167, 232
126, 233, 203
128, 168, 186
128, 184, 168
203, 229, 127
146, 229, 203
234, 227, 210
235, 188, 236
148, 126, 237
152, 238, 239
141, 140, 192
135, 240, 169
231, 241, 200
241, 242, 200
242, 243, 200
234, 225, 227
225, 234, 244
170, 220, 200
240, 135, 134
199, 245, 171
169, 237, 187
196, 237, 169
148, 233, 126
147, 233, 148
147, 201, 233
147, 214, 201
218, 192, 204
137, 246, 247
238, 248, 210
190, 153, 239
249, 250, 251
252, 253, 250
254, 255, 253
256, 257, 255
258, 259, 257
258, 260, 259
123, 145, 261
164, 142, 262
165, 123, 262
262, 142, 141
165, 262, 141
122, 121, 216
172, 198, 219
198, 183, 122
219, 198, 122
154, 153, 189
263, 264, 265
266, 267, 264
268, 269, 267
270, 271, 269
265, 272, 273
270, 274, 275
276, 277, 278
276, 279, 280
281, 282, 278
283, 284, 282
285, 286, 287
288, 289, 284
290, 280, 286
291, 287, 292
293, 294, 295
296, 0, 2
9, 6, 8
2, 1, 9
3, 12, 4
19, 14, 16
8, 7, 18
296, 19, 0
14, 20, 15
297, 12, 10
298, 18, 22
299, 32, 34
66, 35, 37
106, 38, 40
46, 41, 43
43, 44, 46
102, 47, 49
117, 40, 50
64, 51, 53
61, 57, 59
101, 60, 59
300, 69, 65
42, 41, 71
45, 44, 69
49, 48, 76
104, 77, 78
301, 79, 81
302, 82, 84
66, 37, 67
111, 86, 88
303, 89, 91
57, 94, 58
304, 51, 63
107, 96, 98
71, 70, 35
303, 87, 89
72, 77, 73
60, 101, 102
305, 103, 52
116, 104, 105
38, 106, 98
119, 108, 110
299, 34, 75
94, 111, 95
96, 112, 97
305, 114, 103
115, 114, 105
306, 117, 118
306, 118, 119
182, 120, 122
237, 126, 128
220, 129, 131
216, 121, 133
232, 134, 136
192, 137, 139
149, 140, 142
123, 143, 145
229, 146, 148
140, 149, 151
307, 155, 157
217, 158, 160
165, 161, 123
158, 162, 159
240, 167, 169
219, 170, 172
308, 173, 175
309, 176, 178
205, 179, 181
207, 182, 183
196, 169, 184
307, 161, 155
155, 166, 156
237, 128, 187
135, 187, 136
235, 174, 188
166, 165, 191
195, 191, 139
198, 193, 183
185, 166, 195
229, 148, 184
181, 180, 121
172, 197, 198
233, 201, 203
121, 120, 181
227, 208, 210
183, 194, 206
178, 177, 213
213, 212, 189
201, 214, 202
220, 216, 129
308, 175, 160
246, 137, 218
170, 219, 220
239, 210, 221
186, 168, 136
230, 131, 228
127, 229, 128
220, 131, 231
127, 126, 203
248, 234, 210
310, 235, 236
196, 148, 237
153, 152, 239
191, 141, 192
187, 135, 169
220, 231, 200
170, 199, 171
222, 218, 204
138, 137, 247
239, 238, 210
221, 190, 239
311, 249, 251
249, 252, 250
252, 254, 253
254, 256, 255
256, 258, 257
262, 123, 261
261, 164, 262
219, 122, 216
312, 263, 265
263, 266, 264
266, 268, 267
268, 270, 269
312, 265, 273
271, 270, 275
279, 276, 278
290, 276, 280
277, 281, 278
281, 283, 282
291, 285, 287
283, 288, 284
285, 290, 286
313, 291, 292
314, 293, 295
