# Project Zomboid Skinned Mesh
# File Version:
1.0
# Model Name:
Cube
# Vertex Stride Element Count:
3
# Vertex Stride Size (in bytes):
76
# Vertex Stride Data:
# (Int)    Offset
# (String) Type
0
VertexArray
12
NormalArray
24
TextureCoordArray
# Vertex Count:
766
# Vertex Buffer:
0.01911343, 0.31193104, -0.00997051
0.41822565, -0.61729789, 0.66631061
0.4966211, 0.08398962
0.01976283, 0.31569144, -0.00997051
-0.18381298, 0.5988037, 0.77950376
0.48781514, 0.08244181
0.01614389, 0.31569144, -0.00997051
0.17596972, 0.60621965, 0.77553636
0.48781526, 0.09106565
-0.00474584, 0.32430938, -3.729e-05
-0.30378124, 0.62880337, 0.71572006
0.27630928, 0.41174173
0.00340451, 0.18065618, -3.729e-05
0.39243752, 0.0, 0.91976684
0.25722247, 0.0694347
0.00340451, 0.32430938, -3.729e-05
0.30524614, 0.6284982, 0.71538436
0.25722241, 0.41174245
-0.00447323, 0.31607634, -0.02489821
-0.51527452, 0.20212409, -0.83281958
0.9313274, 0.64882591
-0.00474584, 0.30155057, -0.02489821
-0.68346202, -0.26984465, -0.67824334
0.93068904, 0.61421171
-0.01342812, 0.32430938, -0.01589231
-0.71718496, 0.63136691, -0.29493088
0.91031379, 0.66833079
0.00340452, 0.18065618, -0.02489821
0.39228493, 9.156e-05, -0.91982788
0.94977599, 0.32612598
0.00340452, 0.30155057, -0.02489821
0.58589435, -0.56080812, -0.58494824
0.94977599, 0.6142115
-0.01366375, 0.05048023, 0.00468359
-0.68541521, -0.61326945, 0.39252907
0.76116884, 0.77958062
0.01251853, 0.04695132, -0.00773928
0.67650378, -0.72951448, 0.10049745
0.70011526, 0.75023293
0.01251853, 0.05048023, 0.00468359
0.65950501, -0.63902706, 0.39579454
0.69987488, 0.77958061
0.01202122, 0.32430938, -0.0090276
0.71904659, 0.63200784, 0.28891873
0.46069187, 0.41173863
0.01202122, 0.18065618, -0.01589231
0.92803735, 0.0, -0.37244788
0.44462389, 0.06942755
0.01202122, 0.32430938, -0.01589231
0.71578109, 0.62962735, -0.30195013
0.44462392, 0.41174245
-0.00474584, 0.32430938, -3.729e-05
-0.30378124, 0.62880337, 0.71572006
0.98756516, 0.32616419
-0.01342813, 0.18065618, -0.0090276
-0.92715234, 0.0, 0.37461472
0.96584326, 0.66812924
-0.00474584, 0.18065618, -3.729e-05
-0.39069796, 0.0, 0.92049927
0.98756516, 0.66844493
-0.01342812, 0.18065618, -0.01589231
-0.92733544, 0.0, -0.37418744
0.94977605, 0.66813794
-0.01342813, 0.32430938, -0.0090276
-0.71874142, 0.6317026, 0.29038361
0.96584326, 0.32584864
-0.01342812, 0.32430938, -0.01589231
-0.71718496, 0.63136691, -0.29493088
0.94977605, 0.32585716
-0.00683832, 0.4093006, -0.01193304
-0.72023684, 0.63325906, 0.28312021
0.49692836, 0.1782338
-0.00683832, 0.3113803, -0.01360971
-0.92938018, 0.0, -0.36906034
0.49300402, 0.41154945
-0.00683832, 0.3113803, -0.01193304
-0.93066192, 0.0, 0.36582538
0.49692836, 0.41154736
0.00060598, 0.4093006, -0.00670522
0.31281471, 0.62691122, 0.71349221
0.27026039, 0.66826987
-0.001977, 0.3113803, -0.00670522
-0.39936522, 0.0, 0.916776
0.27630928, 0.43493748
0.00060598, 0.3113803, -0.00670522
0.40150151, 0.0, 0.91582996
0.27026048, 0.43493801
-0.00188204, 0.31138042, -0.01886629
-0.3961913, 0.0, -0.91814935
0.51514918, 0.41174209
0.00051104, 0.4093006, -0.01886629
0.31012911, 0.62746054, -0.71419418
0.50954491, 0.17840296
0.00051104, 0.3113803, -0.01886629
0.39829707, 0.0, -0.91723382
0.50954491, 0.41174245
0.00541235, 0.4093006, -0.01362046
0.72005373, 0.63307595, -0.28403577
0.25589982, 0.43484807
0.00541235, 0.3113803, -0.0119223
0.93151647, 0.0, 0.36365855
0.25192499, 0.66818586
0.00541235, 0.3113803, -0.01362046
0.93023467, 0.0, -0.36692405
0.25589982, 0.66818494
0.00962772, 0.23176648, 0.00353923
0.6099124, -0.66423535, 0.43217263
0.09524085, 0.14455867
0.00962772, 0.24614835, 0.00832235
0.95834225, -0.25540942, 0.12775049
0.06145468, 0.14460593
0.00287831, 0.24117182, 0.00832235
0.24439222, -0.79622793, 0.55342263
0.07310843, 0.16069001
0.00962772, 0.27148199, -0.00233023
0.57734919, 0.57734919, -0.57734919
0.15992947, 0.14796114
-0.01062051, 0.23176648, -0.00233023
-0.57734919, -0.57734919, -0.57734919
0.20734791, 0.24260062
-0.01062051, 0.27148199, -0.00233023
-0.57734919, 0.57734919, -0.57734919
0.20734791, 0.14796054
-0.01062051, 0.23176648, 0.00353923
-0.6099124, -0.66423535, 0.43217263
0.90705425, 0.73134622
0.00962772, 0.23176648, -0.00233023
0.57734919, -0.57734919, -0.57734919
0.8933146, 0.77956995
0.00962772, 0.23176648, 0.00353923
0.6099124, -0.66423535, 0.43217263
0.90705425, 0.77958062
0.00962772, 0.25937209, 0.04439913
0.7999512, 0.6000244, 0.0
0.18494004, 0.35389948
0.00962772, 0.23861969, 0.06862073
0.70400095, -0.3632313, 0.61021757
0.233551, 0.41158956
0.00962772, 0.25937209, 0.02929768
0.7999512, 0.6000244, 0.0
0.18493193, 0.31793135
0.00962772, 0.25937209, 0.01419623
0.86184269, 0.49302652, 0.11868648
0.88060743, 0.16563267
-0.01062051, 0.27148199, 0.00353923
-0.62508011, 0.71123385, 0.32151249
0.90872669, 0.11749142
-0.01062051, 0.25937209, 0.01419623
-0.86184269, 0.49302652, 0.11868648
0.88060737, 0.11738187
0.00962772, 0.27148199, 0.00353923
0.62508011, 0.71123385, 0.32151249
0.90705264, 0.68309468
-0.01062051, 0.27148199, -0.00233023
-0.57734919, 0.57734919, -0.57734919
0.89331466, 0.73132601
-0.01062051, 0.27148199, 0.00353923
-0.62508011, 0.71123385, 0.32151249
0.90705264, 0.73133555
-0.01062051, 0.23861969, 0.06862073
-0.70400095, -0.3632313, 0.61021757
0.59331566, 0.14073986
-0.01062051, 0.25937209, 0.05950068
-0.7999512, 0.6000244, 0.0
0.54472244, 0.16243452
-0.01062051, 0.25937209, 0.04439913
-0.7999512, 0.6000244, 0.0
0.54472244, 0.19840121
0.00962772, 0.23861969, 0.06862073
0.70400095, -0.3632313, 0.61021757
0.61572063, 0.30930394
0.00287831, 0.24117182, 0.00832235
0.24439222, -0.79622793, 0.55342263
0.63182801, 0.16553879
0.00962772, 0.24614835, 0.00832235
0.95834225, -0.25540942, 0.12775049
0.61572063, 0.1651541
-0.0038711, 0.24117182, 0.00832235
-0.24439222, -0.79622793, 0.55342263
0.64762866, 0.16557932
-0.01062051, 0.23861969, 0.06862073
-0.70400095, -0.3632313, 0.61021757
0.66312253, 0.30942559
-0.01062051, 0.24614835, 0.00832235
-0.95834225, -0.25540942, 0.12775049
0.66312253, 0.16527581
-0.0038711, 0.23364313, 0.06862073
-0.24460585, -0.76305431, 0.59819329
0.64762861, 0.30972916
0.00796186, 0.11786205, 0.00063425
-0.60765404, 0.72585225, 0.32224494
0.48115915, 0.17808056
0.01623272, 0.11562322, -0.00232549
0.59788811, 0.34772789, -0.72219002
0.50006217, 0.17121762
0.0081621, 0.11490905, -0.00232549
-0.65822321, 0.24356823, -0.71230203
0.48108867, 0.17106438
-0.01366375, 0.04695132, -0.01979864
-0.47215185, -0.85262614, -0.22373119
0.7614308, 0.7215077
0.01251853, 0.04695132, -0.01979864
0.62993258, -0.71694082, -0.29850155
0.70013684, 0.7215077
-0.01366375, 0.05048023, 0.00468359
-0.68541521, -0.61326945, 0.39252907
0.90355939, 0.24996489
0.01251853, 0.05048023, 0.00468359
0.65950501, -0.63902706, 0.39579454
0.90355939, 0.18757343
-0.00389919, 0.05363793, 0.00940595
-0.16153447, -0.95410013, 0.25205237
0.8960588, 0.226744
-0.01366375, 0.0616034, -0.03434408
-0.6324656, -0.29450363, -0.71636099
0.76055121, 0.68584985
0.01251853, 0.0616034, -0.03434408
0.63002414, -0.29599902, -0.71791744
0.69925725, 0.68584982
0.01251853, 0.17986692, 0.00665904
0.5771355, 0.57832575, 0.57652515
0.55262679, 0.69453135
-0.01366375, 0.17986692, -0.03434408
-0.57835627, 0.57667774, -0.57698292
0.61392891, 0.79214613
-0.01366375, 0.17986692, 0.00665904
-0.57872248, 0.57701343, 0.57628101
0.61392891, 0.69448885
0.01251853, 0.0616034, -0.03434408
0.63002414, -0.29599902, -0.71791744
0.15655608, 0.1297726
-0.01366375, 0.17986692, -0.03434408
-0.57835627, 0.57667774, -0.57698292
0.09524088, 0.41158956
0.01251854, 0.17986692, -0.03434408
0.57707447, 0.57750177, -0.57744074
0.15655608, 0.41158891
-0.01719344, 0.11564028, -0.02463726
-0.28809473, -0.65813166, -0.69557786
0.55287248, 0.93568853
-0.00053849, 0.17813516, -0.02727508
0.0, 0.67513049, -0.73766291
0.69925731, 0.89598741
-0.00053849, 0.11564028, -0.02727508
0.0, -0.673513, -0.73912776
0.5529049, 0.8959874
0.0161164, 0.11564028, -0.02463726
0.28809473, -0.65813166, -0.69557786
0.04584999, 0.64373612
-0.04414174, 0.11564028, 0.05830104
-0.61909848, -0.64369643, 0.44978181
0.12003706, 0.41158956
-0.04414174, 0.11564028, -0.00505819
-0.61909848, -0.64369643, -0.44978181
0.0, 0.50023341
0.0161164, 0.17813516, -0.02463726
0.28772852, 0.6598407, -0.69411296
0.69922394, 0.85631181
0.04306472, 0.11564028, -0.00505819
0.61909848, -0.64369643, -0.44978181
0.55262679, 0.79218864
0.0161164, 0.11564028, -0.02463726
0.28809473, -0.65813166, -0.69557786
0.55287164, 0.8563118
0.04306472, 0.11564028, -0.00505819
0.61909848, -0.64369643, -0.44978181
0.27634302, 0.41174245
0.0533581, 0.17813516, 0.02662142
0.76171148, 0.64787745, 0.00137333
0.42284784, 0.33550328
0.0533581, 0.11564028, 0.02662142
0.76525164, -0.64369643, 0.0
0.27649716, 0.33550328
0.04306478, 0.17813516, 0.05830104
0.60951567, 0.65520185, 0.44624165
0.42266008, 0.26083583
0.04306478, 0.11564028, 0.05830104
0.61909848, -0.64369643, 0.44978181
0.27630931, 0.26083583
0.0161165, 0.11564028, 0.0778801
0.23645741, -0.64369643, 0.72780544
0.51680607, 0.60402304
0.04306478, 0.17813516, 0.05830104
0.60951567, 0.65520185, 0.44624165
0.66271406, 0.66844493
0.0161165, 0.17813516, 0.0778802
0.23435163, 0.65233314, 0.72075564
0.66315371, 0.60402906
-0.01719344, 0.17813516, 0.0778802
-0.23447371, 0.65221107, 0.72081667
0.66315371, 0.52465266
-0.01719344, 0.11564028, 0.0778802
-0.23645741, -0.64369643, 0.72780544
0.51680601, 0.52464667
-0.04414174, 0.17813516, 0.05830104
-0.60933256, 0.65544605, 0.44615009
0.66271394, 0.46063495
-0.04414174, 0.11564028, 0.05830104
-0.61909848, -0.64369643, 0.44978181
0.51636624, 0.46062893
-0.05443506, 0.17813516, 0.02662142
-0.76168096, 0.64790797, 0.00140385
0.66312253, 0.38435924
-0.05443506, 0.11564028, 0.02662142
-0.76525164, -0.64369643, 0.0
0.5167864, 0.38435924
-0.04414174, 0.17813516, -0.00505819
-0.61787772, 0.64592427, -0.44825587
0.66270238, 0.30972916
-0.04414174, 0.11564028, -0.00505819
-0.61909848, -0.64369643, -0.44978181
0.51636624, 0.30972916
0.00634333, 0.1977412, 0.03162137
0.6292001, 0.62547684, 0.4613483
0.69537544, 0.07654154
-3.847e-05, 0.17813516, 0.03512786
0.00735496, 0.00018311, 0.99996948
0.67923158, 0.12277704
0.00684333, 0.17813516, 0.03162137
0.81133455, 0.02066103, 0.58415478
0.6953755, 0.1232754
-0.00053847, 0.1977412, 0.03512786
-0.005768, 0.61769462, 0.78637046
0.67923158, 0.07604313
-0.00692031, 0.17813516, 0.03162137
-0.70262766, -0.03592028, 0.7106235
0.66315365, 0.12244058
0.00634333, 0.1977412, 0.03162137
0.6292001, 0.62547684, 0.4613483
0.89522988, 0.1065616
-0.00742031, 0.1977412, 0.03162137
-0.38975188, 0.51274151, 0.76494646
0.90985215, 0.07734007
-0.00053847, 0.1977412, 0.03512786
-0.005768, 0.61769462, 0.78637046
0.89522976, 0.0881564
-0.04414174, 0.11564028, -0.00505819
-0.61909848, -0.64369643, -0.44978181
0.55262899, 0.99999999
-0.01719344, 0.17813516, -0.02463726
-0.28772852, 0.6598407, -0.69411296
0.69922477, 0.93568853
0.00684332, 0.17813516, 0.02162148
0.71022677, 0.03671377, -0.70299387
0.61274594, 0.66858757
0.00755157, 0.18586633, 0.02399287
0.86074406, -0.35261086, 0.36707664
0.61838722, 0.68700916
0.00805157, 0.17813516, 0.02399287
0.9871822, 0.04333628, -0.15344706
0.61838722, 0.66859481
-0.00742031, 0.18586633, 0.03162137
-0.19345683, -0.39942625, 0.89608449
0.02676891, 0.09297657
-0.00812855, 0.17813516, 0.02925008
-0.98535109, -0.06372265, 0.15808588
0.03238986, 0.07458419
-0.00692031, 0.17813516, 0.03162137
-0.70262766, -0.03592028, 0.7106235
0.02674521, 0.0745368
0.00755157, 0.20408273, 0.02399287
0.56923121, 0.71160007, 0.41178626
0.65837848, 0.15265453
-0.00742031, 0.20408273, 0.03162137
-0.00143437, 0.71160007, 0.70256662
0.65837848, 0.11689907
0.00755157, 0.18586633, 0.02399287
0.86074406, -0.35261086, 0.36707664
0.61572063, 0.1528644
-0.00742031, 0.18586633, 0.03162137
-0.19345683, -0.39942625, 0.89608449
0.61838746, 0.68030006
-0.01222757, 0.18764316, 0.03111811
-0.83138525, -0.49012727, -0.26175725
0.62461942, 0.68979463
-0.00862855, 0.18586633, 0.02925008
-0.92471081, -0.23935667, -0.29593799
0.62461942, 0.6802938
-0.01262248, 0.19749288, 0.03427203
-0.39091158, 0.21152379, 0.89577931
0.05155815, 0.10462636
-0.01222757, 0.18764316, 0.03111811
-0.83138525, -0.49012727, -0.26175725
0.06131529, 0.08206433
-0.01101934, 0.18764316, 0.0334895
-0.26728112, -0.48722801, 0.83135474
0.05570659, 0.08141303
0.00634333, 0.20408273, 0.02162148
0.00143437, 0.71160007, -0.70256662
0.69976997, 0.12268198
0.01275374, 0.19749288, 0.02134221
0.95702994, 0.20288706, 0.2070986
0.70113164, 0.10714805
0.01154549, 0.19749288, 0.01897082
0.39500105, 0.20325327, -0.89587086
0.69552058, 0.10655463
0.01094447, 0.18764316, 0.02223247
0.83095795, -0.48866236, 0.26581621
0.70538104, 0.08396208
0.00973622, 0.18764316, 0.01986118
0.26374096, -0.48579362, -0.83330792
0.69977021, 0.08336866
0.00634333, 0.18586633, 0.02162148
0.19528794, -0.35843989, -0.91286963
0.63085109, 0.68955207
0.01094447, 0.18764316, 0.02223247
0.83095795, -0.48866236, 0.26581621
0.62461966, 0.68037644
0.00755157, 0.18586633, 0.02399287
0.86074406, -0.35261086, 0.36707664
0.62461942, 0.68963486
-0.00862855, 0.20408273, 0.02925008
-0.56923121, 0.71156955, -0.41178626
0.60949272, 0.16387433
0.00755157, 0.20408273, 0.02399287
0.56923121, 0.71160007, 0.41178626
0.61572063, 0.12383342
0.00634333, 0.20408273, 0.02162148
0.00143437, 0.71160007, -0.70256662
0.60949254, 0.12383246
-0.00742031, 0.20408273, 0.03162137
-0.00143437, 0.71160007, 0.70256662
0.05570686, 0.12066674
-0.01383072, 0.19749288, 0.03190074
-0.95452744, 0.21109653, -0.21033357
0.05716658, 0.10527772
0.00755157, 0.1977412, 0.02399287
0.83797723, 0.52928251, 0.13269448
0.15946725, 0.083022
0.00684333, 0.17813516, 0.03162137
0.81133455, 0.02066103, 0.58415478
0.14170222, 0.1297726
0.00805157, 0.17813516, 0.02399287
0.9871822, 0.04333628, -0.15344706
0.15946725, 0.1297332
0.00274024, 0.31607634, -0.02489821
0.26783043, 0.39655751, -0.87804806
0.94822037, 0.64882576
-0.00447323, 0.32430938, -0.02489821
-0.29819635, 0.63002414, -0.71703237
0.9313274, 0.66844493
0.00274024, 0.32430938, -0.02489821
0.29062778, 0.63270974, -0.71776479
0.94822037, 0.66844478
-0.00442322, 0.30335206, -0.03840827
-0.62010556, 0.30985442, -0.7206946
0.81765568, 0.70378578
-0.00474584, 0.30155057, -0.02489821
-0.68346202, -0.26984465, -0.67824334
0.84925407, 0.70802885
-0.00447323, 0.31607634, -0.02489821
-0.51527452, 0.20212409, -0.83281958
0.84925407, 0.67342865
0.00336367, 0.30155057, -0.03840827
0.57637256, -0.57750177, -0.57814264
0.24046324, 0.41629201
-0.00442322, 0.30335206, -0.03840827
-0.62010556, 0.30985442, -0.7206946
0.24468203, 0.43484807
0.00336367, 0.30335206, -0.03840827
0.62947476, 0.31382182, -0.71077609
0.24468203, 0.41629207
-0.00442322, 0.30155057, -0.03840827
-0.56978059, -0.57860041, -0.58354443
0.86760336, 0.67589733
0.00340452, 0.30155057, -0.02489821
0.58589435, -0.56080812, -0.58494824
0.84925407, 0.70807815
-0.00474584, 0.30155057, -0.02489821
-0.68346202, -0.26984465, -0.67824334
0.86833441, 0.70807815
0.00340452, 0.30155057, -0.02489821
0.58589435, -0.56080812, -0.58494824
0.23897341, 0.08154774
0.00336367, 0.30335206, -0.03840827
0.62947476, 0.31382182, -0.71077609
0.2073541, 0.08589417
0.00274024, 0.31607634, -0.02489821
0.26783043, 0.39655751, -0.87804806
0.23897341, 0.11615026
0.00274024, 0.31607634, -0.02489821
0.26783043, 0.39655751, -0.87804806
0.61706281, 0.07332617
-0.00442322, 0.30335206, -0.03840827
-0.62010556, 0.30985442, -0.7206946
0.63394696, 0.10409355
-0.00447323, 0.31607634, -0.02489821
-0.51527452, 0.20212409, -0.83281958
0.63394696, 0.07290208
-0.00862855, 0.1977412, 0.02925008
-0.84691918, 0.51448101, -0.13412885
0.89522982, 0.11738187
-0.00053848, 0.1977412, 0.0181151
-0.005768, 0.61769462, -0.78637046
0.88060755, 0.08815628
-0.0074203, 0.1977412, 0.02162148
-0.63786739, 0.61299479, -0.46617022
0.88060737, 0.10656142
-0.0069203, 0.17813516, 0.02162148
-0.80025637, -0.03106784, -0.5988037
0.05015049, 0.07454449
-0.00862855, 0.18586633, 0.02925008
-0.92471081, -0.23935667, -0.29593799
0.03241356, 0.09302396
-0.0069203, 0.17813516, 0.02162148
-0.80025637, -0.03106784, -0.5988037
0.09524088, 0.14372218
-0.00053848, 0.1977412, 0.0181151
-0.005768, 0.61769462, -0.78637046
0.07911221, 0.09736091
-3.848e-05, 0.17813516, 0.0181151
0.00735496, 0.00018311, -0.99996948
0.0791122, 0.14409643
0.00634333, 0.1977412, 0.02162148
0.38874477, 0.51640368, -0.76299328
0.0630189, 0.09782326
0.00051104, 0.3113803, -0.01886629
0.39829707, 0.0, -0.91723382
0.26854622, 0.66826496
0.00060598, 0.4093006, -0.00670522
0.31281471, 0.62691122, 0.71349221
0.24007417, 0.43493301
0.00060598, 0.3113803, -0.00670522
0.40150151, 0.0, 0.91582996
0.24007417, 0.66826987
-0.00683832, 0.4093006, -0.01360971
-0.71971798, 0.63267922, -0.28577533
0.49300402, 0.17823583
-0.00188204, 0.31138042, -0.01886629
-0.3961913, 0.0, -0.91814935
0.48108867, 0.41174245
-0.001977, 0.4093006, -0.00670522
-0.31101412, 0.62727743, 0.71395004
0.50954485, 0.17841041
-0.00188204, 0.4093006, -0.01886629
-0.30838954, 0.62782675, -0.71462142
0.57223195, 0.66928849
-0.00683832, 0.4093006, -0.01360971
-0.71971798, 0.63267922, -0.28577533
0.55534703, 0.67037261
0.00541235, 0.4093006, -0.01362046
0.72005373, 0.63307595, -0.28403577
0.57632679, 0.69027567
0.00340451, 0.18065618, -3.729e-05
0.39243752, 0.0, 0.91976684
0.48108864, 0.06927335
0.00340451, 0.32430938, -3.729e-05
0.30524614, 0.6284982, 0.71538436
0.48108867, 0.41158825
0.00340451, 0.32430938, -3.729e-05
0.30524614, 0.6284982, 0.71538436
0.56866503, 0.14073986
0.00274024, 0.32430938, -0.02489821
0.29062778, 0.63270974, -0.71776479
0.6093629, 0.09839183
-0.00474584, 0.32430938, -3.729e-05
-0.30378124, 0.62880337, 0.71572006
0.55537355, 0.12680656
-0.00862855, 0.20408273, 0.02925008
-0.56923121, 0.71156955, -0.41178626
0.20734791, 0.13550866
0.00634333, 0.20408273, 0.02162148
0.00143437, 0.71160007, -0.70256662
0.20734791, 0.09979415
-0.00862855, 0.18586633, 0.02925008
-0.92471081, -0.23935667, -0.29593799
0.16468838, 0.13562578
-0.00389919, 0.05363793, 0.00940595
-0.16153447, -0.95410013, 0.25205237
0.74665982, 0.24987161
-0.01330587, 0.04068128, 0.08161058
-0.67921996, -0.49427778, 0.54249704
0.724953, 0.0768562
-0.01330587, 0.05853891, 0.01027009
-0.93359172, -0.33997619, 0.11313211
0.724953, 0.24802315
-0.01330587, 0.04068128, 0.08161058
-0.67921996, -0.49427778, 0.54249704
0.61392891, 0.78028096
0.00285022, 0.03578033, 0.08074634
0.1790521, -0.85207677, 0.49180579
0.6517697, 0.79198705
0.01261581, 0.04068128, 0.08161058
0.67662585, -0.49998474, 0.54048282
0.67463338, 0.78029372
0.00285022, 0.05363793, 0.00940595
0.15689565, -0.95565659, 0.24909207
0.76246023, 0.24996489
0.01261581, 0.04068128, 0.08161058
0.67662585, -0.49998474, 0.54048282
0.78563583, 0.07721448
0.00285022, 0.03578033, 0.08074634
0.1790521, -0.85207677, 0.49180579
0.76246023, 0.07879817
-0.00389919, 0.03578033, 0.08074634
-0.18497269, -0.85158849, 0.49046296
0.74665982, 0.07870489
-0.01062051, 0.26235807, 0.06705146
-0.56273079, 0.69853818, 0.44193855
0.78563583, 0.24996489
0.00962772, 0.25937209, 0.05950068
0.7999512, 0.6000244, 0.0
0.83318925, 0.23218179
-0.01062051, 0.25937209, 0.05950068
-0.7999512, 0.6000244, 0.0
0.78578091, 0.23221463
0.00962772, 0.26235807, 0.0519499
0.63292336, 0.77419353, 0.0
0.83304417, 0.21396464
-0.01062051, 0.26235807, 0.0519499
-0.63292336, 0.77419353, 0.0
0.78563583, 0.21399748
0.00962772, 0.25937209, 0.04439913
0.7999512, 0.6000244, 0.0
0.83318925, 0.19621432
-0.01062051, 0.25937209, 0.04439913
-0.7999512, 0.6000244, 0.0
0.78578091, 0.19624722
0.00962772, 0.26235807, 0.03684846
0.63292336, 0.77419353, 0.0
0.83304417, 0.17799753
-0.01062051, 0.26235807, 0.03684846
-0.63292336, 0.77419353, 0.0
0.78563583, 0.17803037
0.00962772, 0.25937209, 0.02929768
0.7999512, 0.6000244, 0.0
0.83318925, 0.16024721
-0.01062051, 0.25937209, 0.02929768
-0.7999512, 0.6000244, 0.0
0.78578091, 0.16028005
0.00962772, 0.26235807, 0.0217469
0.63292336, 0.77419353, 0.0
0.83304417, 0.14203006
-0.01062051, 0.26235807, 0.0217469
-0.63292336, 0.77419353, 0.0
0.78563583, 0.1420629
0.00962772, 0.25937209, 0.01419623
0.86184269, 0.49302652, 0.11868648
0.83318925, 0.12427998
-0.01062051, 0.25937209, 0.01419623
-0.86184269, 0.49302652, 0.11868648
0.78578091, 0.12431288
-0.00910779, 0.07732278, 0.02885561
-0.76839501, 0.11593982, -0.62932217
0.2077869, 0.11636555
0.00847239, 0.09294046, 0.03205059
0.7275002, 0.07983642, -0.68141729
0.24912618, 0.15332872
0.00873222, 0.07732278, 0.02885561
0.77935117, 0.13797419, -0.61116368
0.24956514, 0.11615026
0.00962772, 0.26235807, 0.06705146
0.56273079, 0.69853818, 0.44193855
0.88060743, 0.09734339
-0.01062051, 0.23861969, 0.06862073
-0.70400095, -0.3632313, 0.61021757
0.83318931, 0.15388888
0.00962772, 0.23861969, 0.06862073
0.70400095, -0.3632313, 0.61021757
0.88060743, 0.15387326
-0.00936763, 0.09294046, 0.03205059
-0.72905666, 0.07068087, -0.6807459
0.41511992, 0.17189521
-0.00936763, 0.12819134, 0.03619566
-0.61064488, 0.38010803, 0.69469285
0.41145676, 0.25638831
-0.00936763, 0.13031726, 0.03273688
-0.55436873, 0.73009431, -0.39948729
0.41989303, 0.26083583
0.00873222, 0.07732278, 0.02885561
0.77935117, 0.13797419, -0.61116368
0.40668365, 0.25638169
0.00847239, 0.09081464, 0.03550939
0.68346202, -0.07361065, 0.72621846
0.39347157, 0.22317189
0.00873222, 0.07519685, 0.03231439
0.61598557, -0.14801477, 0.77370524
0.3982465, 0.26083583
-0.00910779, 0.07732278, 0.02885561
-0.76839501, 0.11593982, -0.62932217
0.41989306, 0.13421553
-0.00936763, 0.09081464, 0.03550939
-0.69054234, -0.08609272, 0.71813107
0.40668365, 0.16744792
-0.00910779, 0.07519685, 0.03231439
-0.6115604, -0.16830958, 0.77303386
0.66360307, 0.24964505
0.00847239, 0.09081464, 0.03550939
0.68346202, -0.07361065, 0.72621846
0.70493162, 0.21257383
-0.00936763, 0.09081464, 0.03550939
-0.69054234, -0.08609272, 0.71813107
0.66315365, 0.21235394
-0.00936763, 0.12819134, 0.03619566
-0.61064488, 0.38010803, 0.69469285
0.24956514, 0.11605084
0.00847239, 0.13031726, 0.03273688
0.55436873, 0.73009431, -0.39948729
0.24130614, 0.0736469
-0.00936763, 0.13031726, 0.03273688
-0.55436873, 0.73009431, -0.39948729
0.24130613, 0.11615026
-0.00936763, 0.09294046, 0.03205059
-0.72905666, 0.07068087, -0.6807459
0.20734791, 0.15354395
0.00847239, 0.13031726, 0.03273688
0.55436873, 0.73009431, -0.39948729
0.24956515, 0.24238592
0.00847239, 0.09294046, 0.03205059
0.7275002, 0.07983642, -0.68141729
0.40190876, 0.21871799
0.00847239, 0.12819134, 0.03619566
0.61064488, 0.38010803, 0.69469285
0.3982465, 0.13422394
-0.00936763, 0.12819134, 0.03619566
-0.61064488, 0.38010803, 0.69469285
0.66360307, 0.1232754
0.01261581, 0.08967891, 0.00690398
0.85268718, 0.28586689, 0.43720818
0.33277988, 0.26066184
-0.01330587, 0.08118069, 0.02603013
-0.74721521, 0.64418471, 0.16318247
0.3932175, 0.21461761
0.01261581, 0.08118069, 0.02603013
0.74721521, 0.64418471, 0.16318247
0.33252582, 0.21444356
-0.01330587, 0.07666484, 0.08370039
-0.57838678, 0.53624076, 0.61470383
0.3934716, 0.07691133
0.01261581, 0.07666484, 0.08370039
0.57838678, 0.53624076, 0.61470383
0.33277988, 0.07673723
0.01251853, 0.17986692, 0.00665904
0.5771355, 0.57832575, 0.57652515
0.85613781, 0.78509866
-0.01330587, 0.08967891, 0.00690398
-0.8496353, 0.28577533, 0.44315928
0.79543334, 0.99993665
0.01261581, 0.08967891, 0.00690398
0.85268718, 0.28586689, 0.43720818
0.85613775, 1.0
-0.01330587, 0.05853891, 0.01027009
-0.93359172, -0.33997619, 0.11313211
0.44817689, 0.71090424
-0.01330587, 0.08967891, 0.00690398
-0.8496353, 0.28577533, 0.44315928
0.45605546, 0.78509691
-0.01366375, 0.04695132, -0.00773928
-0.68028808, -0.72533339, 0.10504471
0.4903568, 0.68328542
0.01251853, 0.0616034, -0.03434408
0.63002414, -0.29599902, -0.71791744
0.27630928, 0.95008298
0.01261581, 0.08967891, 0.00690398
0.85268718, 0.28586689, 0.43720818
0.1797543, 0.88320182
0.01251853, 0.04695132, -0.00773928
0.67650378, -0.72951448, 0.10049745
0.21403651, 0.9850122
0.01623271, 0.11562322, -0.01835521
0.59913939, 0.34699544, 0.72148806
0.26915309, 0.43493748
0.00796186, 0.11786205, -0.02131495
-0.60765404, 0.72585225, -0.32224494
0.27630931, 0.41514772
0.0081621, 0.11490905, -0.01835521
-0.65822321, 0.24356823, 0.71230203
0.26915309, 0.41574466
0.01862525, 0.08627215, -0.00232549
0.44676045, 0.8894009, -0.09653004
0.50013262, 0.10104334
0.01055464, 0.08555797, -0.00232549
-0.92397839, 0.23279519, -0.303354
0.48115912, 0.10089016
0.01055464, 0.08555797, -0.01835521
-0.92397839, 0.23279519, 0.303354
0.87763244, 0.17288154
0.01075488, 0.08260496, -0.02131495
-0.52955717, -0.6229133, -0.57576221
0.88456249, 0.16585279
0.01075487, 0.08260496, 0.00063425
-0.52955717, -0.6229133, 0.57576221
0.83318931, 0.16574222
0.01862526, 0.08627215, -0.01835521
0.4463332, 0.88979769, 0.09491257
0.70597982, 0.09523851
0.0081621, 0.11490905, -0.01835521
-0.65822321, 0.24356823, 0.71230203
0.72495335, 0.16527587
0.01055464, 0.08555797, -0.01835521
-0.92397839, 0.23279519, 0.303354
0.72495335, 0.0951041
0.01882549, 0.08331914, 0.00063425
0.26566362, -0.55574208, 0.78774375
0.724953, 0.24968648
0.00796186, 0.11786205, 0.00063425
-0.60765404, 0.72585225, 0.32224494
0.70597982, 0.16558874
0.01075487, 0.08260496, 0.00063425
-0.52955717, -0.6229133, 0.57576221
0.70597982, 0.24986488
0.00796186, 0.11786205, -0.02131495
-0.60765404, 0.72585225, -0.32224494
0.69360662, 0.69466642
0.0188255, 0.08331914, -0.02131495
0.26572466, -0.55549788, -0.78789634
0.67463332, 0.77876809
0.01075488, 0.08260496, -0.02131495
-0.52955717, -0.6229133, -0.57576221
0.69360662, 0.77894565
0.0188255, 0.08331914, -0.02131495
0.26572466, -0.55549788, -0.78789634
0.50706285, 0.1782338
0.01623271, 0.11562322, -0.01835521
0.59913939, 0.34699544, 0.72148806
0.50013769, 0.10131866
0.01862526, 0.08627215, -0.01835521
0.4463332, 0.88979769, 0.09491257
0.50013262, 0.17121989
0.01603247, 0.11857623, 0.00063425
0.4824366, 0.81591237, 0.31852168
0.91048962, 0.24996489
0.01862525, 0.08627215, -0.00232549
0.44676045, 0.8894009, -0.09653004
0.90356439, 0.17304975
0.01623272, 0.11562322, -0.00232549
0.59788811, 0.34772789, -0.72219002
0.90355933, 0.24295098
0.01862525, 0.08627215, -0.00232549
0.44676045, 0.8894009, -0.09653004
0.01886161, 0.11401457
0.0217418, 0.08627215, -0.01835521
0.60484636, 0.74001282, -0.29413739
0.02629322, 0.07585835
0.01862526, 0.08627215, -0.01835521
0.4463332, 0.88979769, 0.09491257
0.01899631, 0.07583678
0.0188255, 0.08331914, -0.02131495
0.26572466, -0.55549788, -0.78789634
0.412597, 0.12976795
0.02194205, 0.08331914, 0.00063425
0.55909908, -0.3136082, 0.76747948
0.41989303, 0.07747954
0.01882549, 0.08331914, 0.00063425
0.26566362, -0.55574208, 0.78774375
0.412597, 0.0774852
0.0217418, 0.08627215, -0.01835521
0.60484636, 0.74001282, -0.29413739
0.6317637, 0.66907907
0.0188255, 0.08331914, -0.02131495
0.26572466, -0.55549788, -0.78789634
0.62488514, 0.67601424
0.01862526, 0.08627215, -0.01835521
0.4463332, 0.88979769, 0.09491257
0.6317637, 0.67650574
0.01882549, 0.08331914, 0.00063425
0.26566362, -0.55574208, 0.78774375
0.01944827, 0.12129647
0.0217418, 0.08627215, -0.00232549
0.60484636, 0.73998231, 0.29413739
0.02615854, 0.1140362
0.02194206, 0.08331914, -0.02131495
0.55909908, -0.3136082, -0.76747948
0.91048962, 0.24996489
0.0217418, 0.08627215, -0.00232549
0.60484636, 0.73998231, 0.29413739
0.91740161, 0.2047534
0.02194205, 0.08331914, 0.00063425
0.55909908, -0.3136082, 0.76747948
0.91048956, 0.19768709
-0.01366375, 0.04695132, -0.00780436
0.0, -1.0, 0.0
0.69360662, 0.71394223
-0.01532559, 0.04695132, -0.01979864
0.0, -1.0, 0.0
0.69749707, 0.68536898
-0.01366375, 0.04695132, -0.01979864
-0.47215185, -0.85262614, -0.22373119
0.69360662, 0.68537199
-0.01363769, -0.04859482, -0.00406889
0.57795954, -0.55317849, 0.59993285
0.81765574, 0.70808685
0.01257968, -0.07855204, -0.00286997
-0.57832575, 0.59892577, 0.55388045
0.8789705, 0.77950366
0.0125446, -0.04856606, -0.00406889
-0.57670826, -0.55446029, 0.59993285
0.87897056, 0.70807815
-0.01363208, 0.04368769, -0.01938958
0.76488543, -0.23734245, -0.59883422
0.82241923, 0.33632213
-0.01363208, 0.06362492, -0.00687308
0.63054293, 0.29569384, 0.71758169
0.78675628, 0.29356396
-0.01363208, 0.04368769, -0.00687308
0.72289193, 0.04663228, 0.6893521
0.79342359, 0.34058601
0.01255021, 0.06362492, -0.00687308
-0.65251625, 0.32190925, 0.68596452
0.84853345, 0.62489247
0.01255021, 0.06362492, -0.03354032
-0.60893583, -0.21051668, -0.76473284
0.91031373, 0.63393515
0.01255021, 0.04368769, -0.01938958
-0.74340039, -0.26404613, -0.61449021
0.88420182, 0.58212006
-0.01360285, -0.07847312, 0.0005409
0.9486984, 0.254738, 0.18720053
0.91031379, 0.25026697
0.01257968, -0.07855204, -0.00286997
-0.57832575, 0.59892577, 0.55388045
0.9182868, 0.3126561
-0.01360261, -0.07860944, -0.00286997
0.57634205, 0.60090947, 0.5537889
0.9182868, 0.25028038
0.01430637, 0.04341558, -0.01914642
0.78844571, -0.21021149, -0.57805109
0.25714698, 0.32848781
0.01250928, 0.0071326, -0.01437331
-0.67464215, -0.06704917, -0.7350688
0.25290632, 0.2419672
0.01255021, 0.04368769, -0.01938958
-0.74340039, -0.26404613, -0.61449021
0.25303555, 0.32913983
0.01254436, -0.04842974, -0.00065802
-0.95797598, -0.23068941, 0.17041536
0.87163019, 0.3585341
0.01257968, -0.07855204, -0.00286997
-0.57832575, 0.59892577, 0.55388045
0.8868314, 0.28824699
0.01257944, -0.07841572, 0.0005409
-0.95556504, 0.24481948, 0.16406751
0.87888378, 0.28741187
0.01254436, -0.04842974, -0.00065802
-0.95797598, -0.23068941, 0.17041536
0.91502953, 0.73133555
-0.01363769, -0.04859482, -0.00406889
0.57795954, -0.55317849, 0.59993285
0.90705431, 0.66894951
0.0125446, -0.04856606, -0.00406889
-0.57670826, -0.55446029, 0.59993285
0.90705431, 0.73132157
0.01558934, 0.3104316, -0.01485652
0.14923552, -0.73195595, -0.66475415
0.58777583, 0.68583953
0.01202122, 0.3104316, -0.00997051
-0.57734919, -0.57734919, 0.57734919
0.57645351, 0.69448885
0.01202122, 0.3104316, -0.01485652
-0.57734919, -0.57734919, -0.57734919
0.58789009, 0.69433856
0.01614389, 0.31569144, -0.01485652
0.17596972, 0.60621965, -0.77553636
0.88040656, 0.07966495
0.01976283, 0.31569144, -0.00997051
-0.18381298, 0.5988037, 0.77950376
0.86897033, 0.08827901
0.01976283, 0.31569144, -0.01485652
-0.18381298, 0.5988037, -0.77950376
0.88040656, 0.08828694
0.01911343, 0.31193104, -0.01485652
0.41822565, -0.61729789, -0.66631061
0.58776337, 0.67734969
0.01558934, 0.3104316, -0.00997051
0.14923552, -0.73195595, 0.66475415
0.57633924, 0.68598986
0.00340452, 0.18065618, -0.02489821
0.39228493, 9.156e-05, -0.91982788
0.42289767, 0.06928682
0.00274024, 0.32430938, -0.02489821
0.29062778, 0.63270974, -0.71776479
0.42284784, 0.41159052
0.02361828, 0.31830513, -0.01485652
0.50679034, 0.66884363, -0.54383981
0.62488514, 0.6802249
0.02269543, 0.31553695, -0.00997051
0.64030886, -0.39426863, 0.65916926
0.61838728, 0.6686565
0.02269543, 0.31553695, -0.01485652
0.64030886, -0.39426863, -0.65916926
0.61838722, 0.6802938
0.02269543, 0.31553695, -0.01485652
0.64030886, -0.39426863, -0.65916926
0.58789009, 0.66858742
0.01911343, 0.31193104, -0.00997051
0.41822565, -0.61729789, 0.66631061
0.57632679, 0.67749998
0.01202122, 0.3104316, -0.01485652
-0.57734919, -0.57734919, -0.57734919
0.26854622, 0.41608173
0.01202122, 0.31830513, -0.00997051
-0.40144047, 0.72981966, 0.55330056
0.25711027, 0.43484807
0.01202122, 0.31830513, -0.01485652
-0.40144047, 0.72981966, -0.55330056
0.26854622, 0.43484199
0.01976283, 0.31569144, -0.01485652
-0.18381298, 0.5988037, -0.77950376
0.64626473, 0.08610314
0.01911343, 0.31193104, -0.01485652
0.41822565, -0.61729789, -0.66631061
0.6374585, 0.08765054
0.01614389, 0.31569144, -0.01485652
0.17596972, 0.60621965, -0.77553636
0.64626461, 0.09472704
0.02361828, 0.31830513, -0.00997051
0.50679034, 0.66884363, 0.54383981
0.8691712, 0.0973354
0.02361828, 0.31830513, -0.01485652
0.50679034, 0.66884363, -0.54383981
0.88060743, 0.09734339
0.01202122, 0.31830513, -0.01485652
-0.40144047, 0.72981966, -0.55330056
0.88060743, 0.06971365
0.01614389, 0.31569144, -0.00997051
0.17596972, 0.60621965, 0.77553636
0.86897039, 0.07965702
0.00394144, 0.17516403, 0.06982511
-0.31281471, 0.62691122, -0.71352273
0.24468203, 0.41529471
-0.00426395, 0.17781755, 0.06982511
0.23581652, 0.79708242, -0.55589467
0.2508961, 0.43484807
0.00394144, 0.17781755, 0.06982511
-0.23697622, 0.79766226, -0.55458236
0.25089616, 0.41529477
0.02071347, 0.17781755, 0.06169221
0.23276468, 0.80361336, -0.54768515
0.61572063, 0.26111281
0.01414152, 0.17516403, 0.05462479
0.72023684, 0.63325906, -0.28312021
0.60939658, 0.27844572
0.01414152, 0.17781755, 0.05462479
0.55909908, 0.79940182, -0.21976379
0.61561066, 0.27844745
0.01414152, 0.17781755, 0.04838244
0.55720693, 0.80031741, 0.22125919
0.61560994, 0.29331523
-0.00413559, 0.17516415, 0.04940918
0.30835903, 0.62782675, 0.71462142
0.81849623, 0.07563174
-0.01083592, 0.17516403, 0.05651525
0.71971798, 0.63267922, 0.28580585
0.79567009, 0.07709658
-0.00426396, 0.17516403, 0.06982511
0.31101412, 0.62727743, -0.71395004
0.78563583, 0.11093634
0.00394144, 0.17781755, 0.06982511
-0.23697622, 0.79766226, -0.55458236
0.47202778, 0.47099966
-0.00426395, 0.17781755, 0.06982511
0.23581652, 0.79708242, -0.55589467
0.48332149, 0.48681426
0.0161165, 0.17813516, 0.0778802
0.23435163, 0.65233314, 0.72075564
0.4705193, 0.43629414
-0.02999315, 0.17516415, 0.04127616
0.30838954, 0.62782675, 0.71462142
0.54177231, 0.0920912
-0.03669348, 0.17516403, 0.04838244
0.71971798, 0.63270974, 0.28577533
0.51894587, 0.09355676
-0.03012154, 0.17516403, 0.06169221
0.31101412, 0.62727743, -0.71395004
0.50891215, 0.12739646
-0.01541847, 0.17781755, 0.04836791
-0.55845821, 0.79973751, 0.2202826
0.45802563, 0.53832671
-0.00413559, 0.17781755, 0.04940918
0.23340556, 0.80803859, 0.54087955
0.44446874, 0.51512423
-0.02204447, 0.17781755, 0.04127616
-0.2334666, 0.80715352, 0.54216135
0.45371082, 0.5610171
0.02084184, 0.17516415, 0.04127616
0.30838954, 0.62782675, 0.71462142
0.12810093, 0.08112395
0.01414152, 0.17516403, 0.04838244
0.71971798, 0.63267922, 0.28577533
0.10527451, 0.08258951
0.02071348, 0.17516403, 0.06169221
0.31101412, 0.62727743, -0.71395004
0.09524088, 0.11642921
0.02084184, 0.17516415, 0.04127616
0.30838954, 0.62782675, 0.71462142
0.60950696, 0.30972743
0.02084184, 0.17781755, 0.04127616
0.23255104, 0.80657369, 0.54344308
0.61572063, 0.30972916
0.0104391, 0.17516403, 0.06277223
-0.72060305, 0.63365579, -0.28131962
0.91049105, 0.18140423
0.00394144, 0.17781755, 0.06982511
-0.23697622, 0.79766226, -0.55458236
0.91694677, 0.19768709
0.0104391, 0.17781755, 0.06277223
-0.56218147, 0.79531235, -0.22666097
0.91670448, 0.18140697
-0.02999315, 0.17516415, 0.04127616
0.30838954, 0.62782675, 0.71462142
0.60653204, 0.68752912
-0.02204447, 0.17781755, 0.04127616
-0.2334666, 0.80715352, 0.54216135
0.60031807, 0.66858757
-0.02999315, 0.17781755, 0.04127616
0.23642689, 0.8049562, 0.54414505
0.60031837, 0.68752897
-0.01541847, 0.17516403, 0.04836791
-0.72005373, 0.63307595, 0.28403577
0.90705431, 0.74875328
-0.01541847, 0.17781755, 0.05463932
-0.56035036, 0.79879147, -0.21875668
0.91326916, 0.76369232
-0.01541847, 0.17781755, 0.04836791
-0.55845821, 0.79973751, 0.2202826
0.91326773, 0.74875599
0.02891888, 0.17781755, 0.06169221
-0.25089267, 0.79219949, -0.55623037
0.58789009, 0.68814075
0.02071348, 0.17516403, 0.06169221
0.31101412, 0.62727743, -0.71395004
0.59410411, 0.66858751
0.02071347, 0.17781755, 0.06169221
0.23276468, 0.80361336, -0.54768515
0.58789009, 0.66858742
0.03541654, 0.17516403, 0.05463932
-0.72060305, 0.63365579, -0.28131962
0.90985364, 0.10109901
0.02891888, 0.17781755, 0.06169221
-0.25089267, 0.79219949, -0.55623037
0.91630936, 0.11738187
0.03541654, 0.17781755, 0.05463932
-0.57835627, 0.78411204, -0.22495194
0.91606706, 0.10110176
0.00381309, 0.17516403, 0.04940918
-0.31009859, 0.62746054, 0.71419418
0.91073334, 0.14905047
0.0104391, 0.17781755, 0.05650071
-0.55845821, 0.79973751, 0.2202826
0.91670305, 0.16647041
0.00381309, 0.17781755, 0.04940918
-0.2342906, 0.80861843, 0.53959775
0.91694677, 0.14905316
-0.03669348, 0.17516403, 0.05462479
0.72023684, 0.63325906, -0.28312021
0.60939658, 0.22982764
-0.03669348, 0.17781755, 0.04838244
0.57051301, 0.79186374, 0.21774957
0.61560994, 0.24469715
-0.03669348, 0.17781755, 0.05462479
0.57756281, 0.78438675, -0.2260506
0.6156106, 0.22982937
-0.03012154, 0.17516403, 0.06169221
0.31101412, 0.62727743, -0.71395004
0.60950655, 0.21249306
-0.03012154, 0.17781755, 0.06169221
0.25022125, 0.79134494, -0.5577563
0.61572063, 0.21249479
-0.02999315, 0.17516415, 0.04127616
0.30838954, 0.62782675, 0.71462142
0.60950685, 0.26110941
-0.02999315, 0.17781755, 0.04127616
0.23642689, 0.8049562, 0.54414505
0.61572063, 0.26111114
0.02879052, 0.17516403, 0.04127616
-0.31009859, 0.62746054, 0.71419418
0.91009593, 0.06874496
0.03541654, 0.17781755, 0.04836791
-0.57148963, 0.79140598, 0.21689504
0.91606563, 0.08616543
0.02879052, 0.17781755, 0.04127616
-0.23734245, 0.80556655, 0.54286325
0.91630936, 0.0687477
-0.00413559, 0.17516415, 0.04940918
0.30835903, 0.62782675, 0.71462142
0.59410447, 0.66858742
0.00381309, 0.17781755, 0.04940918
-0.2342906, 0.80861843, 0.53959775
0.60031807, 0.68752912
-0.00413559, 0.17781755, 0.04940918
0.23340556, 0.80803859, 0.54087955
0.60031807, 0.66858768
0.0104391, 0.17516403, 0.05650071
-0.72005373, 0.63307595, 0.28403577
0.91048956, 0.16646767
-0.02191613, 0.17516403, 0.06169221
-0.31281471, 0.62691122, -0.71352273
0.25711027, 0.43484807
-0.03012154, 0.17781755, 0.06169221
0.25022125, 0.79134494, -0.5577563
0.25089616, 0.41529465
-0.02191612, 0.17781755, 0.06169221
-0.23371075, 0.80422378, -0.54640341
0.25089619, 0.43484801
-0.01541847, 0.17516403, 0.05463932
-0.72060305, 0.63365579, -0.28131962
0.9070558, 0.76368962
-0.02191612, 0.17781755, 0.06169221
-0.23371075, 0.80422378, -0.54640341
0.91351151, 0.77997245
0.02084184, 0.17516415, 0.04127616
0.30838954, 0.62782675, 0.71462142
0.61274594, 0.68752912
0.02879052, 0.17781755, 0.04127616
-0.23734245, 0.80556655, 0.54286325
0.60653204, 0.66858757
0.02084184, 0.17781755, 0.04127616
0.23255104, 0.80657369, 0.54344308
0.60653234, 0.687529
0.03541654, 0.17516403, 0.04836791
-0.72005373, 0.63307595, 0.28403577
0.90985215, 0.08616269
-0.01083592, 0.17516403, 0.0627577
0.72023684, 0.63325906, -0.28312021
0.60939658, 0.1812098
-0.01083591, 0.17781755, 0.05651525
0.55720693, 0.80031741, 0.22125919
0.61560994, 0.19607955
-0.01083591, 0.17781755, 0.0627577
0.56089967, 0.79598379, -0.22748497
0.6156106, 0.18121153
-0.00426396, 0.17516403, 0.06982511
0.31101412, 0.62727743, -0.71395004
0.60950661, 0.16387522
-0.00426395, 0.17781755, 0.06982511
0.23581652, 0.79708242, -0.55589467
0.61572063, 0.16387695
-0.00413559, 0.17516415, 0.04940918
0.30835903, 0.62782675, 0.71462142
0.60950685, 0.21249133
-0.00413559, 0.17781755, 0.04940918
0.23340556, 0.80803859, 0.54087955
0.61572063, 0.21249306
-0.02204447, 0.17781755, 0.04127616
-0.2334666, 0.80715352, 0.54216135
0.91351151, 0.73133826
-0.01363208, 0.04368769, -0.01938958
0.76488543, -0.23734245, -0.59883422
0.99158573, 0.58584186
-0.01529391, 0.06362492, -0.03354032
-0.64391005, -0.229194, -0.72994173
0.98776591, 0.63353136
-0.01363208, 0.06362492, -0.03354032
0.64391005, -0.229194, -0.72994173
0.99165767, 0.63353088
-0.01363208, 0.07827699, -0.03341278
0.57780695, 0.57960755, -0.57460248
0.99166077, 0.66844445
-0.01363208, 0.07827699, -0.02141851
0.62993258, 0.71694082, 0.29850155
0.66226918, 0.12936008
-0.01529391, 0.06362492, -0.00687308
-0.63054293, 0.29569384, 0.71758169
0.65869451, 0.1651122
-0.01363208, 0.06362492, -0.00687308
0.63054293, 0.29569384, 0.71758169
0.66258526, 0.1651541
-0.01363208, 0.07827699, -0.03341278
0.57780695, 0.57960755, -0.57460248
0.66258526, 0.10079515
-0.01529391, 0.07827699, -0.02141851
-0.62993258, 0.71694082, 0.29850155
0.65837842, 0.12931824
-0.01363208, 0.06362492, -0.00687308
0.63054293, 0.29569384, 0.71758169
1.0, 0.29276592
-0.01529391, 0.04368769, -0.00687308
-0.72261727, 0.04751732, 0.68959624
0.99610007, 0.34027338
-0.01363208, 0.04368769, -0.00687308
0.72289193, 0.04663228, 0.6893521
0.99999183, 0.34027386
0.01255021, 0.04368769, -0.00687308
-0.76516008, 0.03985717, 0.64256722
0.99182117, 0.33963031
0.01430637, 0.06335291, -0.00663004
0.60097051, 0.27048555, 0.75209814
0.9959392, 0.2927655
0.01255021, 0.06362492, -0.00687308
-0.65251625, 0.32190925, 0.68596452
0.99182904, 0.2921223
0.01430637, 0.06335291, -0.03329716
0.67281103, -0.24787134, -0.69701225
0.25721914, 0.37617707
0.01255021, 0.06362492, -0.00687308
-0.65251625, 0.32190925, 0.68596452
0.6939227, 0.77830119
0.01430637, 0.07800499, -0.02117535
0.65981019, 0.6794641, 0.32078004
0.69772476, 0.74315193
0.01255021, 0.07827699, -0.02141851
-0.59279156, 0.75627917, 0.27677235
0.69360662, 0.74250719
0.01430637, 0.04341558, -0.00663004
0.67802972, 0.05481124, 0.73296303
0.99593127, 0.34027368
0.01250928, 0.0071326, -0.00185683
-0.73793757, 0.05740532, 0.6724143
0.99166077, 0.42662185
0.01426544, 0.0068606, -0.00161367
0.64754176, 0.05575732, 0.7599414
0.99577087, 0.42726499
0.01430637, 0.07800499, -0.03316964
0.6533708, 0.53471482, -0.53584397
0.69804084, 0.71458694
0.01255021, 0.07827699, -0.03341278
-0.5017243, 0.61680961, -0.60640275
0.6939227, 0.7139422
0.01430637, 0.07800499, -0.03316964
0.6533708, 0.53471482, -0.53584397
0.25722241, 0.41109061
0.01255021, 0.06362492, -0.03354032
-0.60893583, -0.21051668, -0.76473284
0.2531077, 0.37682885
0.01255021, 0.07827699, -0.03341278
-0.5017243, 0.61680961, -0.60640275
0.25311095, 0.41174245
-0.01533484, 0.0071326, -0.01437331
-0.71886349, -0.05957213, -0.69255656
0.76089966, 0.49427009
-0.01529391, 0.04368769, -0.00687308
-0.72261727, 0.04751732, 0.68959624
0.73150367, 0.57800859
-0.01529391, 0.04368769, -0.01938958
-0.76476336, -0.23670156, -0.59920043
0.76051158, 0.58217585
0.01426544, 0.0068606, -0.01413017
0.76027709, -0.0524308, -0.64745015
0.69909823, 0.42409247
0.01430637, 0.04341558, -0.01914642
0.78844571, -0.21021149, -0.57805109
0.69870991, 0.3361671
0.01430637, 0.04341558, -0.00663004
0.67802972, 0.05481124, 0.73296303
0.66970402, 0.34035623
0.01254436, -0.04842974, -0.00065802
-0.95797598, -0.23068941, 0.17041536
0.99170899, 0.55899268
0.01257944, -0.07841572, 0.0005409
-0.95556504, 0.24481948, 0.16406751
0.99176735, 0.63041818
0.01437067, -0.0943898, 0.00220494
0.67097998, 0.05499435, 0.73940247
0.9959392, 0.66844493
-0.013673, 0.0071326, -0.00185683
0.69420451, 0.05664235, 0.71752065
0.9998309, 0.42726547
-0.01529391, 0.04368769, -0.01938958
-0.76476336, -0.23670156, -0.59920043
0.98769397, 0.58584231
-0.013673, 0.0071326, -0.01437331
0.71840572, -0.05987731, -0.69301432
0.99145693, 0.49866921
-0.01533484, 0.0071326, -0.01437331
-0.71886349, -0.05957213, -0.69255656
0.98756516, 0.49866968
0.01426544, 0.0068606, -0.01413017
0.76027709, -0.0524308, -0.64745015
0.25701776, 0.24131542
0.01261451, -0.09399378, -0.0107768
-0.70586258, -0.02356029, -0.70793784
0.2531091, 0.00094217
-0.01356777, -0.09407988, -0.0107768
0.78896451, -0.01809748, -0.61412394
0.99166077, 0.25743902
-0.01522961, -0.09411782, -0.01117897
-0.63234353, -0.0250557, -0.77425456
0.98777086, 0.2573542
-0.01522961, -0.09411782, 0.00196189
-0.64659566, 0.05590991, 0.76076543
0.99610597, 0.66844493
-0.01360285, -0.07847312, 0.0005409
0.9486984, 0.254738, 0.18720053
0.99993622, 0.63119853
-0.01363792, -0.0484585, -0.00065802
0.95327616, -0.23316142, 0.19196142
0.99987835, 0.55970481
-0.01360285, -0.07847312, 0.0005409
0.9486984, 0.254738, 0.18720053
0.8170985, 0.63122815
-0.01363769, -0.04859482, -0.00406889
0.57795954, -0.55317849, 0.59993285
0.81778848, 0.55918992
-0.01363792, -0.0484585, -0.00065802
0.95327616, -0.23316142, 0.19196142
0.80984128, 0.56003034
-0.01363792, -0.0484585, -0.00065802
0.95327616, -0.23316142, 0.19196142
7e-08, 0.19285673
0.01257944, -0.07841572, 0.0005409
-0.95556504, 0.24481948, 0.16406751
0.0613153, 0.12138623
-0.01360285, -0.07847312, 0.0005409
0.9486984, 0.254738, 0.18720053
0.0, 0.1213181
-0.02056433, -0.07603616, -0.02858583
-0.57090974, 0.60213017, -0.55806148
0.81765568, 0.77911431
0.02000239, -0.09971283, -0.02821309
0.58061463, -0.59697258, -0.55357522
0.7614308, 0.68290952
-0.02056433, -0.10004593, -0.02858583
-0.56666768, -0.6020081, -0.56251717
0.7614308, 0.77958062
0.01946211, -0.09749176, 0.03033691
0.713889, -0.69957578, -0.03076266
0.00012043, 0.33222592
-0.02137474, -0.10120282, 0.0631828
-0.574633, -0.61116368, 0.5442366
0.09524085, 0.41153592
-0.0211046, -0.09782486, 0.02996396
-0.72130495, -0.69106114, -0.04605243
0.095114, 0.33217216
-0.02083446, -0.09760634, 0.00546597
-0.71794796, -0.695822, 0.01834162
0.09499361, 0.27380008
0.02000239, -0.09971283, -0.02821309
0.58061463, -0.59697258, -0.55357522
0.00024729, 0.19290996
0.01973226, -0.0972731, 0.00583875
0.71452987, -0.69911802, 0.02533036
0.0, 0.27385342
-0.02056433, -0.07959686, 0.0117099
-0.68129522, 0.71984011, 0.13275552
0.79422486, 0.90375101
0.01919198, -0.09474418, 0.0635557
0.58653522, 0.48188725, 0.65089875
0.69985551, 0.77958062
0.02000239, -0.07926378, 0.01208264
0.68843651, 0.71111178, 0.14267403
0.69925725, 0.90338946
0.02000239, -0.07570308, -0.02821309
0.57469404, 0.60698265, -0.54887539
0.69985551, 0.99963845
-0.02137474, -0.09507728, 0.0631828
-0.60191655, 0.47782829, 0.63975954
0.87897056, 0.7794589
0.01919198, -0.10086972, 0.0635557
0.56968904, -0.60585344, 0.55531478
0.89331454, 0.68291205
0.01919198, -0.09474418, 0.0635557
0.58653522, 0.48188725, 0.65089875
0.8789705, 0.68279031
-0.0211046, -0.09782486, 0.02996396
-0.72130495, -0.69106114, -0.04605243
0.3255963, 0.12082434
-0.02137474, -0.09507728, 0.0631828
-0.60191655, 0.47782829, 0.63975954
0.31818336, 0.04181457
-0.02056433, -0.07959686, 0.0117099
-0.68129522, 0.71984011, 0.13275552
0.28346974, 0.16477144
0.02000239, -0.07926378, 0.01208264
0.68843651, 0.71111178, 0.14267403
0.86327976, 0.87681045
0.01919198, -0.09474418, 0.0635557
0.58653522, 0.48188725, 0.65089875
0.89801556, 0.99981161
0.01946211, -0.09749176, 0.03033691
0.713889, -0.69957578, -0.03076266
0.90543032, 0.92080373
0.01202122, 0.31830513, -0.00997051
-0.40144047, 0.72981966, 0.55330056
0.48169485, 0.10088962
0.01202122, 0.3104316, -0.00997051
-0.57734919, -0.57734919, 0.57734919
0.50013262, 0.10089016
0.01558934, 0.3104316, -0.00997051
0.14923552, -0.73195595, 0.66475415
0.50013262, 0.09238744
0.02269543, 0.31553695, -0.00997051
0.64030886, -0.39426863, 0.65916926
0.48817685, 0.07545352
0.02361828, 0.31830513, -0.00997051
0.50679034, 0.66884363, 0.54383981
0.48169437, 0.07325429
-0.00474584, 0.18065618, -3.729e-05
-0.39069796, 0.0, 0.92049927
0.27630931, 0.06943381
-0.01342812, 0.18065618, -0.01589231
-0.92733544, 0.0, -0.37418744
0.91031379, 0.32601213
-0.00474584, 0.18065618, -0.02489821
-0.39109468, 0.0, -0.92031616
0.93068904, 0.32612622
-0.01366375, 0.04695132, -0.00773928
-0.68028808, -0.72533339, 0.10504471
0.76140916, 0.75023295
0.01202122, 0.18065618, -0.0090276
0.92788476, 0.0, 0.37284464
0.46069184, 0.06942379
-0.001977, 0.4093006, -0.00670522
-0.31101412, 0.62727743, 0.71395004
0.27630931, 0.66826952
-0.00188204, 0.4093006, -0.01886629
-0.30838954, 0.62782675, -0.71462142
0.51514924, 0.17840302
0.00541235, 0.4093006, -0.0119223
0.72060305, 0.63365579, 0.28131962
0.25192499, 0.43484902
-0.0038711, 0.24117182, 0.00832235
-0.24439222, -0.79622793, 0.55342263
0.07310846, 0.17677361
-0.01062051, 0.24614835, 0.00832235
-0.95834225, -0.25540942, 0.12775049
0.06145465, 0.19285673
-0.01062051, 0.23176648, 0.00353923
-0.6099124, -0.66423535, 0.43217263
0.09524088, 0.19280946
0.00962772, 0.23176648, -0.00233023
0.57734919, -0.57734919, -0.57734919
0.15992945, 0.24260122
-0.01062051, 0.23176648, -0.00233023
-0.57734919, -0.57734919, -0.57734919
0.8933146, 0.73133555
0.00962772, 0.24614835, 0.00832235
0.95834225, -0.25540942, 0.12775049
0.21588814, 0.26797312
0.00962772, 0.23176648, 0.00353923
0.6099124, -0.66423535, 0.43217263
0.24956515, 0.25658089
0.00962772, 0.23176648, -0.00233023
0.57734919, -0.57734919, -0.57734919
0.24956205, 0.24260122
0.00962772, 0.27148199, -0.00233023
0.57734919, 0.57734919, -0.57734919
0.15655608, 0.24260122
0.00962772, 0.25937209, 0.01419623
0.86184269, 0.49302652, 0.11868648
0.18492392, 0.28196329
0.00962772, 0.26235807, 0.0217469
0.63292336, 0.77419353, 0.0
0.17793533, 0.2999472
0.00962772, 0.27148199, 0.00353923
0.62508011, 0.71123385, 0.32151249
0.15655923, 0.25658089
0.00962772, 0.26235807, 0.03684846
0.63292336, 0.77419353, 0.0
0.17794336, 0.33591557
0.00962772, 0.25937209, 0.05950068
0.7999512, 0.6000244, 0.0
0.184948, 0.38986772
0.00962772, 0.26235807, 0.06705146
0.56273079, 0.69853818, 0.44193855
0.17795941, 0.40785193
0.00962772, 0.26235807, 0.0519499
0.63292336, 0.77419353, 0.0
0.1779514, 0.37188357
0.00962772, 0.27148199, 0.00353923
0.62508011, 0.71123385, 0.32151249
0.90872669, 0.16574222
0.00962772, 0.27148199, -0.00233023
0.57734919, 0.57734919, -0.57734919
0.8933146, 0.68308517
-0.01062051, 0.25937209, 0.01419623
-0.86184269, 0.49302652, 0.11868648
0.54472244, 0.27033406
-0.01062051, 0.27148199, 0.00353923
-0.62508011, 0.71123385, 0.32151249
0.51636624, 0.29570013
-0.01062051, 0.27148199, -0.00233023
-0.57734919, 0.57734919, -0.57734919
0.51636624, 0.30967915
-0.01062051, 0.23176648, -0.00233023
-0.57734919, -0.57734919, -0.57734919
0.6093629, 0.30972916
-0.01062051, 0.24614835, 0.00832235
-0.95834225, -0.25540942, 0.12775049
0.57568675, 0.28434032
-0.01062051, 0.23176648, 0.00353923
-0.6099124, -0.66423535, 0.43217263
0.6093629, 0.29575014
-0.01062051, 0.25937209, 0.02929768
-0.7999512, 0.6000244, 0.0
0.54472244, 0.23436761
-0.01062051, 0.26235807, 0.0217469
-0.63292336, 0.77419353, 0.0
0.53773057, 0.25234723
-0.01062051, 0.26235807, 0.06705146
-0.56273079, 0.69853818, 0.44193855
0.53773057, 0.14444745
-0.01062051, 0.26235807, 0.0519499
-0.63292336, 0.77419353, 0.0
0.53773057, 0.18041414
-0.01062051, 0.26235807, 0.03684846
-0.63292336, 0.77419353, 0.0
0.53773057, 0.21638054
0.00287831, 0.23364313, 0.06862073
0.24460585, -0.76305431, 0.59819329
0.63182801, 0.30968863
0.01603247, 0.11857623, 0.00063425
0.4824366, 0.81591237, 0.31852168
0.50013262, 0.1782338
0.01261581, 0.05853891, 0.01027009
0.93215734, -0.34775841, 0.10046694
0.88456249, 0.18739766
0.00285022, 0.05363793, 0.00940595
0.15689565, -0.95565659, 0.24909207
0.8960588, 0.2106604
-0.01330587, 0.05853891, 0.01027009
-0.93359172, -0.33997619, 0.11313211
0.88456249, 0.2491681
0.01251854, 0.17986692, -0.03434408
0.57707447, 0.57750177, -0.57744074
0.55262679, 0.79218863
-0.01366375, 0.0616034, -0.03434408
-0.6324656, -0.29450363, -0.71636099
0.09524089, 0.12977326
-0.01719344, 0.11564028, -0.02463726
-0.28809473, -0.65813166, -0.69557786
3e-08, 0.57955202
-0.00053849, 0.11564028, -0.02727508
0.0, -0.673513, -0.73912776
0.01792759, 0.61533463
0.04306472, 0.11564028, -0.00505819
0.61909848, -0.64369643, -0.44978181
0.12003701, 0.66826987
0.0161165, 0.11564028, 0.0778801
0.23645741, -0.64369643, 0.72780544
0.24007417, 0.50030756
0.0533581, 0.11564028, 0.02662142
0.76525164, -0.64369643, 0.0
0.19422409, 0.64378205
0.04306478, 0.11564028, 0.05830104
0.61909848, -0.64369643, 0.44978181
0.24007416, 0.57962611
-0.01719344, 0.11564028, 0.0778802
-0.23645741, -0.64369643, 0.72780544
0.19422424, 0.43612313
-0.05443506, 0.11564028, 0.02662142
-0.76525164, -0.64369643, 0.0
0.04585008, 0.43607748
0.04306472, 0.17813516, -0.00505819
0.61787772, 0.64592427, -0.44825587
0.69897914, 0.79218866
0.04306472, 0.17813516, -0.00505819
0.61787772, 0.64592427, -0.44825587
0.42269376, 0.41174245
0.04306478, 0.11564028, 0.05830104
0.61909848, -0.64369643, 0.44978181
0.51636642, 0.66843891
-0.04414174, 0.17813516, 0.05830104
-0.60933256, 0.65544605, 0.44615009
0.66278082, 0.46062893
-0.00742031, 0.1977412, 0.03162137
-0.38975188, 0.51274151, 0.76494646
0.66315365, 0.07570666
0.00755157, 0.1977412, 0.02399287
0.83797723, 0.52928251, 0.13269448
0.90985215, 0.11738187
-0.04414174, 0.17813516, -0.00505819
-0.61787772, 0.64592427, -0.44825587
0.69898134, 1.0
0.00634333, 0.18586633, 0.02162148
0.19528794, -0.35843989, -0.91286963
0.61274594, 0.68700191
-0.01101934, 0.18764316, 0.0334895
-0.26728112, -0.48722801, 0.83135474
0.61988223, 0.10849303
-0.00742031, 0.18586633, 0.03162137
-0.19345683, -0.39942625, 0.89608449
0.61572063, 0.11710894
-0.01262248, 0.19749288, 0.03427203
-0.39091158, 0.21152379, 0.89577931
0.64294684, 0.10455132
0.01094447, 0.18764316, 0.02223247
0.83095795, -0.48866236, 0.26581621
0.61988074, 0.16094702
0.01275374, 0.19749288, 0.02134221
0.95702994, 0.20288706, 0.2070986
0.64294684, 0.1651541
-0.01101934, 0.18764316, 0.0334895
-0.26728112, -0.48722801, 0.83135474
0.61838722, 0.68980101
0.00755157, 0.20408273, 0.02399287
0.56923121, 0.71160007, 0.41178626
0.70538104, 0.1232754
0.00973622, 0.18764316, 0.01986118
0.26374096, -0.48579362, -0.83330792
0.63085109, 0.68029377
-0.00742031, 0.20408273, 0.03162137
-0.00143437, 0.71160007, 0.70256662
0.61572063, 0.16387522
-0.00862855, 0.20408273, 0.02925008
-0.56923121, 0.71156955, -0.41178626
0.06131531, 0.1213181
0.00634333, 0.1977412, 0.03162137
0.6292001, 0.62547684, 0.4613483
0.1417022, 0.08306134
-0.00442322, 0.30155057, -0.03840827
-0.56978059, -0.57860041, -0.58354443
0.81765831, 0.70807815
-0.00442322, 0.30155057, -0.03840827
-0.56978059, -0.57860041, -0.58354443
0.24046324, 0.43484801
0.00336367, 0.30155057, -0.03840827
0.57637256, -0.57750177, -0.57814264
0.84937394, 0.67589733
0.00336367, 0.30155057, -0.03840827
0.57637256, -0.57750177, -0.57814264
0.20734791, 0.08160144
0.00336367, 0.30335206, -0.03840827
0.62947476, 0.31382182, -0.71077609
0.61572063, 0.10455132
0.00634333, 0.1977412, 0.02162148
0.38874477, 0.51640368, -0.76299328
0.89522982, 0.07734001
-0.00862855, 0.1977412, 0.02925008
-0.84691918, 0.51448101, -0.13412885
0.03238987, 0.1213181
-0.0074203, 0.1977412, 0.02162148
-0.63786739, 0.61299479, -0.46617022
0.0501505, 0.12127841
-0.0074203, 0.1977412, 0.02162148
-0.63786739, 0.61299479, -0.46617022
0.09524088, 0.09698665
0.00684332, 0.17813516, 0.02162148
0.71022677, 0.03671377, -0.70299387
0.06301888, 0.14455867
0.00051104, 0.4093006, -0.01886629
0.31012911, 0.62746054, -0.71419418
0.26854625, 0.43492806
-0.00188204, 0.4093006, -0.01886629
-0.30838954, 0.62782675, -0.71462142
0.48108867, 0.17842937
-0.001977, 0.3113803, -0.00670522
-0.39936522, 0.0, 0.916776
0.50954491, 0.41172379
-0.001977, 0.4093006, -0.00670522
-0.31101412, 0.62727743, 0.71395004
0.55262679, 0.69028848
0.00060598, 0.4093006, -0.00670522
0.31281471, 0.62691122, 0.71349221
0.55704659, 0.69448885
0.00541235, 0.4093006, -0.0119223
0.72060305, 0.63365579, 0.28131962
0.57361186, 0.69322965
0.00051104, 0.4093006, -0.01886629
0.31012911, 0.62746054, -0.71419418
0.57632679, 0.67318007
-0.00683832, 0.4093006, -0.01193304
-0.72023684, 0.63325906, 0.28312021
0.55266643, 0.67328921
-0.00447323, 0.32430938, -0.02489821
-0.29819635, 0.63002414, -0.71703237
0.59759927, 0.08606017
-0.01342812, 0.32430938, -0.01589231
-0.71718496, 0.63136691, -0.29493088
0.56786054, 0.08568072
-0.01342813, 0.32430938, -0.0090276
-0.71874142, 0.6317026, 0.29038361
0.55632371, 0.09706044
0.01202122, 0.32430938, -0.0090276
0.71904659, 0.63200784, 0.28891873
0.59782606, 0.140567
0.01202122, 0.32430938, -0.01589231
0.71578109, 0.62962735, -0.30195013
0.6093629, 0.12918723
0.00973622, 0.18764316, 0.01986118
0.26374096, -0.48579362, -0.83330792
0.16884981, 0.09180617
0.00634333, 0.18586633, 0.02162148
0.19528794, -0.35843989, -0.91286963
0.16468838, 0.09991127
0.01154549, 0.19749288, 0.01897082
0.39500105, 0.20325327, -0.89587086
0.19191572, 0.08742708
-0.01222757, 0.18764316, 0.03111811
-0.83138525, -0.49012727, -0.26175725
0.16884895, 0.14419979
-0.01383072, 0.19749288, 0.03190074
-0.95452744, 0.21109653, -0.21033357
0.19191565, 0.14796054
0.01261581, 0.07666484, 0.08370039
0.57838678, 0.53624076, 0.61470383
0.67463338, 0.69450164
-0.01330587, 0.07666484, 0.08370039
-0.57838678, 0.53624076, 0.61470383
0.61392891, 0.69448885
-0.00389919, 0.03578033, 0.08074634
-0.18497269, -0.85158849, 0.49046296
0.63596368, 0.79198372
0.01261581, 0.05853891, 0.01027009
0.93215734, -0.34775841, 0.10046694
0.78563583, 0.24838144
0.00962772, 0.26235807, 0.06705146
0.56273079, 0.69853818, 0.44193855
0.83304417, 0.24993205
0.00287831, 0.23364313, 0.06862073
0.24460585, -0.76305431, 0.59819329
0.86480469, 0.16573697
-0.01062051, 0.26235807, 0.06705146
-0.56273079, 0.69853818, 0.44193855
0.83318931, 0.097359
-0.0038711, 0.23364313, 0.06862073
-0.24460585, -0.76305431, 0.59819329
0.84899867, 0.16574222
-0.00910779, 0.07519685, 0.03231439
-0.6115604, -0.16830958, 0.77303386
0.41145679, 0.12976789
0.00873222, 0.07519685, 0.03231439
0.61598557, -0.14801477, 0.77370524
0.70538104, 0.24986488
0.00847239, 0.12819134, 0.03619566
0.61064488, 0.38010803, 0.69469285
0.24956514, 0.07354748
-0.00936763, 0.13031726, 0.03273688
-0.55436873, 0.73009431, -0.39948729
0.20778689, 0.24260122
0.00847239, 0.13031726, 0.03273688
0.55436873, 0.73009431, -0.39948729
0.40668365, 0.1297698
0.00847239, 0.12819134, 0.03619566
0.61064488, 0.38010803, 0.69469285
0.70538104, 0.12349528
-0.01330587, 0.08967891, 0.00690398
-0.8496353, 0.28577533, 0.44315928
0.39347157, 0.26083583
-0.01366375, 0.17986692, 0.00665904
-0.57872248, 0.57701343, 0.57628101
0.79482305, 0.78503467
-0.01366375, 0.0616034, -0.03434408
-0.6324656, -0.29450363, -0.71636099
0.55262679, 0.71816325
-0.01366375, 0.04695132, -0.01979864
-0.47215185, -0.85262614, -0.22373119
0.5185824, 0.68327025
-0.01366375, 0.05048023, 0.00468359
-0.68541521, -0.61326945, 0.39252907
0.46128041, 0.69170937
-0.01330587, 0.04068128, 0.08161058
-0.67921996, -0.49427778, 0.54249704
0.28120059, 0.6684449
-0.01330587, 0.08118069, 0.02603013
-0.74721521, 0.64418471, 0.16318247
0.41128966, 0.76487237
-0.01330587, 0.07666484, 0.08370039
-0.57838678, 0.53624076, 0.61470383
0.27630931, 0.75418513
-0.01366375, 0.17986692, 0.00665904
-0.57872248, 0.57701343, 0.57628101
0.45665675, 1.0
-0.01366375, 0.17986692, -0.03434408
-0.57835627, 0.57667774, -0.57698292
0.55262679, 0.99994833
0.01251853, 0.05048023, 0.00468359
0.65950501, -0.63902706, 0.39579454
0.18495877, 0.97660981
0.01261581, 0.05853891, 0.01027009
0.93215734, -0.34775841, 0.10046694
0.17187537, 0.95740796
0.01251853, 0.04695132, -0.01979864
0.62993258, -0.71694082, -0.29850155
0.24226336, 0.98500567
0.01251854, 0.17986692, -0.03434408
0.57707447, 0.57750177, -0.57744074
0.27630928, 0.66826984
0.01251853, 0.17986692, 0.00665904
0.5771355, 0.57832575, 0.57652515
0.18033494, 0.66829202
0.01261581, 0.08118069, 0.02603013
0.74721521, 0.64418471, 0.16318247
0.13498648, 0.90346279
0.01261581, 0.07666484, 0.08370039
0.57838678, 0.53624076, 0.61470383
0.0, 0.91425501
0.01261581, 0.04068128, 0.08161058
0.67662585, -0.49998474, 0.54048282
0.00489153, 1.0
0.01603247, 0.11857623, -0.02131495
0.48298594, 0.81560719, -0.31849116
0.27630931, 0.43434054
0.0081621, 0.11490905, -0.01835521
-0.65822321, 0.24356823, 0.71230203
0.87763768, 0.24290639
0.00796186, 0.11786205, -0.02131495
-0.60765404, 0.72585225, -0.32224494
0.88456249, 0.24996489
0.00796186, 0.11786205, 0.00063425
-0.60765404, 0.72585225, 0.32224494
0.83318931, 0.24985433
0.01055464, 0.08555797, -0.00232549
-0.92397839, 0.23279519, -0.303354
0.84011406, 0.17280078
0.0081621, 0.11490905, -0.00232549
-0.65822321, 0.24356823, -0.71230203
0.84011936, 0.24282557
0.01623271, 0.11562322, -0.01835521
0.59913939, 0.34699544, 0.72148806
0.70597982, 0.16541028
0.01603247, 0.11857623, 0.00063425
0.4824366, 0.81591237, 0.31852168
0.724953, 0.16541022
0.01603247, 0.11857623, -0.02131495
0.48298594, 0.81560719, -0.31849116
0.67463338, 0.69448885
0.01603247, 0.11857623, -0.02131495
0.48298594, 0.81560719, -0.31849116
0.50706285, 0.0942657
0.01882549, 0.08331914, 0.00063425
0.26566362, -0.55574208, 0.78774375
0.91048962, 0.16599685
0.01055464, 0.08555797, -0.01835521
-0.92397839, 0.23279519, 0.303354
0.0001347, 0.07583678
0.01055464, 0.08555797, -0.00232549
-0.92397839, 0.23279519, -0.303354
0.0, 0.11401457
0.01075487, 0.08260496, 0.00063425
-0.52955717, -0.6229133, 0.57576221
0.39365914, 0.07745063
0.01075488, 0.08260496, -0.02131495
-0.52955717, -0.6229133, -0.57576221
0.39365914, 0.12973338
0.02194206, 0.08331914, -0.02131495
0.55909908, -0.3136082, -0.76747948
0.41989303, 0.12976223
0.02194206, 0.08331914, -0.02131495
0.55909908, -0.3136082, -0.76747948
0.62488514, 0.66858754
0.02194205, 0.08331914, 0.00063425
0.55909908, -0.3136082, 0.76747948
0.02674521, 0.1213181
0.0217418, 0.08627215, -0.01835521
0.60484636, 0.74001282, -0.29413739
0.91740161, 0.24293238
-0.01532559, 0.04695132, -0.00780436
0.0, -1.0, 0.0
0.69749707, 0.71393919
-0.01360261, -0.07860944, -0.00286997
0.57634205, 0.60090947, 0.5537889
0.81765568, 0.77958062
-0.01356777, -0.09407988, 0.0017397
0.73137605, 0.05383465, 0.6797998
0.81953782, 0.66844493
-0.01356777, -0.09407988, -0.0107768
0.78896451, -0.01809748, -0.61412394
0.84853351, 0.66418108
-0.013673, 0.0071326, -0.00185683
0.69420451, 0.05664235, 0.71752065
0.79403067, 0.42851037
-0.013673, 0.0071326, -0.01437331
0.71840572, -0.05987731, -0.69301432
0.82302624, 0.42424649
-0.01363208, 0.06362492, -0.03354032
0.64391005, -0.229194, -0.72994173
0.84853345, 0.28447956
-0.01363208, 0.07827699, -0.02141851
0.62993258, 0.71694082, 0.29850155
0.81555223, 0.25405198
-0.01363208, 0.07827699, -0.03341278
0.57780695, 0.57960755, -0.57460248
0.84333813, 0.24996603
0.01250928, 0.0071326, -0.01437331
-0.67464215, -0.06704917, -0.7350688
0.88481528, 0.49421561
0.01261451, -0.09399378, -0.0107768
-0.70586258, -0.02356029, -0.70793784
0.91031367, 0.25451124
0.01261451, -0.09399378, 0.0017397
-0.73958558, 0.0499588, 0.67116308
0.8813166, 0.25026697
0.01255021, 0.07827699, -0.03341278
-0.5017243, 0.61680961, -0.60640275
0.90511549, 0.66844493
0.01255021, 0.07827699, -0.02141851
-0.59279156, 0.75627917, 0.27677235
0.87732828, 0.66437778
0.01255021, 0.04368769, -0.00687308
-0.76516008, 0.03985717, 0.64256722
0.8552047, 0.57787582
0.01250928, 0.0071326, -0.00185683
-0.73793757, 0.05740532, 0.6724143
0.85581821, 0.48997134
0.01257944, -0.07841572, 0.0005409
-0.95556504, 0.24481948, 0.16406751
0.91031379, 0.31264269
0.0125446, -0.04856606, -0.00406889
-0.57670826, -0.55446029, 0.59993285
0.87957782, 0.35936928
-0.01363792, -0.0484585, -0.00065802
0.95327616, -0.23316142, 0.19196142
0.91502953, 0.66896346
0.02361828, 0.31830513, -0.00997051
0.50679034, 0.66884363, 0.54383981
0.62488514, 0.6685876
0.02269543, 0.31553695, -0.00997051
0.64030886, -0.39426863, 0.65916926
0.57645351, 0.66873774
0.01202122, 0.3104316, -0.00997051
-0.57734919, -0.57734919, 0.57734919
0.25711027, 0.41608787
0.01558934, 0.3104316, -0.01485652
0.14923552, -0.73195595, -0.66475415
0.63394707, 0.09604836
0.01202122, 0.3104316, -0.01485652
-0.57734919, -0.57734919, -0.57734919
0.63394701, 0.10455114
0.01202122, 0.31830513, -0.01485652
-0.40144047, 0.72981966, -0.55330056
0.65238553, 0.10455132
0.02269543, 0.31553695, -0.01485652
0.64030886, -0.39426863, -0.65916926
0.64590287, 0.07911485
0.02361828, 0.31830513, -0.01485652
0.50679034, 0.66884363, -0.54383981
0.65238553, 0.0769158
0.01202122, 0.31830513, -0.00997051
-0.40144047, 0.72981966, 0.55330056
0.86917126, 0.06970572
-0.00426396, 0.17516403, 0.06982511
0.31101412, 0.62727743, -0.71395004
0.24468203, 0.43484801
0.02071348, 0.17516403, 0.06169221
0.31101412, 0.62727743, -0.71395004
0.60950661, 0.26111108
0.01414152, 0.17516403, 0.04838244
0.71971798, 0.63267922, 0.28577533
0.60939592, 0.2933135
0.00394144, 0.17516403, 0.06982511
-0.31281471, 0.62691122, -0.71352273
0.79967618, 0.12427998
0.00381309, 0.17516403, 0.04940918
-0.31009859, 0.62746054, 0.71419418
0.83209729, 0.0885579
0.0104391, 0.17516403, 0.06277223
-0.72060305, 0.63365579, -0.28131962
0.82207048, 0.12257808
0.0104391, 0.17516403, 0.05650071
-0.72005373, 0.63307595, 0.28403577
0.83209729, 0.11166883
-0.01083592, 0.17516403, 0.0627577
0.72023684, 0.63325906, -0.28312021
0.78568971, 0.0879553
0.04306478, 0.17813516, 0.05830104
0.60951567, 0.65520185, 0.44624165
0.39633745, 0.41174245
0.02891888, 0.17781755, 0.06169221
-0.25089267, 0.79219949, -0.55623037
0.42224246, 0.43423569
0.03541654, 0.17781755, 0.05463932
-0.57835627, 0.78411204, -0.22495194
0.3999382, 0.43157786
-0.04414174, 0.17813516, 0.05830104
-0.60933256, 0.65544605, 0.44615009
0.51636624, 0.57981938
-0.01719344, 0.17813516, 0.0778802
-0.23447371, 0.65221107, 0.72081667
0.51636624, 0.50049382
-0.03012154, 0.17781755, 0.06169221
0.25022125, 0.79134494, -0.5577563
0.50350422, 0.54802686
-0.03669348, 0.17781755, 0.05462479
0.57756281, 0.78438675, -0.2260506
0.49916109, 0.57057899
-0.01083591, 0.17781755, 0.05651525
0.55720693, 0.80031741, 0.22125919
0.46715268, 0.51809824
-0.01541847, 0.17781755, 0.05463932
-0.56035036, 0.79879147, -0.21875668
0.46990624, 0.5295544
-0.01083591, 0.17781755, 0.0627577
0.56089967, 0.79598379, -0.22748497
0.4789784, 0.50936642
-0.02191612, 0.17781755, 0.06169221
-0.23371075, 0.80422378, -0.54640341
0.49221045, 0.53221217
0.02071347, 0.17781755, 0.06169221
0.23276468, 0.80361336, -0.54768515
0.43353617, 0.45005029
0.01414152, 0.17781755, 0.05462479
0.55909908, 0.79940182, -0.21976379
0.42919305, 0.47260249
0.0104391, 0.17781755, 0.06277223
-0.56218147, 0.79531235, -0.22666097
0.44972354, 0.46834183
0.0104391, 0.17781755, 0.05650071
-0.55845821, 0.79973751, 0.2202826
0.43784273, 0.47711432
-0.02191613, 0.17516403, 0.06169221
-0.31281471, 0.62691122, -0.71352273
0.5229528, 0.14073986
-0.02204449, 0.17516403, 0.04127616
-0.31009859, 0.62746054, 0.71419418
0.55537355, 0.10501713
-0.01541847, 0.17516403, 0.05463932
-0.72060305, 0.63365579, -0.28131962
0.54534703, 0.13903767
-0.01541847, 0.17516403, 0.04836791
-0.72005373, 0.63307595, 0.28403577
0.55537355, 0.12812847
-0.03669348, 0.17516403, 0.05462479
0.72023684, 0.63325906, -0.28312021
0.50896585, 0.10441542
-0.04414174, 0.17813516, -0.00505819
-0.61787772, 0.64592427, -0.44825587
0.39633808, 0.66844493
-0.05443506, 0.17813516, 0.02662142
-0.76168096, 0.64790797, 0.00140385
0.47051966, 0.64397097
-0.02999315, 0.17781755, 0.04127616
0.23642689, 0.8049562, 0.54414505
0.46465117, 0.57633695
-0.03669348, 0.17781755, 0.04838244
0.57051301, 0.79186374, 0.21774957
0.48733553, 0.57931063
-0.00053849, 0.17813516, -0.02727508
0.0, 0.67513049, -0.73766291
0.29423583, 0.61548299
-0.01719344, 0.17813516, -0.02463726
-0.28772852, 0.6598407, -0.69411296
0.32215634, 0.64389309
0.04306472, 0.17813516, -0.00505819
0.61787772, 0.64592427, -0.44825587
0.27630931, 0.50036812
0.0161164, 0.17813516, -0.02463726
0.28772852, 0.6598407, -0.69411296
0.27630955, 0.57969356
0.02084184, 0.17781755, 0.04127616
0.23255104, 0.80657369, 0.54344308
0.39468318, 0.47836041
0.0533581, 0.17813516, 0.02662142
0.76171148, 0.64787745, 0.00137333
0.32215586, 0.43621647
0.03541654, 0.17781755, 0.04836791
-0.57148963, 0.79140598, 0.21689504
0.38805759, 0.44035017
0.02879052, 0.17781755, 0.04127616
-0.23734245, 0.80556655, 0.54286325
0.38374281, 0.46304059
0.01414152, 0.17781755, 0.04838244
0.55720693, 0.80031741, 0.22125919
0.41736752, 0.48133415
0.00381309, 0.17781755, 0.04940918
-0.2342906, 0.80861843, 0.53959775
0.43352836, 0.49980438
0.02891888, 0.17516403, 0.06169221
-0.31281471, 0.62691122, -0.71352273
0.10928146, 0.1297726
0.02879052, 0.17516403, 0.04127616
-0.31009859, 0.62746054, 0.71419418
0.1417022, 0.09404993
0.03541654, 0.17516403, 0.05463932
-0.72060305, 0.63365579, -0.28131962
0.13167571, 0.12807041
0.03541654, 0.17516403, 0.04836791
-0.72005373, 0.63307595, 0.28403577
0.1417022, 0.11716115
0.01414152, 0.17516403, 0.05462479
0.72023684, 0.63325906, -0.28312021
0.09529447, 0.09344816
0.00394144, 0.17516403, 0.06982511
-0.31281471, 0.62691122, -0.71352273
0.9107334, 0.19768441
-0.02204449, 0.17516403, 0.04127616
-0.31009859, 0.62746054, 0.71419418
0.60653204, 0.66858774
0.02891888, 0.17516403, 0.06169221
-0.31281471, 0.62691122, -0.71352273
0.59410411, 0.68814084
0.02891888, 0.17516403, 0.06169221
-0.31281471, 0.62691122, -0.71352273
0.91009587, 0.11737919
-0.03669348, 0.17516403, 0.04838244
0.71971798, 0.63270974, 0.28577533
0.60939592, 0.24469543
0.00381309, 0.17516403, 0.04940918
-0.31009859, 0.62746054, 0.71419418
0.59410417, 0.68752888
-0.03012154, 0.17516403, 0.06169221
0.31101412, 0.62727743, -0.71395004
0.25711024, 0.41529477
-0.02191613, 0.17516403, 0.06169221
-0.31281471, 0.62691122, -0.71352273
0.90729815, 0.77996974
0.02879052, 0.17516403, 0.04127616
-0.31009859, 0.62746054, 0.71419418
0.61274594, 0.66858774
-0.01083592, 0.17516403, 0.05651525
0.71971798, 0.63267922, 0.28580585
0.60939592, 0.19607782
-0.02204449, 0.17516403, 0.04127616
-0.31009859, 0.62746054, 0.71419418
0.90729815, 0.73133555
-0.01529391, 0.07827699, -0.03341278
-0.57780695, 0.57960755, -0.57460248
0.98776901, 0.66844493
-0.01529391, 0.07827699, -0.03341278
-0.57780695, 0.57960755, -0.57460248
0.65869451, 0.10075325
-0.01529391, 0.06362492, -0.00687308
-0.63054293, 0.29569384, 0.71758169
0.99610823, 0.29276538
0.01430637, 0.06335291, -0.00663004
0.60097051, 0.27048555, 0.75209814
0.69804084, 0.77894565
-0.01529391, 0.07827699, -0.02141851
-0.62993258, 0.71694082, 0.29850155
0.75384891, 0.66445151
-0.01529391, 0.07827699, -0.03341278
-0.57780695, 0.57960755, -0.57460248
0.78164649, 0.66844493
-0.01529391, 0.06362492, -0.03354032
-0.64391005, -0.229194, -0.72994173
0.78675622, 0.63392147
-0.01529391, 0.06362492, -0.00687308
-0.63054293, 0.29569384, 0.71758169
0.724953, 0.62504277
-0.01522961, -0.09411782, 0.00196189
-0.64659566, 0.05590991, 0.76076543
0.75630134, 0.24996495
-0.01533484, 0.0071326, -0.00185683
-0.69463181, 0.05682547, 0.71706289
0.73189181, 0.49010283
-0.01522961, -0.09411782, -0.01117897
-0.63234353, -0.0250557, -0.77425456
0.78675622, 0.25434011
0.01430637, 0.07800499, -0.02117535
0.65981019, 0.6794641, 0.32078004
0.69204754, 0.25387925
0.01430637, 0.06335291, -0.00663004
0.60097051, 0.27048555, 0.75209814
0.66315365, 0.2933169
0.01430637, 0.06335291, -0.03329716
0.67281103, -0.24787134, -0.69701225
0.724953, 0.2843917
0.01426544, 0.0068606, -0.00161367
0.64754176, 0.05575732, 0.7599414
0.67009211, 0.42828166
0.01437067, -0.0943898, 0.00220494
0.67097998, 0.05499435, 0.73940247
0.69450015, 0.66844493
0.01437067, -0.0943898, -0.01093579
0.73790705, -0.02050844, -0.67455059
0.724953, 0.66404685
0.01430637, 0.07800499, -0.03316964
0.6533708, 0.53471482, -0.53584397
0.71984357, 0.24986488
0.01261451, -0.09399378, 0.0017397
-0.73958558, 0.0499588, 0.67116308
0.99183136, 0.66751137
-0.01533484, 0.0071326, -0.00185683
-0.69463181, 0.05682547, 0.71706289
0.9959392, 0.42726493
0.01437067, -0.0943898, -0.01093579
0.73790705, -0.02050844, -0.67455059
0.25722241, 0.0
-0.01356777, -0.09407988, 0.0017397
0.73137605, 0.05383465, 0.6797998
1.0, 0.66836008
-0.01360261, -0.07860944, -0.00286997
0.57634205, 0.60090947, 0.5537889
0.8250457, 0.63038772
0.01254436, -0.04842974, -0.00065802
-0.95797598, -0.23068941, 0.17041536
0.0613153, 0.19285667
0.02000239, -0.07570308, -0.02821309
0.57469404, 0.60698265, -0.54887539
0.81765568, 0.6824432
0.01919198, -0.10086972, 0.0635557
0.56968904, -0.60585344, 0.55531478
0.00024726, 0.41158956
-0.02056433, -0.10004593, -0.02858583
-0.56666768, -0.6020081, -0.56251717
0.09524088, 0.19285673
-0.02137474, -0.09507728, 0.0631828
-0.60191655, 0.47782829, 0.63975954
0.79482305, 0.77994256
-0.02056433, -0.07603616, -0.02858583
-0.57090974, 0.60213017, -0.55806148
0.79482305, 1.0
-0.02137474, -0.10120282, 0.0631828
-0.574633, -0.61116368, 0.5442366
0.89331454, 0.77958062
-0.02056433, -0.07603616, -0.02858583
-0.57090974, 0.60213017, -0.55806148
0.27630931, 0.26083583
-0.02083446, -0.09760634, 0.00546597
-0.71794796, -0.695822, 0.01834162
0.32580972, 0.17915016
-0.02056433, -0.10004593, -0.02858583
-0.56666768, -0.6020081, -0.56251717
0.33252582, 0.2601524
-0.02137474, -0.10120282, 0.0631828
-0.574633, -0.61116368, 0.5442366
0.33252576, 0.04164016
0.01973226, -0.0972731, 0.00583875
0.71452987, -0.69911802, 0.02533036
0.9056406, 0.86247349
0.02000239, -0.09971283, -0.02821309
0.58061463, -0.59697258, -0.55357522
0.91235918, 0.78147219
0.02000239, -0.07570308, -0.02821309
0.57469404, 0.60698265, -0.54887539
0.85613775, 0.78073381
0.01919198, -0.10086972, 0.0635557
0.56968904, -0.60585344, 0.55531478
0.91235918, 1.0
# Number of Faces:
545
# Face Data:
0, 1, 2
3, 4, 5
6, 7, 8
9, 7, 10
11, 12, 13
14, 15, 16
17, 18, 19
20, 21, 22
23, 24, 25
26, 27, 28
29, 30, 31
32, 33, 34
35, 36, 37
38, 39, 40
41, 42, 43
44, 45, 46
47, 48, 49
50, 51, 52
53, 54, 55
56, 57, 58
59, 60, 61
57, 62, 59
63, 64, 65
12, 66, 67
68, 69, 70
67, 71, 72
73, 74, 75
76, 77, 78
79, 80, 81
82, 83, 84
85, 86, 87
88, 89, 90
90, 91, 92
93, 94, 95
93, 96, 97
97, 98, 99
99, 100, 101
101, 102, 103
81, 85, 87
104, 105, 106
107, 108, 105
109, 110, 111
112, 113, 79
114, 115, 116
117, 118, 119
120, 121, 122
123, 124, 125
126, 127, 128
129, 130, 131
131, 132, 133
134, 135, 136
137, 138, 139
140, 141, 126
142, 143, 144
145, 146, 147
148, 149, 150
151, 152, 153
154, 155, 156
157, 158, 159
160, 161, 162
163, 164, 165
166, 118, 167
168, 169, 170
171, 170, 169
172, 32, 34
33, 173, 174
175, 176, 24
25, 177, 23
178, 179, 180
181, 14, 182
183, 184, 185
186, 187, 188
189, 190, 191
192, 193, 194
195, 196, 197
195, 198, 189
199, 200, 201
201, 202, 203
203, 204, 205
205, 206, 207
207, 208, 209
209, 210, 211
211, 212, 213
214, 215, 216
217, 218, 219
220, 221, 222
223, 224, 225
226, 227, 220
228, 229, 230
231, 232, 233
234, 235, 215
236, 237, 224
229, 238, 230
239, 240, 241
241, 242, 243
244, 245, 246
247, 248, 249
250, 251, 252
253, 254, 255
65, 256, 257
258, 259, 260
261, 262, 263
264, 265, 266
267, 268, 269
270, 271, 272
273, 274, 275
276, 277, 278
279, 280, 281
282, 283, 284
285, 286, 276
287, 288, 289
290, 291, 292
293, 294, 295
296, 297, 298
299, 300, 301
302, 303, 304
305, 306, 307
308, 309, 310
311, 312, 313
314, 315, 316
317, 318, 319
320, 321, 314
16, 322, 323
324, 325, 326
327, 328, 320
329, 330, 331
332, 333, 334
319, 335, 336
337, 338, 317
339, 340, 341
342, 343, 344
343, 345, 344
346, 347, 348
349, 350, 351
352, 353, 354
355, 356, 357
358, 359, 360
345, 361, 362
363, 364, 365
366, 367, 368
369, 370, 371
372, 373, 374
375, 376, 377
378, 379, 380
381, 382, 383
384, 383, 385
382, 386, 387
388, 389, 390
391, 392, 393
394, 365, 379
395, 396, 397
398, 399, 370
400, 401, 402
403, 377, 389
404, 405, 406
407, 406, 408
405, 409, 410
411, 369, 371
412, 413, 414
413, 415, 414
416, 417, 418
419, 420, 416
421, 422, 423
424, 425, 426
307, 427, 305
428, 429, 430
431, 432, 433
430, 434, 435
436, 437, 438
439, 440, 441
442, 443, 444
445, 446, 447
422, 448, 423
449, 450, 451
452, 453, 306
451, 454, 455
456, 457, 458
459, 460, 461
462, 463, 464
465, 466, 467
468, 469, 470
471, 472, 473
471, 468, 470
474, 475, 476
477, 474, 476
478, 479, 480
481, 482, 483
484, 485, 486
487, 488, 2
489, 0, 2
490, 491, 1
2, 488, 489
490, 1, 0
3, 492, 4
493, 8, 7
146, 6, 8
7, 494, 493
9, 494, 7
11, 495, 12
14, 496, 15
17, 21, 18
20, 18, 21
23, 175, 24
26, 497, 27
29, 498, 30
32, 499, 33
500, 501, 502
502, 35, 37
37, 500, 502
38, 503, 39
41, 504, 42
505, 506, 507
507, 508, 505
509, 510, 46
508, 509, 505
508, 511, 509
46, 512, 44
505, 509, 46
513, 514, 45
44, 515, 513
505, 46, 45
513, 45, 44
47, 516, 48
50, 517, 51
518, 519, 520
520, 521, 522
521, 523, 522
524, 525, 518
518, 520, 522
53, 526, 54
54, 527, 55
55, 528, 524
524, 518, 522
522, 53, 524
55, 524, 53
56, 529, 57
59, 62, 60
57, 529, 62
63, 530, 64
12, 495, 66
69, 531, 532
70, 533, 68
69, 532, 70
67, 66, 71
73, 534, 74
76, 535, 77
79, 113, 80
536, 537, 84
82, 538, 539
540, 541, 539
539, 542, 83
83, 543, 84
84, 537, 82
538, 540, 539
539, 83, 82
85, 544, 86
88, 545, 89
90, 89, 91
93, 546, 94
93, 95, 96
97, 96, 98
99, 547, 100
101, 100, 102
81, 80, 85
104, 107, 105
107, 548, 108
109, 549, 110
112, 550, 113
114, 551, 115
117, 167, 118
552, 553, 554
122, 555, 556
556, 120, 122
121, 554, 553
553, 122, 121
123, 557, 124
126, 141, 127
129, 558, 130
131, 130, 132
134, 559, 135
137, 560, 138
140, 561, 141
142, 562, 143
145, 6, 146
148, 563, 149
151, 564, 152
154, 565, 155
157, 566, 158
160, 567, 161
163, 568, 164
167, 569, 570
570, 166, 167
168, 571, 169
171, 572, 170
172, 573, 32
33, 499, 173
175, 574, 176
25, 575, 177
576, 577, 578
578, 180, 179
579, 178, 180
179, 580, 578
576, 578, 580
181, 496, 14
581, 582, 583
583, 185, 581
183, 584, 184
585, 184, 584
581, 185, 184
586, 587, 588
188, 589, 590
590, 186, 188
187, 588, 587
587, 188, 187
189, 198, 190
194, 591, 592
592, 192, 194
593, 193, 192
195, 594, 196
195, 197, 198
199, 595, 200
201, 200, 202
203, 202, 204
205, 204, 206
207, 206, 208
209, 208, 210
211, 210, 212
214, 234, 215
596, 219, 218
217, 597, 218
218, 598, 596
220, 227, 221
223, 236, 224
226, 599, 227
228, 600, 229
231, 601, 232
234, 602, 235
236, 603, 237
229, 604, 238
239, 605, 240
241, 240, 242
244, 606, 245
607, 608, 249
249, 609, 247
247, 610, 611
610, 612, 611
607, 249, 248
613, 614, 248
247, 611, 248
248, 614, 607
615, 252, 616
617, 250, 252
618, 619, 251
620, 621, 622
250, 618, 251
251, 620, 616
616, 252, 251
620, 622, 616
253, 623, 254
65, 64, 256
258, 624, 625
260, 626, 627
626, 628, 627
258, 625, 259
260, 627, 258
261, 629, 262
264, 630, 265
267, 631, 268
270, 632, 271
273, 633, 274
634, 635, 276
276, 286, 277
278, 634, 276
281, 636, 637
279, 638, 280
281, 637, 279
282, 639, 283
285, 640, 286
287, 641, 288
290, 642, 291
293, 643, 294
459, 644, 645
459, 645, 461
298, 646, 647
461, 645, 647
296, 648, 297
461, 647, 646
649, 297, 648
298, 647, 296
648, 650, 649
651, 652, 308
652, 653, 310
654, 300, 655
301, 651, 656
308, 657, 651
652, 310, 308
655, 300, 299
656, 299, 301
651, 657, 656
302, 658, 303
305, 452, 306
308, 659, 309
311, 660, 312
314, 321, 315
317, 338, 318
320, 328, 321
16, 15, 322
324, 661, 325
327, 662, 328
329, 663, 330
664, 665, 334
665, 666, 334
667, 333, 332
332, 668, 667
664, 334, 333
319, 318, 335
337, 669, 338
339, 670, 340
342, 671, 343
343, 672, 345
348, 673, 674
675, 676, 674
674, 346, 348
347, 677, 348
673, 675, 674
351, 678, 679
678, 680, 679
681, 682, 683
683, 684, 681
685, 686, 687
683, 682, 688
687, 686, 688
351, 679, 689
689, 690, 691
690, 692, 691
687, 688, 682
350, 687, 682
351, 689, 691
351, 691, 349
350, 682, 351
354, 693, 694
695, 696, 694
694, 352, 354
353, 697, 354
693, 695, 694
698, 699, 700
681, 684, 701
699, 681, 701
702, 703, 357
704, 705, 706
678, 707, 708
708, 680, 678
708, 707, 709
705, 702, 706
699, 701, 700
698, 700, 357
709, 707, 704
706, 709, 704
703, 698, 357
355, 686, 685
702, 357, 706
710, 706, 711
692, 690, 710
711, 692, 710
706, 357, 356
355, 685, 356
356, 711, 706
360, 712, 713
714, 715, 713
713, 358, 360
359, 716, 360
712, 714, 713
345, 672, 361
363, 717, 364
366, 718, 367
369, 398, 370
372, 719, 373
375, 720, 376
378, 394, 379
381, 721, 382
384, 381, 383
382, 721, 386
388, 403, 389
391, 722, 392
394, 363, 365
395, 723, 396
398, 724, 399
400, 725, 401
403, 375, 377
404, 726, 405
407, 404, 406
405, 726, 409
411, 727, 369
412, 449, 413
413, 728, 415
416, 420, 417
419, 729, 420
421, 730, 422
424, 431, 425
307, 437, 427
428, 731, 429
431, 424, 432
430, 429, 434
436, 427, 437
732, 733, 734
732, 734, 735
440, 735, 441
736, 737, 738
439, 738, 737
734, 441, 735
737, 440, 439
739, 740, 741
444, 742, 442
743, 744, 742
443, 741, 740
744, 442, 742
740, 444, 443
741, 745, 739
447, 433, 445
432, 445, 433
446, 746, 447
422, 747, 448
449, 412, 450
452, 748, 453
451, 450, 454
458, 448, 747
747, 456, 458
749, 457, 456
459, 750, 460
462, 751, 463
465, 752, 466
468, 753, 469
471, 754, 472
471, 473, 468
474, 755, 475
477, 756, 474
478, 757, 479
483, 758, 759
758, 760, 759
761, 482, 481
483, 759, 481
762, 763, 764
764, 484, 762
485, 765, 486
486, 762, 484
