# Project Zomboid Skinned Mesh
# File Version:
1.0
# Model Name:
Cube
# Vertex Stride Element Count:
3
# Vertex Stride Size (in bytes):
76
# Vertex Stride Data:
# (Int)    Offset
# (String) Type
0
VertexArray
12
NormalArray
24
TextureCoordArray
# Vertex Count:
460
# Vertex Buffer:
-0.01336054, 0.07843199, 0.0196348
-0.70708334, 0.0, 0.70708334
0.51398903, 0.36063999
0.01402111, 0.03627305, 0.01963479
0.87694937, 0.29920346, 0.37604907
0.41654283, 0.2092756
0.0140211, 0.07843199, 0.01963481
0.70708334, 0.0, 0.70708334
0.41654283, 0.36063993
0.01639338, 0.04930048, -0.05388049
0.80025637, -0.557329, -0.22116764
1e-08, 0.16607475
-0.01628266, 0.04930046, -0.0538805
-0.80025637, -0.557329, -0.22116764
0.11628796, 0.16607469
0.00550137, 0.04930048, -0.0560207
-0.11960204, -0.75017548, -0.65031892
0.03876265, 0.15839779
0.01639331, 0.1290707, -0.04835448
0.66478467, 0.59239477, -0.4550615
0.63027698, 0.52262184
-0.0162827, 0.12907067, -0.04835448
-0.66765344, 0.59144872, -0.45204017
0.74656487, 0.52262181
-0.01336057, 0.12907067, 0.01963481
-0.56904811, 0.57628101, 0.58656573
0.7361654, 0.27867496
-0.01336052, 0.03627303, 0.01963478
-0.87694937, 0.29920346, 0.37604907
0.11628802, 0.14450932
0.01402111, 0.02851763, 0.053279
0.59019744, 0.50260931, 0.63167208
0.21373415, 0.264103
0.01402111, 0.03627305, 0.01963479
0.87694937, 0.29920346, 0.37604907
0.21373418, 0.14450932
0.01267445, 0.12553658, 0.03591342
0.73369551, 0.66988128, -0.11368145
0.40334201, 0.44676
0.01267445, 0.13002038, 0.05136402
0.7078768, 0.67760247, -0.19922483
0.40328914, 0.38899982
0.01267446, 0.09182125, 0.05775113
0.69380778, -0.69621873, 0.1839961
0.26641551, 0.40534717
0.01639337, 0.01139508, -0.00576013
0.66100037, -0.75011444, 0.0184637
3e-08, 0.33231318
-0.01628266, 0.02663456, -0.02982032
-0.71193576, -0.56355482, -0.4189581
0.11628796, 0.24857002
0.01639337, 0.02663457, -0.02982031
0.70720541, -0.56559956, -0.42411572
3e-08, 0.24857002
-0.01336055, 0.07831784, -0.00576013
-0.89141512, -0.29850155, 0.34092227
0.53283083, 0.14326924
0.01402111, 0.04221995, -0.00576013
0.84838402, 0.30976287, 0.42924285
0.63027698, 0.27287245
0.0140211, 0.07831784, -0.00576013
0.89400923, -0.29902035, 0.33359784
0.63027704, 0.1432693
-0.01336054, 0.02851759, 0.053279
-0.59019744, 0.50260931, 0.63167208
0.51214212, 0.11094981
0.01402112, 0.00165036, 0.053279
0.56447035, -0.65681934, 0.49992371
0.41654283, 0.2092756
0.01402111, 0.02851763, 0.053279
0.59019744, 0.50260931, 0.63167208
0.51214218, 0.2092756
-0.01336052, 0.03735199, 0.01523305
-0.92986846, 0.28800318, -0.22885831
0.04233607, 0.04519647
0.01402111, 0.04221995, -0.00576013
0.84838402, 0.30976287, 0.42924285
0.11628795, 0.1435222
-0.01336053, 0.04221992, -0.00576013
-0.8413648, 0.31223488, 0.44105351
0.11628796, 0.04519641
-0.01336052, 0.01562178, 0.00272061
-0.76754051, -0.61427653, 0.18295847
0.10588863, 0.36344385
0.01402112, 0.00165036, 0.053279
0.56447035, -0.65681934, 0.49992371
0.00844245, 0.54244927
-0.01336053, 0.00165036, 0.053279
-0.56447035, -0.65681934, 0.49992371
0.10588864, 0.54244927
-0.01628265, 0.01139505, -0.00576014
-0.67055267, -0.74111146, 0.03250221
0.11628795, 0.33231318
0.01402109, 0.07831784, 0.01523309
0.90450758, -0.30149236, -0.30149236
0.11628795, 0.04618359
-0.01336055, 0.07831784, -0.00576013
-0.89141512, -0.29850155, 0.34092227
0.19091707, 0.14450932
0.0140211, 0.07831784, -0.00576013
0.89400923, -0.29902035, 0.33359784
0.19091707, 0.04618359
-0.01336053, 0.04221992, -0.00576013
-0.8413648, 0.31223488, 0.44105351
0.19380181, 0.85432982
-0.01628265, 0.01139505, -0.00576014
-0.67055267, -0.74111146, 0.03250221
0.19358991, 0.96500562
-0.01336052, 0.01562178, 0.00272061
-0.76754051, -0.61427653, 0.18295847
0.22397961, 0.94984021
-0.01628268, 0.07831784, -0.04835448
-0.83199561, 0.0, -0.55473495
0.04202975, 0.72469935
-0.01628267, 0.05399926, -0.04835448
-0.94152653, 0.23386334, -0.24243903
0.04203235, 0.8120257
-0.01336055, 0.07831784, -0.00576013
-0.89141512, -0.29850155, 0.34092227
0.1937979, 0.72470462
0.01402109, 0.07831784, 0.01523309
0.90450758, -0.30149236, -0.30149236
0.72772318, 0.2786749
-0.01336052, 0.03735199, 0.01523305
-0.92986846, 0.28800318, -0.22885831
0.63027704, 0.13156915
-0.01336054, 0.07831784, 0.01523308
-0.90450758, -0.30149236, -0.30149236
0.63027698, 0.2786749
0.01267446, 0.12465969, 0.01963482
0.31546983, 0.30457473, 0.89870906
0.42133519, 0.52661243
-0.01336057, 0.12907067, 0.01963481
-0.56904811, 0.57628101, 0.58656573
0.51398903, 0.54244927
-0.01214407, 0.12465966, 0.01963482
-0.31546983, 0.30457473, 0.89870906
0.50965977, 0.52661234
0.01267447, 0.0861278, 0.01963481
0.276986, -0.29392377, 0.9147923
0.42133519, 0.38827038
0.01402108, 0.12907067, 0.01963482
0.57060456, 0.57646412, 0.58482617
0.41654283, 0.54244927
-0.01214405, 0.08612779, 0.0196348
-0.276986, -0.29392377, 0.9147923
0.50965971, 0.38827038
-0.01214406, 0.10626122, 0.0945207
-0.57826471, -0.28940701, 0.76274914
0.74656492, 0.27045017
0.01267445, 0.14190669, 0.07886133
0.57188636, 0.77929014, 0.25614184
0.83488941, 0.14143389
-0.01214408, 0.14190669, 0.07886133
-0.57188636, 0.77929014, 0.25614184
0.74656487, 0.14143384
-0.01214406, 0.0981054, 0.07680929
-0.6946013, -0.66936249, 0.26349682
0.11879699, 0.47320849
-0.01214408, 0.13423544, 0.06551642
-0.73412275, 0.62388986, -0.26789147
0.25348234, 0.47056741
-0.01214408, 0.13002038, 0.05136402
-0.7078768, 0.67760247, -0.19922483
0.25316185, 0.41755193
0.01267446, 0.09810542, 0.07680929
0.6946013, -0.66936249, 0.26349682
0.74656487, 0.47754788
-0.01214406, 0.10626122, 0.0945207
-0.57826471, -0.28940701, 0.76274914
0.83488941, 0.54244927
-0.01214406, 0.0981054, 0.07680929
-0.6946013, -0.66936249, 0.26349682
0.83488941, 0.47754794
-0.01214408, 0.13423544, 0.06551642
-0.73412275, 0.62388986, -0.26789147
0.89602375, 0.83399002
0.01267445, 0.14190669, 0.07886133
0.57188636, 0.77929014, 0.25614184
0.8076992, 0.78499795
0.01267445, 0.13423544, 0.06551642
0.73412275, 0.62388986, -0.26789147
0.8076992, 0.83399002
-0.01214407, 0.12465966, 0.01963482
-0.31546983, 0.30457473, 0.89870906
0.89602375, 1.0
0.01267445, 0.12553658, 0.03591342
0.73369551, 0.66988128, -0.11368145
0.8076992, 0.94146516
0.01267446, 0.12465969, 0.01963482
0.31546983, 0.30457473, 0.89870906
0.8076992, 0.99999997
-0.01214407, 0.12553658, 0.03591341
-0.73369551, 0.66988128, -0.11368145
0.89602375, 0.9414652
0.01267445, 0.13002038, 0.05136402
0.7078768, 0.67760247, -0.19922483
0.8076992, 0.88537917
-0.01214408, 0.13002038, 0.05136402
-0.7078768, 0.67760247, -0.19922483
0.89602375, 0.88537917
0.01267447, 0.0861278, 0.01963481
0.276986, -0.29392377, 0.9147923
0.74656492, 0.27045017
-0.01214405, 0.08799319, 0.03869297
-0.69594407, -0.71022677, 0.10580767
0.83488941, 0.33912539
-0.01214405, 0.08612779, 0.0196348
-0.276986, -0.29392377, 0.9147923
0.83488947, 0.27045023
0.01267447, 0.0879932, 0.03869297
0.69594407, -0.71022677, 0.10580767
0.74656492, 0.33912534
-0.01214406, 0.09182124, 0.05775113
-0.69380778, -0.69621873, 0.1839961
0.83488941, 0.40813023
0.01267446, 0.09182125, 0.05775113
0.69380778, -0.69621873, 0.1839961
0.74656492, 0.40813023
0.01565952, 0.12934762, -0.02109955
0.77636033, -0.63023776, 0.0
0.28689119, 0.1628257
0.00039828, 0.12934762, -0.0058383
0.0, -0.63023776, 0.77636033
0.21599557, 0.19253504
-0.01486296, 0.12934762, -0.02109955
-0.77636033, -0.63023776, 0.0
0.24536146, 0.26410306
0.00039828, 0.15447286, -0.03238242
0.0, 0.0, -1.0
0.93313527, 0.05500972
0.00837648, 0.16671155, -0.02907774
0.54896694, 0.63023776, -0.54896694
0.97669053, 0.02636051
0.00837648, 0.15447286, -0.02907774
0.70708334, 0.0, -0.70708334
0.93313527, 0.02636051
0.00039828, 0.15447286, -0.03636079
0.0, 0.63023776, -0.77636033
0.66868132, 0.13156915
0.01118961, 0.12934762, -0.03189087
0.54896694, -0.63023776, -0.54896694
0.70708567, 0.04134601
0.00039828, 0.12934762, -0.03636079
0.0, -0.63023776, -0.77636033
0.66868132, 0.04134601
0.00039828, 0.15447286, -0.0058383
0.0, 0.63023776, 0.77636033
0.84610355, 0.54274523
-0.01039305, 0.12934762, -0.01030822
-0.54896694, -0.63023776, 0.54896694
0.8076992, 0.63265684
0.00039828, 0.12934762, -0.0058383
0.0, -0.63023776, 0.77636033
0.84610355, 0.63295305
0.0111896, 0.15447286, -0.01030822
0.54896694, 0.63023776, 0.54896694
0.88450789, 0.54244906
0.01118961, 0.12934762, -0.01030822
0.54896694, -0.63023776, 0.54896694
0.88450789, 0.6326569
-0.01039304, 0.12934762, -0.03189088
-0.54896694, -0.63023776, -0.54896694
0.63027704, 0.04134601
0.01565952, 0.15447286, -0.02109955
0.77636033, 0.63023776, 0.0
0.57089627, 0.14326924
0.01118961, 0.12934762, -0.01030822
0.54896694, -0.63023776, 0.54896694
0.60962284, 0.05302161
0.01565952, 0.12934762, -0.02109955
0.77636033, -0.63023776, 0.0
0.57089627, 0.05304629
-0.01486296, 0.15447286, -0.02109955
-0.77636033, 0.63023776, 0.0
0.79682255, 0.14143384
-0.01039304, 0.12934762, -0.03189088
-0.54896694, -0.63023776, -0.54896694
0.83488941, 0.05118787
-0.01486296, 0.12934762, -0.02109955
-0.77636033, -0.63023776, 0.0
0.79682255, 0.05121076
0.01118961, 0.15447286, -0.03189087
0.54896694, 0.63023776, -0.54896694
0.53283077, 0.14324206
0.01118961, 0.12934762, -0.03189087
0.54896694, -0.63023776, -0.54896694
0.53283083, 0.05301911
-0.01039305, 0.15447286, -0.01030822
-0.54896694, 0.63023776, 0.54896694
0.75809723, 0.14141315
-0.01039305, 0.12934762, -0.01030822
-0.54896694, -0.63023776, 0.54896694
0.75809717, 0.05119002
0.00039826, 0.25662291, -0.04990693
0.0, 0.0, -1.0
0.88694322, 0.54244927
0.00527385, 0.12887505, -0.04788741
0.70708334, 0.0, -0.70708334
0.90429455, 0.08371466
0.00039829, 0.12887505, -0.04990694
0.0, 0.0, -1.0
0.88694328, 0.08371466
0.00039828, 0.12887505, -0.03611675
0.0, 0.0, 1.0
0.0, 1.0
-0.00447728, 0.12887505, -0.03813628
-0.19507432, 0.0, 0.98077333
0.0, 1.0
-0.0044773, 0.25662291, -0.04788741
-0.70708334, 0.0, -0.70708334
0.86959195, 0.54244927
-0.00447728, 0.12887505, -0.04788741
-0.70708334, 0.0, -0.70708334
0.86959207, 0.08371466
0.00729335, 0.25662291, -0.04301184
0.99996948, 0.0, 0.0
0.9214927, 0.54244927
0.00527385, 0.12887505, -0.03813628
0.4928129, 0.0, 0.87011319
0.93898952, 0.08370417
0.00729338, 0.12887505, -0.04301184
1.0, 0.0, 0.0
0.92149264, 0.08371526
-0.00649683, 0.25662291, -0.04301184
-1.0, 0.0, 0.0
0.95648581, 0.54244927
-0.00447728, 0.12887505, -0.04788741
-0.70708334, 0.0, -0.70708334
0.97368449, 0.08370477
-0.00649681, 0.12887505, -0.04301184
-1.0, 0.0, 0.0
0.95648575, 0.08371514
0.00527383, 0.25662291, -0.04788741
0.70708334, 0.0, -0.70708334
0.90429455, 0.54243696
-0.0044773, 0.25662291, -0.03813628
-0.70708334, 0.0, 0.70708334
0.93898952, 0.54243997
-0.00447728, 0.12887505, -0.03813628
-0.55555892, 0.0, 0.83144629
0.93898952, 0.08370572
0.00039828, 0.16671155, -0.02941919
0.0, 0.0, -1.0
0.80181658, 0.03006285
0.00628115, 0.17600477, -0.02698241
0.54896694, 0.63023776, -0.54896694
0.83488941, 0.00893784
0.00628115, 0.16671155, -0.02698242
0.70708334, 0.0, -0.70708334
0.80181658, 0.00893784
0.00039827, 0.16671155, -0.00981667
0.0, 0.63023776, 0.77636033
0.75063354, 0.10291994
-0.00757993, 0.15447286, -0.01312135
-0.70708334, 0.0, 0.70708334
0.70730257, 0.07427073
0.00039828, 0.15447286, -0.00981667
0.0, 0.0, 0.99996948
0.70708567, 0.10291994
0.00837647, 0.16671155, -0.01312135
0.54896694, 0.63023776, 0.54896694
0.7508505, 0.13156915
0.00837648, 0.15447286, -0.01312135
0.70708334, 0.0, 0.70708334
0.70730257, 0.13156915
-0.00757992, 0.16671155, -0.02907775
-0.54896694, 0.63023776, -0.54896694
0.97669053, 0.08365893
-0.00757992, 0.15447286, -0.02907775
-0.70708334, 0.0, -0.70708334
0.93313527, 0.08365893
0.01168116, 0.16671155, -0.02109955
0.77636033, 0.63023776, 0.0
0.93313521, 0.05526251
0.00837648, 0.15447286, -0.01312135
0.70708334, 0.0, 0.70708334
0.88956189, 0.02637291
0.01168116, 0.15447286, -0.02109955
1.0, 0.0, 0.0
0.88958001, 0.05526257
-0.0108846, 0.16671155, -0.02109955
-0.77636033, 0.63023776, 0.0
0.70708567, 0.04587317
-0.00757992, 0.15447286, -0.02907775
-0.70708334, 0.0, -0.70708334
0.75065768, 0.07427067
-0.0108846, 0.15447286, -0.02109955
-0.99996948, 0.0, 0.0
0.75064093, 0.04587317
0.00837648, 0.16671155, -0.02907774
0.54896694, 0.63023776, -0.54896694
0.93311524, 0.08365893
0.00837648, 0.15447286, -0.02907774
0.70708334, 0.0, -0.70708334
0.88956004, 0.08365893
-0.00757993, 0.16671155, -0.01312135
-0.54896694, 0.63023776, 0.54896694
0.70710087, 0.01698452
-0.00757993, 0.15447286, -0.01312135
-0.70708334, 0.0, 0.70708334
0.75065601, 0.01698452
0.00039825, 0.29682466, -0.02632922
0.0, 0.63023776, -0.77636033
0.93550545, 1.0
0.00409629, 0.17600477, -0.02479755
0.70708334, 0.0, -0.70708334
0.9486661, 0.56614339
0.00039827, 0.17600477, -0.02632932
0.0, 0.0, -1.0
0.93550557, 0.56614339
0.00039827, 0.16671155, -0.01277991
0.0, 0.0, 1.0
0.53283077, 0.03189409
-0.0054846, 0.17600474, -0.01521667
-0.54896694, 0.63023776, 0.54896694
0.56605786, 0.01076901
-0.0054846, 0.16671155, -0.01521667
-0.70708334, 0.0, 0.70708334
0.53299075, 0.01076901
0.00628115, 0.17600474, -0.01521667
0.54896694, 0.63023776, 0.54896694
0.56605786, 0.05301911
0.00628115, 0.16671155, -0.01521667
0.70708334, 0.0, 0.70708334
0.53299075, 0.05301911
-0.0054846, 0.17600477, -0.02698242
-0.54896694, 0.63023776, -0.54896694
0.83488941, 0.05118787
-0.0054846, 0.16671155, -0.02698242
-0.70708334, 0.0, -0.70708334
0.80181658, 0.05118787
0.00871792, 0.16671155, -0.02109955
1.0, 0.0, 0.0
0.56607252, 0.03208047
0.00628115, 0.17600474, -0.01521667
0.54896694, 0.63023776, 0.54896694
0.599132, 0.01077819
0.00628115, 0.16671155, -0.01521667
0.70708334, 0.0, 0.70708334
0.56605929, 0.01077819
-0.00792137, 0.16671155, -0.02109955
-0.99996948, 0.0, 0.0
0.79117, 0.03024846
-0.0054846, 0.17600477, -0.02698242
-0.54896694, 0.63023776, -0.54896694
0.75810963, 0.05118787
-0.0054846, 0.16671155, -0.02698242
-0.70708334, 0.0, -0.70708334
0.79118246, 0.05118787
0.00628115, 0.17600477, -0.02698241
0.54896694, 0.63023776, -0.54896694
0.59913069, 0.05301911
0.00628115, 0.16671155, -0.02698242
0.70708334, 0.0, -0.70708334
0.56605786, 0.05301911
-0.0054846, 0.17600474, -0.01521667
-0.54896694, 0.63023776, 0.54896694
0.75810856, 0.0089469
-0.0054846, 0.16671155, -0.01521667
-0.70708334, 0.0, 0.70708334
0.79118121, 0.0089469
0.00527385, 0.12887505, -0.03813628
0.4928129, 0.0, 0.87011319
0.0, 1.0
0.00039827, 0.17600477, -0.0127799
0.0, 0.63023776, 0.77636033
0.88956004, 0.06747001
0.00628115, 0.17600477, -0.02698241
0.54896694, 0.63023776, -0.54896694
0.85090208, 0.02846313
0.00039827, 0.17600477, -0.02941918
0.0, 0.63023776, -0.77636033
0.83488947, 0.04463893
0.00039827, 0.16671155, -0.00981667
0.0, 0.63023776, 0.77636033
0.41654283, 0.08899492
0.00837648, 0.16671155, -0.02907774
0.54896694, 0.63023776, -0.54896694
0.49068567, 0.0890379
0.00039828, 0.16671155, -0.03238243
0.0, 0.63023776, -0.77636033
0.49068567, 0.05803186
0.00039828, 0.15447286, -0.0058383
0.0, 0.63023776, 0.77636033
0.4165428, 0.23440677
0.01565952, 0.15447286, -0.02109955
0.77636033, 0.63023776, 0.0
0.38716981, 0.16282988
0.00039828, 0.15447286, -0.03636079
0.0, 0.63023776, -0.77636033
0.31625709, 0.19252616
0.00039825, 0.29682466, -0.01586966
0.0, 0.63023776, 0.77636033
0.15655082, 0.03600711
0.00409627, 0.29682466, -0.02479745
0.54896694, 0.63023776, -0.54896694
0.19091707, 0.03602701
0.00039825, 0.29682466, -0.02632922
0.0, 0.63023776, -0.77636033
0.19091707, 0.02165526
0.00039827, 0.17600477, -0.01586976
0.0, 0.0, 1.0
0.90918434, 0.56611571
-0.00329976, 0.29682466, -0.01740143
-0.54896694, 0.63023776, 0.54896694
0.92234486, 1.0
-0.00329974, 0.17600474, -0.01740153
-0.70708334, 0.0, 0.70708334
0.92234486, 0.56621712
0.00409626, 0.29682466, -0.01740143
0.54896694, 0.63023776, 0.54896694
0.89602381, 1.0
0.00409629, 0.17600474, -0.01740153
0.70708334, 0.0, 0.70708334
0.89602381, 0.56621706
-0.00329974, 0.17600477, -0.02479756
-0.70708334, 0.0, -0.70708334
0.92234498, 0.56614339
0.00562805, 0.17600477, -0.02109954
1.0, 0.0, 0.0
0.96171051, 0.56614387
0.00409626, 0.29682466, -0.01740143
0.54896694, 0.63023776, 0.54896694
0.97498149, 0.99999155
0.00409629, 0.17600474, -0.01740153
0.70708334, 0.0, 0.70708334
0.97498149, 0.56613535
-0.00483151, 0.17600477, -0.02109954
-1.0, 0.0, 0.0
0.98695511, 0.10859317
-0.00329976, 0.29682466, -0.02479745
-0.54896694, 0.63023776, -0.54896694
1.0, 0.54244137
-0.00329974, 0.17600477, -0.02479756
-0.70708334, 0.0, -0.70708334
1.0, 0.1085853
0.00409627, 0.29682466, -0.02479745
0.54896694, 0.63023776, -0.54896694
0.9486661, 0.99999058
-0.00329976, 0.29682466, -0.01740143
-0.54896694, 0.63023776, 0.54896694
0.97368461, 0.54244232
-0.00329974, 0.17600474, -0.01740153
-0.70708334, 0.0, 0.70708334
0.97368461, 0.10858601
-0.0044773, 0.25662291, -0.03813628
-0.70708334, 0.0, 0.70708334
0.86959195, 0.54244927
0.00039828, 0.12887505, -0.03611675
0.0, 0.0, 0.99996948
0.85224068, 0.08365899
0.00039826, 0.25662291, -0.03611675
0.0, 0.0, 1.0
0.85224068, 0.54231539
0.00527385, 0.12887505, -0.03813628
0.4928129, 0.0, 0.87011319
0.83488947, 0.08379275
0.00527383, 0.25662291, -0.03813628
0.70708334, 0.0, 0.70708334
0.83488947, 0.54244927
0.00770944, 0.24110024, -0.02098405
0.77111119, -0.63307595, 0.06769005
0.2429699, 0.0327552
0.00527383, 0.24110024, -0.01610849
0.52595598, -0.63615835, 0.56443983
0.234302, 0.01526654
-0.0044773, 0.24110024, -0.01610848
-0.52574235, -0.63621938, 0.56459242
0.19959953, 0.01526654
-0.0044773, 0.24110024, -0.01610848
-0.52574235, -0.63621938, 0.56459242
0.41654283, 0.01447552
-0.00691701, 0.25883967, -0.02098405
-0.77114171, 0.63301492, 0.06790368
0.35339969, 0.03215915
-0.006917, 0.24110024, -0.02098405
-0.77114171, -0.63301492, 0.06790368
0.41653103, 0.03216094
-0.0044773, 0.25292653, -0.05743121
-0.70754111, -0.33344522, -0.62303537
0.87084436, 0.69074649
0.00039827, 0.25883967, -0.05945074
0.0, 0.63023776, -0.77636033
0.89188814, 0.67323864
0.00039827, 0.25292653, -0.05945074
0.0, -0.39451277, -0.91885126
0.87084436, 0.67323864
0.00527383, 0.25292653, -0.05743121
0.70754111, -0.33344522, -0.62300485
0.87084436, 0.65573078
0.00527383, 0.24110024, -0.01610849
0.52595598, -0.63615835, 0.56443983
0.8076992, 0.63664415
0.00770944, 0.25883967, -0.02098405
0.77111119, 0.63307595, 0.06769005
0.87084436, 0.65432781
0.00527383, 0.25883967, -0.01610848
0.52595598, 0.63615835, 0.56443983
0.87083036, 0.63664201
0.00770944, 0.25883967, -0.02098405
0.77111119, 0.63307595, 0.06769005
0.26420423, 0.02481067
0.00531264, 0.25883967, -0.02907078
0.66463208, 0.74086732, -0.09640797
0.27273399, 0.05382597
-0.00691701, 0.25883967, -0.02098405
-0.77114171, 0.63301492, 0.06790368
0.31625706, 0.02481067
0.00531264, 0.25883967, -0.02907078
0.66463208, 0.74086732, -0.09640797
0.8708306, 0.68318164
0.00770944, 0.24110024, -0.02098405
0.77111119, -0.63307595, 0.06769005
0.80771321, 0.65432996
0.00531265, 0.24110024, -0.02907078
0.6646626, -0.74086732, -0.09640797
0.80769938, 0.68318376
-0.00691701, 0.25883967, -0.04301516
-0.76531267, 0.63966799, 0.07098605
0.35339969, 0.11125451
-0.0044773, 0.25292653, -0.05743121
-0.70754111, -0.33344522, -0.62303537
0.37445533, 0.16282988
-0.0044773, 0.24701338, -0.05011981
-0.81276894, -0.19611195, -0.5485397
0.39549905, 0.1365813
0.00039827, 0.24110024, -0.01408896
0.0, -0.63023776, 0.77636033
0.50803691, 0.04712576
-0.0044773, 0.25883967, -0.01610848
-0.52574235, 0.63621938, 0.56459242
0.52538812, 0.11094981
-0.0044773, 0.24110024, -0.01610848
-0.52574235, -0.63621938, 0.56459242
0.52538812, 0.04725951
0.00527383, 0.25883967, -0.01610848
0.52595598, 0.63615835, 0.56443983
0.49068567, 0.11094981
0.00527383, 0.24110024, -0.01610849
0.52595598, -0.63615835, 0.56443983
0.49068567, 0.04725951
0.00527383, 0.24701338, -0.05011981
0.8127079, -0.19605091, -0.54866177
0.82874292, 0.75874956
0.00770944, 0.25883967, -0.0430332
0.76528215, 0.63979006, 0.07052828
0.87084436, 0.73348787
0.00770944, 0.24110024, -0.04303321
0.7714774, -0.63588369, 0.02169866
0.80771315, 0.73348999
-0.00451884, 0.24110024, -0.02907078
-0.66463208, -0.74089783, -0.09646901
0.41654271, 0.06101543
-0.00451885, 0.25883967, -0.02907078
-0.66463208, 0.74089783, -0.09646901
0.35341126, 0.06101364
0.00531264, 0.25883967, -0.03715751
0.64558858, 0.75307477, 0.12659077
0.8708306, 0.71221432
0.00531264, 0.24110024, -0.03715751
0.64558858, -0.75307477, 0.12659077
0.80769938, 0.71221644
-0.00691701, 0.24110024, -0.04301516
-0.77150792, -0.63579214, 0.02227851
0.416531, 0.11125636
-0.00451885, 0.25883967, -0.03715751
-0.64534438, 0.75322735, 0.12698752
0.35341135, 0.09004641
-0.00451885, 0.24110024, -0.03715751
-0.64534438, -0.75322735, 0.12698752
0.41654271, 0.09004819
0.00039827, 0.24701338, -0.05213933
0.0, -0.47779778, -0.87844479
0.26420423, 0.14532202
0.00527383, 0.24110024, -0.05011981
0.56859034, -0.6252327, -0.53456223
0.24316047, 0.12781417
0.00039827, 0.24110024, -0.05213933
0.0, -0.63023776, -0.77636033
0.24316047, 0.14532202
0.00039827, 0.24701338, -0.05213933
0.0, -0.47779778, -0.87844479
0.0495153, 0.02768856
0.00527383, 0.25292653, -0.05743121
0.70754111, -0.33344522, -0.62300485
0.06734271, 0.01018071
0.00527383, 0.24701338, -0.05011981
0.8127079, -0.19605091, -0.54866177
0.04233603, 0.01018071
-0.0044773, 0.24701338, -0.05011981
-0.81276894, -0.19611195, -0.5485397
0.26420423, 0.16282988
-0.0044773, 0.24110024, -0.05011981
-0.56865138, -0.62520218, -0.53450119
0.24316047, 0.16282988
-0.0044773, 0.25292653, -0.05743121
-0.70754111, -0.33344522, -0.62303537
0.06734271, 0.04519635
-0.0044773, 0.24701338, -0.05011981
-0.81276894, -0.19611195, -0.5485397
0.04233603, 0.04519635
-0.01553129, 0.12139183, -0.02654862
0.63942379, 0.76882231, 0.0
0.11628795, 0.02111191
-0.01553129, 0.11344971, -0.02267833
0.61098057, -0.1779229, 0.77135533
0.08505446, 0.01747984
-0.01553129, 0.11208705, -0.02654862
1.0, 0.0, 0.0
0.08505452, 0.03221136
-0.02865481, 0.12002918, -0.02267833
-0.63078707, 0.57927185, 0.51625109
0.12543616, 0.01061845
-0.02865481, 0.12139183, -0.02654862
-0.63942379, 0.76882231, 0.0
0.11628804, 0.02209902
-0.02865481, 0.11344971, -0.02267833
-0.63078707, -0.57927185, 0.51625109
0.14752159, 0.01846689
-0.01553129, 0.11344971, -0.02267833
0.61098057, -0.1779229, 0.77135533
0.49787098, 0.0
-0.02865481, 0.11208705, -0.02654862
-0.63942379, -0.76882231, 0.0
0.51185644, 0.0471257
-0.01553129, 0.11208705, -0.02654862
1.0, 0.0, 0.0
0.51185644, 0.0
-0.01553129, 0.12139183, -0.02654862
0.63942379, 0.76882231, 0.0
0.61310327, 0.00589335
-0.0286548, 0.12002918, -0.03041891
-0.63078707, 0.57927185, -0.51625109
0.59914535, 0.05301911
-0.02865481, 0.12139183, -0.02654862
-0.63942379, 0.76882231, 0.0
0.61310327, 0.05301911
-0.02865481, 0.12002918, -0.02267833
-0.63078707, 0.57927185, 0.51625109
0.62667024, 0.05301911
-0.01553129, 0.12002918, -0.02267833
0.63078707, 0.57927185, 0.51625109
0.6266703, 0.00589335
-0.0286548, 0.11344971, -0.03041891
-0.63078707, -0.57927185, -0.51625109
0.52538812, 0.0471257
-0.01553129, 0.11344971, -0.03041891
0.61098057, -0.1779229, -0.77135533
0.52538806, 0.0
-0.01553129, 0.12002918, -0.02267833
0.63078707, 0.57927185, 0.51625109
0.89425552, 0.73787221
-0.02865481, 0.11673944, -0.02107521
-0.62050235, 0.0, 0.78417307
0.88244468, 0.69074649
-0.01553129, 0.11673944, -0.0210752
0.62050235, 0.0, 0.78417307
0.88244468, 0.73787221
-0.01553129, 0.11673944, -0.03202203
0.62050235, 0.0, -0.78417307
0.88255197, 0.78499794
-0.0286548, 0.11344971, -0.03041891
-0.63078707, -0.57927185, -0.51625109
0.89425951, 0.73787221
-0.0286548, 0.11673944, -0.03202204
-0.62050235, 0.0, -0.78417307
0.88255197, 0.73787221
-0.02865481, 0.11344971, -0.02267833
-0.63078707, -0.57927185, 0.51625109
0.87084436, 0.69074649
-0.01553129, 0.11344971, -0.02267833
0.61098057, -0.1779229, 0.77135533
0.87084436, 0.73787221
-0.0286548, 0.12002918, -0.03041891
-0.63078707, 0.57927185, -0.51625109
0.87084436, 0.73787221
-0.01553129, 0.12002918, -0.03041891
0.63078707, 0.57927185, -0.51625109
0.87084436, 0.78499793
5.535e-05, 0.05399928, -0.05388049
0.0, 0.7867977, -0.61717582
0.572133, 0.27287263
-0.01628268, 0.07831784, -0.04835448
-0.83199561, 0.0, -0.55473495
0.51398903, 0.36019903
5.531e-05, 0.12907067, -0.05388049
0.0, 0.6415906, -0.76702172
0.572133, 0.54244918
0.01639337, 0.05399929, -0.06016778
0.46995452, 0.5605945, -0.6817835
0.72772324, 0.2786749
0.00550137, 0.04930048, -0.0560207
-0.11960204, -0.75017548, -0.65031892
0.74444538, 0.23956239
0.00550136, 0.05399929, -0.0560207
-0.11960204, 0.75017548, -0.65031892
0.72772318, 0.23956233
-0.01628266, 0.04930046, -0.0538805
-0.80025637, -0.557329, -0.22116764
0.02237104, 0.82889995
-0.01628266, 0.05399928, -0.06016779
-0.46995452, 0.56056398, -0.6817835
0.0, 0.81202812
-0.01628266, 0.04930047, -0.06016779
-0.46995452, -0.56056398, -0.6817835
5e-07, 0.82890126
0.01639338, 0.04930048, -0.05388049
0.80025637, -0.557329, -0.22116764
0.78532839, 0.82889968
0.01639337, 0.05399929, -0.06016778
0.46995452, 0.5605945, -0.6817835
0.8076992, 0.81202783
0.01639337, 0.05399928, -0.04835448
0.94079411, 0.23194067, -0.24713889
0.76566696, 0.81202546
5.535e-05, 0.05399928, -0.05388049
0.0, 0.7867977, -0.61717582
0.01965006, 0.08485341
0.00550136, 0.05399929, -0.0560207
-0.11960204, 0.75017548, -0.65031892
0.0272605, 0.10440964
-0.00539065, 0.05399928, -0.05602071
0.11960204, 0.75017548, -0.65031892
0.02726051, 0.06529713
0.01639337, 0.01139508, -0.00576013
0.66100037, -0.75011444, 0.0184637
0.61411083, 0.96500562
0.01639337, 0.02663457, -0.02982031
0.70720541, -0.56559956, -0.42411572
0.69971925, 0.91028653
0.01402111, 0.04221995, -0.00576013
0.84838402, 0.30976287, 0.42924285
0.61393785, 0.85432933
0.01402108, 0.12907067, 0.01963482
0.57060456, 0.57646412, 0.58482617
0.52358854, 0.54244912
0.0140211, 0.07831784, -0.00576013
0.89400923, -0.29902035, 0.33359784
0.61394078, 0.72470427
0.01639331, 0.1290707, -0.04835448
0.66478467, 0.59239477, -0.4550615
0.7656731, 0.54244906
-0.01654834, 0.07795617, -0.02654862
-0.63942379, -0.76882231, 0.0
0.52122808, 0.25876081
-0.01553128, 0.07931883, -0.03041891
0.0, -0.57786798, -0.81609547
0.51760858, 0.24510705
-0.01553128, 0.07795617, -0.02654862
0.0, -1.0, 0.0
0.51760858, 0.25876081
-0.01654834, 0.07931883, -0.02267833
-0.59724724, -0.46348462, 0.65453047
0.34379846, 0.15793628
-0.01654834, 0.11344971, -0.02267833
-0.56160164, 0.67525256, 0.4781335
0.34379846, 0.03537458
-0.01654834, 0.11208705, -0.02654862
-0.79000211, 0.61305583, 0.0
0.33002776, 0.04026818
-0.01553128, 0.07931883, -0.02267833
0.0, -0.57786798, 0.81609547
0.51760858, 0.27287251
-0.01654834, 0.07931883, -0.03041891
-0.59724724, -0.46348462, -0.65453047
0.51760852, 0.27287251
-0.01553129, 0.11344971, -0.03041891
0.61098057, -0.1779229, -0.77135533
0.51398903, 0.1503107
-0.01553128, 0.07931883, -0.03041891
0.0, -0.57786798, -0.81609547
0.51398903, 0.27287251
-0.01654834, 0.11208705, -0.02654862
-0.79000211, 0.61305583, 0.0
0.52559173, 0.25878865
-0.01553129, 0.11344971, -0.02267833
0.61098057, -0.1779229, 0.77135533
0.52921122, 0.27287251
-0.01553129, 0.11208705, -0.02654862
1.0, 0.0, 0.0
0.52921122, 0.25878865
-0.01654834, 0.11344971, -0.02267833
-0.56160164, 0.67525256, 0.4781335
0.53283077, 0.27287251
-0.01553128, 0.07931883, -0.02267833
0.0, -0.57786798, 0.81609547
0.52921128, 0.15033156
-0.01654834, 0.11344971, -0.03041891
-0.56160164, 0.67525256, -0.4781335
0.52559173, 0.24509919
-0.01553129, 0.11344971, -0.03041891
0.61098057, -0.1779229, -0.77135533
0.52921122, 0.24509919
0.01639336, 0.07831785, -0.04835448
0.82842493, 0.0, -0.5600757
0.63027698, 0.36019903
-0.00539065, 0.05399928, -0.05602071
0.11960204, 0.75017548, -0.65031892
0.72772318, 0.20044982
-0.01628266, 0.04930047, -0.06016779
-0.46995452, -0.56056398, -0.6817835
0.74444544, 0.16133732
-0.01628266, 0.05399928, -0.06016779
-0.46995452, 0.56056398, -0.6817835
0.72772324, 0.16133732
-0.00539064, 0.04930047, -0.05602071
0.11960204, -0.75017548, -0.65031892
0.74444544, 0.20044988
-0.01336052, 0.03627303, 0.01963478
-0.87694937, 0.29920346, 0.37604907
0.51398897, 0.20927554
-0.01628266, 0.04930047, -0.06016779
-0.46995452, -0.56056398, -0.6817835
0.11628795, 0.1435222
-0.00539064, 0.04930047, -0.05602071
0.11960204, -0.75017548, -0.65031892
0.0775253, 0.15839779
0.01639338, 0.04930048, -0.06016778
0.46995452, -0.56056398, -0.6817835
0.0, 0.1435222
0.01402108, 0.12907067, 0.01963482
0.57060456, 0.57646412, 0.58482617
0.6387192, 0.27867496
5.531e-05, 0.12907067, -0.05388049
0.0, 0.6415906, -0.76702172
0.68842095, 0.54244927
-0.01336054, 0.02851759, 0.053279
-0.59019744, 0.50260931, 0.63167208
0.11628795, 0.264103
0.01267447, 0.0879932, 0.03869297
0.69594407, -0.71022677, 0.10580767
0.27229843, 0.47488374
0.01267447, 0.0861278, 0.01963481
0.276986, -0.29392377, 0.9147923
0.28488728, 0.54244927
0.01267446, 0.12465969, 0.01963482
0.31546983, 0.30457473, 0.89870906
0.41654283, 0.50375178
0.01267446, 0.09810542, 0.07680929
0.6946013, -0.66936249, 0.26349682
0.26892459, 0.33334386
0.01267445, 0.14190669, 0.07886133
0.57188636, 0.77929014, 0.25614184
0.41654283, 0.2822811
0.01267446, 0.10626122, 0.0945207
0.57826471, -0.28940701, 0.76274914
0.27916875, 0.26410306
0.01267445, 0.13423544, 0.06551642
0.73412275, 0.62388986, -0.26789147
0.40360975, 0.33598429
-0.01336053, 0.04221992, -0.00576013
-0.8413648, 0.31223488, 0.44105351
0.53283077, 0.27287251
-0.01336053, 0.00165036, 0.053279
-0.56447035, -0.65681934, 0.49992371
0.41654286, 0.11094981
0.01402112, 0.03735201, 0.01523305
0.92986846, 0.28800318, -0.22885831
0.04233603, 0.1435222
0.01402112, 0.01562178, 0.00272061
0.77477342, -0.61131626, 0.16119877
0.00844243, 0.36344385
-0.01336054, 0.07831784, 0.01523308
-0.90450758, -0.30149236, -0.30149236
0.11628798, 0.14450932
-0.01336052, 0.03627303, 0.01963478
-0.87694937, 0.29920346, 0.37604907
0.28415889, 0.87567937
-0.01336052, 0.03735199, 0.01523305
-0.92986846, 0.28800318, -0.22885831
0.26849717, 0.87180583
-0.01628266, 0.02663456, -0.02982032
-0.71193576, -0.56355482, -0.4189581
0.10798088, 0.91028664
-0.01336053, 0.00165036, 0.053279
-0.56447035, -0.65681934, 0.49992371
0.40387058, 1.0
-0.01336054, 0.02851759, 0.053279
-0.59019744, 0.50260931, 0.63167208
0.40386766, 0.90352154
-0.01336054, 0.07843199, 0.0196348
-0.70708334, 0.0, 0.70708334
0.28415439, 0.72428933
-0.01336057, 0.12907067, 0.01963481
-0.56904811, 0.57628101, 0.58656573
0.28414893, 0.54244927
-0.01336054, 0.07831784, 0.01523308
-0.90450758, -0.30149236, -0.30149236
0.26849285, 0.72470018
-0.0162827, 0.12907067, -0.04835448
-0.66765344, 0.59144872, -0.45204017
0.04202422, 0.54244927
0.01402112, 0.03735201, 0.01523305
0.92986846, 0.28800318, -0.22885831
0.72772324, 0.13156915
0.01267446, 0.10626122, 0.0945207
0.57826471, -0.28940701, 0.76274914
0.83488941, 0.27045017
-0.01214407, 0.12553658, 0.03591341
-0.73369551, 0.66988128, -0.11368145
0.25321481, 0.35979176
-0.01214407, 0.12465966, 0.01963482
-0.31546983, 0.30457473, 0.89870906
0.26641551, 0.30279982
-0.01214405, 0.08799319, 0.03869297
-0.69594407, -0.71022677, 0.10580767
0.12217092, 0.33166856
-0.01214405, 0.08612779, 0.0196348
-0.276986, -0.29392377, 0.9147923
0.1347599, 0.26410294
-0.01214406, 0.09182124, 0.05775113
-0.69380778, -0.69621873, 0.1839961
0.11628795, 0.40120518
-0.01214406, 0.10626122, 0.0945207
-0.57826471, -0.28940701, 0.76274914
0.12904115, 0.54244927
-0.01214408, 0.14190669, 0.07886133
-0.57188636, 0.77929014, 0.25614184
0.26641548, 0.52427053
0.01267446, 0.10626122, 0.0945207
0.57826471, -0.28940701, 0.76274914
0.74656487, 0.54244921
-0.01214408, 0.14190669, 0.07886133
-0.57188636, 0.77929014, 0.25614184
0.89602375, 0.78499795
-0.01039304, 0.12934762, -0.03189088
-0.54896694, -0.63023776, -0.54896694
0.28689113, 0.26407063
0.00039828, 0.12934762, -0.03636079
0.0, -0.63023776, -0.77636033
0.31625706, 0.23439372
0.01118961, 0.12934762, -0.03189087
0.54896694, -0.63023776, -0.54896694
0.31625706, 0.19245666
0.01118961, 0.12934762, -0.01030822
0.54896694, -0.63023776, 0.54896694
0.24536151, 0.16285819
-0.01039305, 0.12934762, -0.01030822
-0.54896694, -0.63023776, 0.54896694
0.21599557, 0.2344721
0.00039828, 0.16671155, -0.03238243
0.0, 0.63023776, -0.77636033
0.97669053, 0.05500972
0.01118961, 0.15447286, -0.03189087
0.54896694, 0.63023776, -0.54896694
0.70708567, 0.13156915
-0.01039305, 0.15447286, -0.01030822
-0.54896694, 0.63023776, 0.54896694
0.8076992, 0.54244906
-0.01039305, 0.15447286, -0.03189088
-0.54896694, 0.63023776, -0.54896694
0.63027698, 0.13156915
0.0111896, 0.15447286, -0.01030822
0.54896694, 0.63023776, 0.54896694
0.60962284, 0.14324462
-0.01039305, 0.15447286, -0.03189088
-0.54896694, 0.63023776, -0.54896694
0.83488941, 0.14141095
0.00527383, 0.25662291, -0.03813628
0.70708334, 0.0, 0.70708334
0.93898952, 0.54243803
-0.0044773, 0.25662291, -0.04788741
-0.70708334, 0.0, -0.70708334
0.97368455, 0.54243878
0.00039827, 0.17600477, -0.02941918
0.0, 0.63023776, -0.77636033
0.83488941, 0.03006285
-0.00757993, 0.16671155, -0.01312135
-0.54896694, 0.63023776, 0.54896694
0.7508505, 0.07427073
0.00837647, 0.16671155, -0.01312135
0.54896694, 0.63023776, 0.54896694
0.93311709, 0.02637291
-0.00757992, 0.16671155, -0.02907775
-0.54896694, 0.63023776, -0.54896694
0.70710248, 0.07427067
0.00039827, 0.17600477, -0.0127799
0.0, 0.63023776, 0.77636033
0.56589794, 0.03189409
0.00871791, 0.17600477, -0.02109954
0.77636033, 0.63023776, 0.0
0.59914535, 0.03208047
-0.00792137, 0.17600477, -0.02109954
-0.77636033, 0.63023776, 0.0
0.75809717, 0.03024846
-0.0054846, 0.17600477, -0.02698242
-0.54896694, 0.63023776, -0.54896694
0.83488947, 0.06750178
-0.00792137, 0.17600477, -0.02109954
-0.77636033, 0.63023776, 0.0
0.85090214, 0.08365893
-0.0054846, 0.17600474, -0.01521667
-0.54896694, 0.63023776, 0.54896694
0.87354743, 0.08364582
0.00628115, 0.17600474, -0.01521667
0.54896694, 0.63023776, 0.54896694
0.88956004, 0.04460716
0.00871791, 0.17600477, -0.02109954
0.77636033, 0.63023776, 0.0
0.87354743, 0.02845001
-0.00757992, 0.16671155, -0.02907775
-0.54896694, 0.63023776, -0.54896694
0.46896973, 0.03609473
-0.0108846, 0.16671155, -0.02109955
-0.77636033, 0.63023776, 0.0
0.43825871, 0.03607696
-0.00757993, 0.16671155, -0.01312135
-0.54896694, 0.63023776, 0.54896694
0.41654283, 0.05798894
0.00837647, 0.16671155, -0.01312135
0.54896694, 0.63023776, 0.54896694
0.43825886, 0.11093205
0.01168116, 0.16671155, -0.02109955
0.77636033, 0.63023776, 0.0
0.46896979, 0.11094981
-0.01039305, 0.15447286, -0.03189088
-0.54896694, 0.63023776, -0.54896694
0.31625706, 0.23446494
-0.01486296, 0.15447286, -0.02109955
-0.77636033, 0.63023776, 0.0
0.34563008, 0.26410306
-0.01039305, 0.15447286, -0.01030822
-0.54896694, 0.63023776, 0.54896694
0.38716981, 0.26407897
0.0111896, 0.15447286, -0.01030822
0.54896694, 0.63023776, 0.54896694
0.4165428, 0.19246799
0.01118961, 0.15447286, -0.03189087
0.54896694, 0.63023776, -0.54896694
0.34563008, 0.16285396
-0.00329976, 0.29682466, -0.02479745
-0.54896694, 0.63023776, -0.54896694
0.18085143, 0.01148707
-0.00483153, 0.29682466, -0.02109944
-0.77636033, 0.63023776, 0.0
0.16661644, 0.01147884
-0.00329976, 0.29682466, -0.01740143
-0.54896694, 0.63023776, 0.54896694
0.15655074, 0.02163541
0.00409626, 0.29682466, -0.01740143
0.54896694, 0.63023776, 0.54896694
0.16661642, 0.0461753
0.00562803, 0.29682466, -0.02109944
0.77636033, 0.63023776, 0.0
0.18085146, 0.04618353
0.00039825, 0.29682466, -0.01586966
0.0, 0.63023776, 0.77636033
0.90918434, 0.99989844
-0.00329976, 0.29682466, -0.02479745
-0.54896694, 0.63023776, -0.54896694
0.92234492, 1.0
0.00562803, 0.29682466, -0.02109944
0.77636033, 0.63023776, 0.0
0.96171051, 1.0
-0.00483153, 0.29682466, -0.02109944
-0.77636033, 0.63023776, 0.0
0.98695511, 0.54244927
-0.00447728, 0.12887505, -0.03813628
-0.19507432, 0.0, 0.98077333
0.86959195, 0.08379275
-0.00691701, 0.24110024, -0.04301516
-0.77150792, -0.63579214, 0.02227851
0.19091709, 0.11178088
-0.0044773, 0.24110024, -0.05011981
-0.56865138, -0.62520218, -0.53450119
0.19959956, 0.13726526
0.00770944, 0.24110024, -0.04303321
0.7714774, -0.63588369, 0.02169866
0.2429699, 0.11184561
0.00039827, 0.24110024, -0.05213933
0.0, -0.63023776, -0.77636033
0.2169508, 0.14450932
0.00527383, 0.24110024, -0.05011981
0.56859034, -0.6252327, -0.53456223
0.23430203, 0.13726526
-0.00451885, 0.24110024, -0.03715751
-0.64534438, -0.75322735, 0.12698752
0.1994517, 0.09076947
-0.006917, 0.24110024, -0.02098405
-0.77114171, -0.63301492, 0.06790368
0.19091707, 0.03275526
-0.00451884, 0.24110024, -0.02907078
-0.66463208, -0.74089783, -0.09646901
0.1994517, 0.06176233
0.00531264, 0.24110024, -0.03715751
0.64558858, -0.75307477, 0.12659077
0.23444015, 0.09076941
0.00531265, 0.24110024, -0.02907078
0.6646626, -0.74086732, -0.09640797
0.23444015, 0.06176233
0.00039827, 0.24110024, -0.01408896
0.0, -0.63023776, 0.77636033
0.21695077, 0.00802249
-0.0044773, 0.25883967, -0.01610848
-0.52574235, 0.63621938, 0.56459242
0.35341159, 0.01447374
-0.0044773, 0.25883967, -0.05743121
-0.61806083, 0.6126591, -0.49253821
0.89188814, 0.69074649
0.00527383, 0.25883967, -0.05743121
0.61806083, 0.6126591, -0.49253821
0.89188814, 0.65573078
0.00039827, 0.25883967, -0.05945074
0.0, 0.63023776, -0.77636033
0.29022333, 0.16282988
-0.0044773, 0.25883967, -0.05743121
-0.61806083, 0.6126591, -0.49253821
0.30757457, 0.1555838
0.00527383, 0.25883967, -0.05743121
0.61806083, 0.6126591, -0.49253821
0.27287212, 0.1555838
-0.00691701, 0.25883967, -0.04301516
-0.76531267, 0.63966799, 0.07098605
0.31625706, 0.10385871
0.00770944, 0.25883967, -0.0430332
0.76528215, 0.63979006, 0.07052828
0.26420423, 0.10392344
0.00531264, 0.25883967, -0.03715751
0.64558858, 0.75307477, 0.12659077
0.27273399, 0.08284134
-0.00451885, 0.25883967, -0.03715751
-0.64534438, 0.75322735, 0.12698752
0.30772245, 0.08284134
-0.00451885, 0.25883967, -0.02907078
-0.66463208, 0.74089783, -0.09646901
0.30772245, 0.05382603
-0.0044773, 0.25883967, -0.01610848
-0.52574235, 0.63621938, 0.56459242
0.3075746, 0.00731707
0.00039826, 0.25883967, -0.01408896
0.0, 0.63023776, 0.77636033
0.29022336, 7.093e-05
0.00527383, 0.25883967, -0.01610848
0.52595598, 0.63615835, 0.56443983
0.27287215, 0.00731707
-0.0044773, 0.24110024, -0.05011981
-0.56865138, -0.62520218, -0.53450119
0.41654283, 0.1365819
-0.0044773, 0.25883967, -0.05743121
-0.61806083, 0.6126591, -0.49253821
0.35341159, 0.16282928
0.00039826, 0.25883967, -0.01408896
0.0, 0.63023776, 0.77636033
0.50803691, 0.11081606
0.00527383, 0.24110024, -0.05011981
0.56859034, -0.6252327, -0.53456223
0.8076992, 0.75875027
0.00527383, 0.25292653, -0.05743121
0.70754111, -0.33344522, -0.62300485
0.84978664, 0.78499795
0.00527383, 0.25883967, -0.05743121
0.61806083, 0.6126591, -0.49253821
0.87083036, 0.78499724
0.00527383, 0.24701338, -0.05011981
0.8127079, -0.19605091, -0.54866177
0.26420423, 0.12781417
0.00039827, 0.25292653, -0.05945074
0.0, -0.39451277, -0.91885126
0.07452195, 0.02768856
-0.01553129, 0.11344971, -0.03041891
0.61098057, -0.1779229, -0.77135533
0.09420259, 0.04369193
-0.01553129, 0.11673944, -0.03202203
0.62050235, 0.0, -0.78417307
0.10713991, 0.04519635
-0.01553129, 0.12002918, -0.03041891
0.63078707, 0.57927185, -0.51625109
0.11628795, 0.03584343
-0.01553129, 0.12002918, -0.02267833
0.63078707, 0.57927185, 0.51625109
0.10713983, 0.00963134
-0.01553129, 0.11673944, -0.0210752
0.62050235, 0.0, 0.78417307
0.09420256, 0.00812685
-0.0286548, 0.11673944, -0.03202204
-0.62050235, 0.0, -0.78417307
0.12543605, 0.04618353
-0.0286548, 0.11344971, -0.03041891
-0.63078707, -0.57927185, -0.51625109
0.13837337, 0.04467899
-0.0286548, 0.12002918, -0.03041891
-0.63078707, 0.57927185, -0.51625109
0.11628795, 0.03683054
-0.02865481, 0.11208705, -0.02654862
-0.63942379, -0.76882231, 0.0
0.14752159, 0.03319842
-0.02865481, 0.11673944, -0.02107521
-0.62050235, 0.0, 0.78417307
0.13837351, 0.00911397
-0.02865481, 0.11344971, -0.02267833
-0.63078707, -0.57927185, 0.51625109
0.49787098, 0.0471257
-0.01553129, 0.12002918, -0.03041891
0.63078707, 0.57927185, -0.51625109
0.59914535, 0.00589335
-0.02865481, 0.12002918, -0.02267833
-0.63078707, 0.57927185, 0.51625109
0.89425552, 0.69074649
-0.01553129, 0.11344971, -0.03041891
0.61098057, -0.1779229, -0.77135533
0.89425951, 0.78499795
-0.0162827, 0.12907067, -0.04835448
-0.66765344, 0.59144872, -0.45204017
0.51398909, 0.54244918
-0.01628267, 0.05399926, -0.04835448
-0.94152653, 0.23386334, -0.24243903
0.51398903, 0.27287263
0.01639338, 0.04930048, -0.06016778
0.46995452, -0.56056398, -0.6817835
0.74444544, 0.2786749
0.01639338, 0.04930048, -0.06016778
0.46995452, -0.56056398, -0.6817835
0.80769885, 0.82890092
-0.01628266, 0.05399928, -0.06016779
-0.46995452, 0.56056398, -0.6817835
0.0420072, 0.02618462
-0.01628267, 0.05399926, -0.04835448
-0.94152653, 0.23386334, -0.24243903
0.0, 0.02618462
0.01639337, 0.05399928, -0.04835448
0.94079411, 0.23194067, -0.24713889
0.0, 0.1435222
0.01639337, 0.05399929, -0.06016778
0.46995452, 0.5605945, -0.6817835
0.04200719, 0.1435222
0.01402111, 0.03627305, 0.01963479
0.87694937, 0.29920346, 0.37604907
0.52358109, 0.87567911
0.01402111, 0.02851763, 0.053279
0.59019744, 0.50260931, 0.63167208
0.40387279, 0.90352147
0.01402112, 0.00165036, 0.053279
0.56447035, -0.65681934, 0.49992371
0.40387058, 1.0
0.01402112, 0.01562178, 0.00272061
0.77477342, -0.61131626, 0.16119877
0.5837608, 0.94983984
0.01402112, 0.03735201, 0.01523305
0.92986846, 0.28800318, -0.22885831
0.53924274, 0.87180553
0.01639336, 0.07831785, -0.04835448
0.82842493, 0.0, -0.5600757
0.76566893, 0.72469911
0.0140211, 0.07843199, 0.01963481
0.70708334, 0.0, 0.70708334
0.52358449, 0.72428918
0.01402109, 0.07831784, 0.01523309
0.90450758, -0.30149236, -0.30149236
0.53924596, 0.7247
-0.01654834, 0.07931883, -0.03041891
-0.59724724, -0.46348462, -0.65453047
0.52122808, 0.24510705
-0.01654834, 0.11344971, -0.03041891
-0.56160164, 0.67525256, -0.4781335
0.31625706, 0.03537536
-0.01654834, 0.07931883, -0.03041891
-0.59724724, -0.46348462, -0.65453047
0.31625706, 0.15793705
-0.01654834, 0.07795617, -0.02654862
-0.63942379, -0.76882231, 0.0
0.33002776, 0.16282988
-0.01654834, 0.07931883, -0.02267833
-0.59724724, -0.46348462, 0.65453047
0.52122808, 0.27287251
-0.01654834, 0.11344971, -0.03041891
-0.56160164, 0.67525256, -0.4781335
0.51760852, 0.1503107
-0.01654834, 0.11344971, -0.02267833
-0.56160164, 0.67525256, 0.4781335
0.52559173, 0.27287251
-0.01654834, 0.07931883, -0.02267833
-0.59724724, -0.46348462, 0.65453047
0.53283077, 0.15033156
0.01639331, 0.1290707, -0.04835448
0.66478467, 0.59239477, -0.4550615
0.63027698, 0.54244927
0.01639337, 0.05399928, -0.04835448
0.94079411, 0.23194067, -0.24713889
0.63027698, 0.27287257
# Number of Faces:
346
# Face Data:
0, 1, 2
3, 4, 5
6, 7, 8
9, 10, 11
12, 13, 14
15, 16, 17
17, 4, 3
18, 19, 20
21, 22, 23
24, 25, 26
27, 28, 29
15, 27, 30
31, 32, 33
34, 35, 36
37, 38, 39
40, 41, 42
43, 44, 45
46, 47, 43
48, 44, 0
46, 0, 2
49, 50, 51
52, 53, 54
55, 56, 57
58, 59, 60
61, 62, 63
64, 65, 62
66, 60, 65
67, 68, 69
70, 71, 68
72, 57, 71
73, 74, 75
76, 77, 78
79, 80, 81
82, 83, 84
85, 84, 86
87, 79, 81
88, 89, 90
91, 92, 93
94, 90, 95
96, 93, 97
98, 99, 100
101, 102, 102
103, 100, 104
105, 106, 107
108, 109, 110
111, 107, 99
112, 110, 113
114, 115, 116
117, 118, 119
120, 119, 121
122, 76, 123
124, 125, 126
127, 128, 129
130, 126, 131
132, 129, 133
134, 135, 136
137, 138, 139
140, 137, 141
142, 114, 143
144, 145, 146
147, 148, 149
150, 144, 151
152, 147, 153
154, 101, 101
155, 156, 157
158, 159, 160
161, 162, 163
164, 165, 166
167, 168, 169
170, 167, 171
172, 134, 136
173, 174, 175
176, 177, 178
179, 173, 135
180, 176, 181
182, 183, 184
184, 185, 186
187, 188, 189
190, 191, 192
193, 194, 195
194, 196, 195
197, 198, 199
200, 201, 202
203, 204, 205
206, 207, 208
209, 210, 211
212, 209, 213
214, 215, 216
217, 191, 218
219, 216, 215
219, 205, 220
221, 222, 206
223, 218, 222
224, 225, 226
227, 228, 229
230, 226, 231
232, 227, 233
234, 235, 236
237, 238, 239
240, 241, 242
243, 244, 245
243, 246, 247
242, 248, 249
250, 251, 252
253, 254, 255
252, 256, 257
253, 258, 259
260, 261, 262
263, 264, 265
266, 267, 268
269, 270, 271
272, 273, 274
275, 276, 277
278, 279, 280
281, 282, 283
284, 285, 286
287, 281, 283
288, 289, 290
291, 292, 293
294, 295, 292
296, 293, 297
298, 260, 262
299, 300, 301
265, 302, 299
0, 303, 1
4, 304, 305
5, 306, 3
4, 305, 5
8, 307, 6
6, 308, 7
9, 309, 10
310, 311, 312
310, 312, 12
313, 14, 13
314, 315, 316
316, 315, 313
14, 310, 12
13, 316, 313
15, 30, 16
17, 16, 4
18, 317, 19
21, 318, 22
24, 319, 25
27, 320, 28
15, 320, 27
31, 321, 32
322, 323, 36
34, 39, 324
324, 35, 34
36, 325, 322
323, 34, 36
325, 326, 322
323, 322, 327
327, 328, 329
328, 330, 39
329, 323, 327
266, 324, 38
39, 329, 328
38, 324, 39
39, 330, 37
40, 331, 41
43, 47, 44
46, 2, 47
48, 45, 44
46, 48, 0
49, 332, 50
333, 334, 335
336, 335, 334
337, 52, 54
338, 339, 53
54, 333, 337
338, 53, 52
335, 337, 333
55, 340, 56
58, 341, 59
61, 64, 62
64, 66, 65
66, 58, 60
67, 70, 68
70, 72, 71
72, 55, 57
75, 342, 343
343, 344, 75
73, 345, 74
74, 346, 75
75, 344, 73
76, 347, 77
79, 348, 80
82, 349, 83
85, 82, 84
87, 350, 79
88, 351, 89
91, 352, 92
94, 88, 90
96, 91, 93
98, 111, 99
101, 101, 102
103, 98, 100
105, 353, 106
108, 354, 109
111, 105, 107
112, 108, 110
114, 355, 115
117, 356, 118
120, 117, 119
122, 347, 76
124, 357, 125
127, 358, 128
130, 124, 126
132, 127, 129
134, 179, 135
137, 359, 138
140, 359, 137
142, 355, 114
144, 360, 145
147, 361, 148
150, 360, 144
152, 361, 147
154, 154, 101
157, 362, 363
363, 364, 157
155, 365, 366
366, 156, 155
157, 364, 155
160, 367, 368
368, 369, 158
158, 370, 371
371, 159, 158
160, 368, 158
163, 372, 373
373, 374, 161
161, 375, 162
162, 376, 163
163, 373, 161
166, 377, 378
378, 379, 164
164, 380, 381
381, 165, 164
166, 378, 164
167, 382, 168
170, 382, 167
172, 383, 134
173, 384, 174
176, 385, 177
179, 384, 173
180, 385, 176
182, 386, 183
184, 183, 185
387, 388, 389
390, 391, 388
391, 389, 388
392, 387, 389
189, 393, 187
394, 392, 395
389, 395, 392
396, 187, 393
188, 397, 189
393, 394, 396
395, 396, 394
190, 398, 191
193, 399, 194
194, 400, 196
197, 204, 198
401, 402, 403
402, 404, 405
405, 403, 402
406, 405, 407
404, 407, 405
408, 202, 201
409, 410, 411
411, 200, 409
201, 406, 408
407, 408, 406
409, 200, 202
203, 198, 204
208, 412, 221
221, 206, 208
413, 207, 206
209, 414, 210
212, 414, 209
216, 415, 214
214, 416, 215
417, 215, 416
217, 192, 191
219, 220, 216
219, 203, 205
221, 223, 222
223, 217, 218
224, 418, 225
227, 419, 228
230, 224, 226
232, 419, 227
236, 420, 234
421, 422, 420
234, 423, 235
424, 235, 423
420, 422, 234
425, 426, 427
428, 239, 238
429, 237, 239
238, 427, 426
426, 428, 238
240, 430, 241
243, 431, 244
243, 245, 246
242, 241, 248
250, 432, 251
253, 433, 254
252, 251, 256
253, 255, 258
434, 262, 261
260, 435, 261
263, 436, 264
266, 38, 267
269, 437, 270
438, 439, 274
272, 440, 273
440, 441, 273
274, 439, 272
442, 443, 444
445, 275, 277
442, 444, 445
277, 446, 445
276, 279, 277
442, 445, 446
447, 280, 279
278, 448, 449
442, 446, 448
279, 276, 271
448, 446, 449
276, 269, 271
278, 449, 279
271, 447, 279
281, 450, 282
451, 452, 286
453, 284, 452
286, 452, 284
287, 454, 281
288, 455, 289
291, 456, 292
294, 457, 295
296, 291, 293
262, 458, 298
298, 459, 260
299, 302, 300
265, 264, 302
