# Project Zomboid Skinned Mesh
# File Version:
1.0
# Model Name:
Cylinder.001
# Vertex Stride Element Count:
3
# Vertex Stride Size (in bytes):
76
# Vertex Stride Data:
# (Int)    Offset
# (String) Type
0
VertexArray
12
NormalArray
24
TextureCoordArray
# Vertex Count:
683
# Vertex Buffer:
-0.01703295, 0.0102129, -0.00299715
-0.62678915, 0.16321298, 0.76186407
0.88995159, 0.50352892
-0.01980269, -0.10390705, 0.02604035
-0.55162203, -0.3434248, 0.76009399
0.82433015, 0.28875887
-0.01754407, -0.10396308, 0.02603558
-0.00909452, -0.44404432, 0.8959319
0.81999081, 0.28822643
-0.00195478, 0.0109247, -0.0157343
0.97930843, -0.00601215, 0.20227668
0.91948181, 0.67601681
-0.00099093, 0.05002714, -0.01866149
0.69481492, 0.67781609, 0.24033326
0.9350639, 0.59331834
-0.00394218, 0.04928039, -0.00906197
0.50364697, 0.59401226, 0.62724692
0.91541338, 0.58897257
-0.01381043, 0.05034519, -0.01863431
0.02487259, 0.9960326, 0.08511613
0.9345879, 0.57007101
-0.01902028, 0.05047444, -0.01862326
-0.6593219, 0.71138644, 0.243202
0.93521184, 0.56161061
-0.01606905, 0.04958127, -0.00903626
-0.4709006, 0.6181829, 0.62932217
0.9215256, 0.56353691
-0.0199842, 0.01137202, -0.01569608
-0.97750783, 0.04251228, 0.2064272
0.91851383, 0.5001336
-0.00716465, 0.00996806, -0.00301808
0.00698874, 0.19916379, 0.97991884
0.8766017, 0.6739226
-0.0049061, 0.00991201, -0.00302287
0.63734853, 0.13183996, 0.75917846
0.88252902, 0.67576465
-0.00620072, 0.05179629, -0.03783695
0.01757866, 0.76451916, -0.6443373
0.97658634, 0.58036062
-0.00257632, 0.05170638, -0.03784464
0.45896786, 0.64406264, -0.61195713
0.97059238, 0.58872184
-0.00354023, 0.01313591, -0.04114132
0.58735925, 0.03723258, -0.80843532
0.9875353, 0.67101294
-0.00474978, -0.10318214, 0.00123584
0.99514759, -0.03592028, 0.09143345
0.86267853, 0.96307572
-0.00767575, -0.10420787, 0.02601463
0.53712577, -0.37043366, 0.75777459
0.80927235, 0.95306678
-0.00620218, -0.11031282, 0.01171279
0.62880337, -0.75453961, 0.18774986
0.83353281, 0.97455783
-0.00638575, -0.100945, -0.04830594
0.52113408, -0.36249885, -0.77263713
0.99019575, 0.96036704
-0.01001015, -0.10085505, -0.04829825
-0.01236, -0.42167425, -0.90664387
0.99976617, 0.96491427
-0.01839881, 0.01350457, -0.04110982
-0.58818322, 0.06640828, -0.80596334
0.97238028, 0.49902678
-0.02124433, -0.10057631, -0.04827444
-0.54173404, -0.33613086, -0.77037871
0.95800591, 0.27877188
-0.02520432, -0.10076207, -0.03302141
-0.9904477, -0.01593066, -0.13690603
0.93077135, 0.278009
-0.01012681, -0.10939074, -0.00343049
-0.02487259, -0.99786371, -0.0601825
0.86977661, 0.99706913
-0.00488131, -0.10952088, -0.0034416
0.67207861, -0.74044007, 0.00726341
0.87241101, 0.98164652
-0.00699829, -0.10731089, -0.03968507
0.39722893, -0.84435558, -0.35947752
0.97220218, 0.9794878
-0.02091166, -0.10696566, -0.03965556
-0.44013795, -0.82357252, -0.35770744
0.94506925, 0.26508194
-0.02163779, -0.10992986, 0.01174551
-0.66463208, -0.72243416, 0.19049653
0.84091717, 0.2712419
-0.01772486, -0.11002693, 0.01173722
-0.02404859, -0.9846797, 0.17255165
0.83566886, 0.26472282
-0.02277919, -0.1027348, 0.00127407
-0.99530017, 0.01342814, 0.09564501
0.86313212, 0.27801621
-0.02298199, -0.10907185, -0.00340322
-0.70790732, -0.70619833, 0.01019318
0.86971802, 0.26356435
-0.02535788, -0.10693759, -0.03318146
-0.76763207, -0.5998413, -0.22559282
0.93069756, 0.26620919
-0.01015012, -0.10723269, -0.03967838
-0.02005066, -0.94329661, -0.33127841
0.97705477, 0.98734624
-0.00252881, -0.10750398, -0.03322987
0.73595387, -0.63716543, -0.22879727
0.9524045, 0.9776918
-0.01013846, -0.10777223, -0.02786688
-0.01693777, -0.99810785, -0.05862606
0.94304466, 0.9997663
-0.02238406, 0.0125175, -0.02839616
-0.99826044, 0.02960295, -0.05096591
0.94409841, 0.4985916
0.000445, 0.0119511, -0.02844459
0.99826044, -0.01992859, -0.05520798
0.95231628, 0.67474687
-0.00237527, -0.10132846, -0.03306981
0.98785365, -0.06500442, -0.14108707
0.95261902, 0.96186188
-0.02142014, 0.05135395, -0.02821142
-0.74507886, 0.66695148, -0.00460829
0.94842094, 0.55858469
-0.0174349, 0.05207501, -0.03781313
-0.4290292, 0.66606647, -0.6100955
0.9605096, 0.56021288
-0.01381043, 0.05116513, -0.02822755
0.02487259, 0.9960326, 0.08511613
0.95010567, 0.56954205
0.00140894, 0.05078753, -0.02825982
0.77718437, 0.62916958, -0.00784326
0.95312279, 0.59533986
-0.00620072, 0.05097634, -0.02824369
0.02487259, 0.9960326, 0.08511613
0.95232499, 0.58150655
-0.00620072, 0.05015638, -0.01865044
0.02487259, 0.9960326, 0.08511613
0.93437624, 0.58278608
-0.01381043, 0.0519851, -0.03782082
0.01757866, 0.76451916, -0.6443373
0.96515417, 0.56412289
-0.01774817, -0.10758343, -0.02785074
-0.0328074, -0.99774164, -0.05859554
0.92406124, 0.24946594
-0.01773652, -0.10920197, -0.00341434
-0.02487259, -0.99786371, -0.0601825
0.86704731, 0.25160277
-0.01013846, -0.10777223, -0.02786688
-0.01693777, -0.99810785, -0.05862606
0.92828178, 0.23092318
-0.01012681, -0.10939074, -0.00343049
-0.02487259, -0.99786371, -0.0601825
0.86203009, 0.23180193
-0.01775983, -0.10704389, -0.03966225
-0.02813807, -0.94308299, -0.33127841
0.94859588, 0.2594834
-0.01015012, -0.10723269, -0.03967838
-0.02005066, -0.94329661, -0.33127841
0.95926303, 0.243653
-0.00993438, -0.10415184, 0.02601943
-0.00909452, -0.44404432, 0.8959319
0.80353111, 0.95422117
-0.01011513, -0.11021572, 0.01172108
-0.02404859, -0.9846797, 0.17255165
0.8273223, 0.9838297
-0.00993438, -0.10415184, 0.02601943
-0.00909452, -0.44404432, 0.8959319
0.80353129, 0.28504682
-0.01761988, -0.10066625, -0.04828212
-0.01236, -0.42167425, -0.90664387
0.96471649, 0.27534056
-0.01001015, -0.10085505, -0.04829825
-0.01236, -0.42167425, -0.90664387
0.98028368, 0.26562792
-0.01011513, -0.11021572, 0.01172108
-0.02404859, -0.9846797, 0.17255165
0.82344645, 0.25070608
-0.01477434, 0.01341462, -0.04111751
-0.00027467, 0.07391583, -0.99725336
0.97973907, 0.49935454
-0.00716463, 0.01322584, -0.04113364
-0.00027467, 0.07391583, -0.99725336
0.99530035, 0.50079605
-0.01477434, 0.01015684, -0.00300195
0.00701926, 0.19916379, 0.97991884
0.88569361, 0.50531977
-0.01381043, 0.04952524, -0.00904105
0.01956236, 0.73009431, 0.68303478
0.91916054, 0.56666863
-0.00716465, 0.00996806, -0.00301808
0.00698874, 0.19916379, 0.97991884
0.87170148, 0.51108259
-0.00620072, 0.04933643, -0.00905718
0.01956236, 0.73009431, 0.68303478
0.91175103, 0.58403346
-0.00603998, 0.09472723, 0.00495934
0.71578109, -0.68602556, -0.13031404
0.7428239, 0.2485348
-0.01057616, 0.09483977, 0.00496895
-0.74947357, -0.64967805, -0.12723167
0.74516439, 0.25684023
-0.01057696, 0.09529723, -0.00076262
-0.59160131, -0.5150609, -0.62019718
0.75070304, 0.25092089
-0.01043303, 0.1005696, 0.00542617
-0.60893583, 0.70174259, 0.36973175
0.75709707, 0.26575375
-0.01043383, 0.10102691, -0.0003054
-0.56285286, 0.63557845, -0.52836698
0.76513463, 0.24925166
-0.01043303, 0.1005696, 0.00542617
-0.60893583, 0.70174259, 0.36973175
0.75437605, 0.22720516
-0.00589686, 0.10045706, 0.00541655
0.64455092, 0.67064422, 0.36704612
0.74708331, 0.24103558
-0.00589773, 0.10091439, -0.00031502
0.59144872, 0.60692161, -0.53080845
0.75237447, 0.24554402
-0.0105459, 0.09569315, 0.00925315
-0.79415268, 0.53740042, 0.28370005
0.73156798, 0.22926307
-0.00600973, 0.09558062, 0.00924353
0.82100892, 0.49732962, 0.28028199
0.73433882, 0.24325961
-0.00604079, 0.09518467, -0.00077224
0.56270027, -0.54371774, -0.62263864
0.74922323, 0.24810755
-0.01054672, 0.09526223, 0.01390992
-0.7446211, 0.66222113, -0.08352916
0.71628273, 0.23403478
-0.00601054, 0.0951497, 0.0139003
0.77617723, 0.62450027, -0.08676412
0.72304451, 0.24540573
-0.00606304, 0.09344908, 0.00907345
0.66609699, -0.73180336, -0.14398633
0.73407936, 0.24852163
-0.01059914, 0.09356162, 0.00908307
-0.7021699, -0.69786674, -0.14108707
0.73520374, 0.25956935
-0.0105459, 0.09569315, 0.00925315
-0.79415268, 0.53740042, 0.28370005
0.73682404, 0.26575375
-0.00594194, 0.09739697, 0.01995844
0.5751518, 0.64784694, 0.4994354
0.71519256, 0.24882245
-0.0059834, 0.0957373, 0.01982602
0.59807122, -0.47312844, 0.6468398
0.71587688, 0.25010276
-0.01059996, 0.09313062, 0.01373983
-0.67232275, -0.72963655, 0.12463759
0.72392797, 0.25931668
-0.01054672, 0.09526223, 0.01390992
-0.7446211, 0.66222113, -0.08352916
0.72102076, 0.26548755
-0.00606379, 0.09301808, 0.01373021
0.63585317, -0.76210821, 0.12186041
0.72453803, 0.24940825
-0.01047805, 0.09750952, 0.01996806
-0.54017764, 0.67555773, 0.50178534
0.70091194, 0.2511757
-0.01051957, 0.09584984, 0.01983564
-0.61806083, -0.44294566, 0.64943385
0.71062177, 0.25384176
-0.01232149, 0.07979935, 0.02178434
-0.61470383, -0.72252572, 0.31632435
0.70998985, 0.53636789
-0.00480797, 0.07961294, 0.0217684
0.57945496, -0.75215918, 0.3137913
0.80273438, 0.50390619
-0.00653733, 0.09128354, 0.02269994
0.68553728, -0.01614429, 0.72780544
0.80453676, 0.64594007
-0.0100116, 0.09136974, 0.02270731
-0.68242437, 0.01776177, 0.73070467
0.70998985, 0.53636789
-0.00951389, 0.11129451, 0.02429729
-0.66624957, -0.07269509, 0.74214911
0.80273438, 0.50390619
-0.00951403, 0.1113736, 0.0233058
-0.79168063, -0.32248908, -0.5188452
0.80453676, 0.64594007
-0.00459942, 0.11683112, 0.02412275
0.66667682, 0.47499007, 0.57432783
0.70998985, 0.53636789
-0.01067426, 0.11698186, 0.02413563
-0.63988161, 0.50740075, 0.57710499
0.80273438, 0.50390619
-0.00951389, 0.11129451, 0.02429729
-0.66624957, -0.07269509, 0.74214911
0.80453676, 0.64594007
-0.00603977, 0.1112874, 0.02329843
0.77251506, -0.36130863, -0.52214116
0.70501941, 0.65349105
-0.00603963, 0.1112083, 0.02428992
0.66496778, -0.10571612, 0.73934144
0.70998985, 0.53636789
-0.00653733, 0.09128354, 0.02269994
0.68553728, -0.01614429, 0.72780544
0.80273438, 0.50390619
-0.0100116, 0.09136974, 0.02270731
-0.68242437, 0.01776177, 0.73070467
0.80453676, 0.64594007
-0.00653747, 0.09136262, 0.0217085
0.78057194, 0.36078981, -0.51039153
0.70998985, 0.53636789
-0.01001174, 0.09144881, 0.02171587
-0.76387829, 0.39912108, -0.50712609
0.80273438, 0.50390619
-0.01067426, 0.11698186, 0.02413563
-0.63988161, 0.50740075, 0.57710499
0.70998985, 0.53636789
-0.00459942, 0.11683112, 0.02412275
0.66667682, 0.47499007, 0.57432783
0.80273438, 0.50390619
-0.00460062, 0.11751239, 0.01558589
0.58043152, 0.28278452, -0.76360363
0.80453676, 0.64594007
-0.00460062, 0.11751239, 0.01558589
0.58043152, 0.28278452, -0.76360363
0.70998985, 0.53636789
-0.00951403, 0.1113736, 0.0233058
-0.79168063, -0.32248908, -0.5188452
0.70501941, 0.65349105
-0.01067546, 0.1176631, 0.01559877
-0.56892604, 0.3112888, -0.76116216
0.70998985, 0.53636789
-0.00460062, 0.11751239, 0.01558589
0.58043152, 0.28278452, -0.76360363
0.80273438, 0.50390619
-0.01067546, 0.1176631, 0.01559877
-0.56892604, 0.3112888, -0.76116216
0.80273438, 0.50390619
-0.00467151, 0.085701, 0.01489438
0.63264871, 0.03118992, -0.7737968
0.70501941, 0.65349105
-0.00480797, 0.07961294, 0.0217684
0.57945496, -0.75215918, 0.3137913
0.70998985, 0.53636789
-0.01232149, 0.07979935, 0.02178434
-0.61470383, -0.72252572, 0.31632435
0.80273438, 0.50390619
-0.01001174, 0.09144881, 0.02171587
-0.76387829, 0.39912108, -0.50712609
0.70501941, 0.65349105
-0.01218502, 0.08588742, 0.01491031
-0.63359475, 0.06262398, -0.77111119
0.70998985, 0.53636789
-0.00653747, 0.09136262, 0.0217085
0.78057194, 0.36078981, -0.51039153
0.70501941, 0.65349105
-0.00467151, 0.085701, 0.01489438
0.63264871, 0.03118992, -0.7737968
0.70998985, 0.53636789
-0.01218502, 0.08588742, 0.01491031
-0.63359475, 0.06262398, -0.77111119
0.80273438, 0.50390619
-0.00467151, 0.085701, 0.01489438
0.63264871, 0.03118992, -0.7737968
0.80273438, 0.50390619
-0.00653747, 0.09136262, 0.0217085
0.78057194, 0.36078981, -0.51039153
0.80453676, 0.64594007
-0.00228613, 0.12039407, -0.00229144
0.68926054, -0.7221595, -0.0577105
0.60153776, 0.71964183
-0.00228091, 0.11747416, 0.03429971
0.67305523, -0.73952454, -0.00674459
0.52109188, 0.71964318
-0.01339962, 0.11775002, 0.0343233
-0.70891446, -0.70525223, -0.00381481
0.52109224, 0.7440179
-0.01339962, 0.11775002, 0.0343233
-0.70891446, -0.70525223, -0.00381481
0.39482522, 0.86668816
-0.01248589, 0.15432982, 0.03724227
-0.69707328, 0.71617788, 0.03375347
0.31755424, 0.8443107
-0.01249104, 0.15724976, 0.00065111
-0.68926054, 0.7221595, 0.0577105
0.29517692, 0.9215818
-0.01248589, 0.15432982, 0.03724227
-0.69707328, 0.71617788, 0.03375347
0.22043608, 0.74402279
-0.00136718, 0.15405397, 0.0372187
0.73186439, 0.68071538, 0.03073214
0.22043575, 0.71964809
-0.00137239, 0.15697393, 0.00062753
0.7244789, 0.68709373, 0.05471969
0.13998975, 0.71964937
-0.00137239, 0.15697393, 0.00062753
0.7244789, 0.68709373, 0.05471969
0.29517072, 0.54208711
-0.00136718, 0.15405397, 0.0372187
0.73186439, 0.68071538, 0.03073214
0.3175506, 0.61935753
-0.00228091, 0.11747416, 0.03429971
0.67305523, -0.73952454, -0.00674459
0.39482087, 0.59697753
-0.01247216, 0.15423308, 0.04485257
-0.70397043, 0.70946378, -0.03250221
0.23711576, 0.74402255
-0.00135345, 0.15395723, 0.04482899
0.73812068, 0.6736961, -0.03555406
0.23711543, 0.71964785
-0.01241238, 0.15559641, 0.05709057
-0.69219029, 0.71675771, -0.08423109
0.2641021, 0.74402216
-0.00129368, 0.15532054, 0.05706699
0.72652364, 0.68156987, -0.08725242
0.26410174, 0.71964747
-0.00222169, 0.11850503, 0.05017127
0.68459117, -0.72643209, 0.06002991
0.48623508, 0.71964383
-0.0133404, 0.11878076, 0.05019483
-0.71950436, -0.69161046, 0.06302072
0.48623562, 0.74401855
-0.00135345, 0.15395723, 0.04482899
0.73812068, 0.6736961, -0.03555406
0.32110876, 0.63565326
-0.00222169, 0.11850503, 0.05017127
0.68459117, -0.72643209, 0.06002991
0.39959449, 0.63150588
-0.0133404, 0.11878076, 0.05019483
-0.71950436, -0.69161046, 0.06302072
0.399598, 0.83215979
-0.01247216, 0.15423308, 0.04485257
-0.70397043, 0.70946378, -0.03250221
0.32111192, 0.82801485
-0.00122866, 0.15691903, 0.0690259
0.74559772, 0.64745015, -0.1576281
0.32540095, 0.68890563
-0.002033, 0.12369969, 0.07837663
0.68205816, -0.7028718, 0.2018189
0.40085632, 0.69434744
-0.00215536, 0.12000062, 0.06395196
0.67378765, -0.72777492, 0.1276284
0.40244967, 0.66175008
-0.01327407, 0.12027648, 0.0639755
-0.70851773, -0.69347209, 0.13055818
0.40245187, 0.80191547
-0.01241238, 0.15559641, 0.05709057
-0.69219029, 0.71675771, -0.08423109
0.32357103, 0.80114082
-0.00215536, 0.12000062, 0.06395196
0.67378765, -0.72777492, 0.1276284
0.45585638, 0.7196444
-0.01327407, 0.12027648, 0.0639755
-0.70851773, -0.69347209, 0.13055818
0.45585692, 0.74401906
-0.00129368, 0.15532054, 0.05706699
0.72652364, 0.68156987, -0.08725242
0.32356876, 0.6625272
-0.01303616, 0.12769094, 0.08942154
-0.59242529, -0.38984343, 0.70497757
0.39773005, 0.74402013
-0.01220615, 0.16174263, 0.08243538
-0.552324, 0.72615743, 0.4094058
0.32152814, 0.74402136
-0.01234737, 0.15719488, 0.06904947
-0.71321756, 0.68364513, -0.15454572
0.32540232, 0.77476236
-0.01234737, 0.15719488, 0.06904947
-0.71321756, 0.68364513, -0.15454572
0.29054403, 0.7440218
-0.00122866, 0.15691903, 0.0690259
0.74559772, 0.64745015, -0.1576281
0.29054374, 0.71964711
-0.01315171, 0.12397555, 0.07840022
-0.71520126, -0.66820276, 0.20477919
0.40085757, 0.76931804
-0.002033, 0.12369969, 0.07837663
0.68205816, -0.7028718, 0.2018189
0.4232201, 0.71964496
-0.01315171, 0.12397555, 0.07840022
-0.71520126, -0.66820276, 0.20477919
0.42322052, 0.74401969
-0.00191745, 0.12741511, 0.08939795
0.57536548, -0.41883603, 0.70250559
0.39772964, 0.71964544
-0.00108745, 0.16146678, 0.08241177
0.58937347, 0.6978057, 0.40696433
0.32152772, 0.71964666
0.00915416, 0.16859512, -0.01870608
0.806238, -0.58967865, -0.0471511
0.21488266, 0.26184416
0.00771162, 0.17959823, -0.01782779
0.81444746, -0.57835627, -0.04626606
0.23360173, 0.23957348
0.00357674, 0.17890622, -0.00786186
0.57191688, -0.6189459, 0.53831601
0.1981338, 0.20558155
-0.00640841, 0.17882483, -0.00371626
-0.01379437, -0.62370676, 0.78151798
0.12589838, 0.17552018
-0.00668195, 0.16772775, -0.00287941
-0.01409955, -0.63460189, 0.77266765
0.08316302, 0.28689802
-0.00640841, 0.17882483, -0.00371626
-0.01379437, -0.62370676, 0.78151798
0.11693886, 0.41582894
-0.01639478, 0.17940171, -0.00781949
-0.59959716, -0.58986175, 0.54081851
0.19850555, 0.3805564
-0.02053246, 0.18029897, -0.01776794
-0.84231085, -0.53724784, -0.04275643
0.23725587, 0.34531403
-0.02252264, 0.16938102, -0.01863894
-0.83468121, -0.54896694, -0.04367199
0.21416317, 0.32094014
-0.01639758, 0.18099101, -0.02773392
-0.59974974, -0.49665824, -0.62733847
0.25283766, 0.31605613
-0.01788519, 0.17015706, -0.02981617
-0.59443951, -0.50877404, -0.62266916
0.22974814, 0.30551958
-0.00641237, 0.18107238, -0.0318795
-0.01403851, -0.49189734, -0.87050998
0.25728965, 0.2899648
-0.00668646, 0.17024837, -0.0344656
-0.01431318, -0.5040437, -0.86352122
0.23742521, 0.29054123
-0.0268121, 0.18318509, -0.01753673
-0.88946193, -0.45567188, -0.03405866
0.25683805, 0.35605884
-0.02081867, 0.18418807, -0.03198242
-0.63212991, -0.41685233, -0.65315711
0.26884463, 0.31939006
0.00357394, 0.18049552, -0.02777625
0.57173377, -0.52571183, -0.62984097
0.25130129, 0.26540792
0.00451364, 0.16960132, -0.02986365
0.5658437, -0.53755301, -0.62514114
0.2324242, 0.27563876
-0.01788212, 0.16837467, -0.00748137
-0.59428692, -0.60109258, 0.53428757
0.18332392, 0.32291549
-0.0063451, 0.184306, -0.03799149
-0.01217689, -0.41352579, -0.91039765
0.2715469, 0.28892851
-0.01177756, 0.35590971, -0.01589083
-0.52497941, 0.69609666, -0.48966947
0.69001627, 0.27849323
0.00813009, 0.18346985, -0.03204381
0.60789818, -0.44761497, -0.65578175
0.26551396, 0.25973606
0.01412758, 0.18216939, -0.01762353
0.86562699, -0.49922177, -0.03778192
0.24981803, 0.22709537
-0.00633936, 0.18104838, 0.00283119
-0.01162755, -0.54155093, 0.84057128
0.14544743, 0.47791404
-0.02081461, 0.1818845, -0.00311646
-0.63274026, -0.50733972, 0.58494824
0.22443816, 0.40679818
0.00813415, 0.18116629, -0.00317783
0.60927153, -0.53816342, 0.58232367
0.21678743, 0.18326139
-0.01580674, 0.3552354, -0.00617941
-0.74752039, 0.66228217, 0.05041658
0.68962431, 0.28657973
-0.00828433, 0.35480934, -0.00339408
-0.57298499, 0.81694996, 0.06500442
0.69625521, 0.28900635
-0.00645761, 0.35511494, -0.0077969
-0.39945677, 0.84582049, -0.3534959
0.6998719, 0.27848864
0.01171586, 0.35455254, -0.00623777
0.77965635, 0.6243782, 0.04718161
0.68816197, 0.25440502
0.00768662, 0.3538782, 0.00347365
0.55510116, 0.59089941, 0.58537555
0.68134791, 0.24225074
-0.01177483, 0.35436106, 0.00351491
-0.5226295, 0.61763358, 0.58766443
0.68376613, 0.29812229
0.00768389, 0.35542685, -0.0159321
0.55677968, 0.66927093, -0.4919889
0.68935448, 0.26259613
-0.00204351, 0.35379893, 0.00751337
0.01629688, 0.58821374, 0.80849636
0.67198658, 0.32333976
-0.00204737, 0.35598895, -0.01993055
0.01580859, 0.69902647, -0.71489608
0.68967104, 0.27054203
-0.00204351, 0.35379893, 0.00751337
0.01629688, 0.58821374, 0.80849636
0.67184865, 0.22129941
-0.00645637, 0.35441297, 0.00100093
-0.39915159, 0.77959532, 0.48255867
0.69431257, 0.30206323
-0.00636539, 0.35805601, 0.00129165
-0.44010743, -0.82439649, 0.35587633
0.70233655, 0.29635191
-0.00819327, 0.35845226, -0.00310339
-0.61424601, -0.78658408, -0.0626545
0.70320773, 0.28563416
0.0023655, 0.35489607, -0.00781564
0.4394055, 0.82500684, -0.35526597
0.69997704, 0.26366806
-0.00204456, 0.35415804, 0.00281368
0.0201117, 0.75551623, 0.65477461
0.6893357, 0.3151843
-0.00204638, 0.355151, -0.00962836
0.01992859, 0.84917754, -0.52769554
0.7010498, 0.27130568
0.00236673, 0.35419399, 0.00098223
0.43937498, 0.75881219, 0.48075807
0.68981051, 0.23844343
0.0041934, 0.35449982, -0.00342056
0.61308634, 0.78753012, 0.06250191
0.69625628, 0.25345683
0.0024565, 0.35853916, -0.00752491
0.40006715, -0.77834404, -0.4837794
0.70640624, 0.26414192
0.00358765, 0.35860118, -0.00865538
0.63591421, -0.70201725, -0.32050538
0.70909238, 0.26638782
0.00588434, 0.3581031, -0.00313325
0.76042968, -0.64732808, -0.05175939
0.70514655, 0.25651681
-0.00195356, 0.35780114, 0.00310441
-0.01992859, -0.84865868, 0.52851957
0.7016834, 0.30721116
-0.00195531, 0.35879397, -0.00933761
-0.02008118, -0.75408185, -0.65645313
0.70623827, 0.27042717
-0.00204456, 0.35415804, 0.00281368
0.0201117, 0.75551623, 0.65477461
0.69076228, 0.22908705
0.00245767, 0.35783714, 0.00127294
0.40012819, -0.84527117, 0.35407576
0.69956899, 0.24299419
-0.00636661, 0.35875806, -0.00750619
-0.44019899, -0.75753045, -0.48197883
0.70601487, 0.27648818
0.0042844, 0.35814285, -0.00312985
0.57414472, -0.81612599, -0.06518754
0.70272553, 0.25415981
-0.00119893, 0.3892166, -0.00857933
0.02487259, 0.99652088, 0.07950072
0.72433805, 0.27072895
0.00438924, 0.38889378, -0.00628325
0.67137671, 0.71190524, -0.20596942
0.72388637, 0.2686981
0.00172178, 0.38950849, -0.01315082
0.66771448, 0.74175239, -0.06247139
0.72293258, 0.27034581
-0.00195334, 0.35767376, 0.00469976
-0.01556444, -0.68984038, 0.723777
0.70956409, 0.30153096
-0.00749652, 0.35799402, 0.00242214
-0.56440932, -0.65810114, 0.4982757
0.70615733, 0.29200959
-0.00195554, 0.35892135, -0.01093301
-0.02487259, -0.99652088, -0.07950072
0.70802724, 0.27045763
0.0035892, 0.35771888, 0.00239863
0.53315836, -0.68538469, 0.49592578
0.70294607, 0.24683273
-0.00195334, 0.35767376, 0.00469976
-0.01556444, -0.68984038, 0.723777
0.70801163, 0.23911202
-0.00749807, 0.35887611, -0.00863188
-0.67128515, -0.66960663, -0.31772819
0.70867503, 0.27475631
-0.00979322, 0.35849202, -0.00309997
-0.79183322, -0.60878325, -0.04846339
0.7049551, 0.28406596
-0.00183401, 0.36358744, -0.00821853
0.02487259, 0.99652088, 0.0794702
0.71410322, 0.27019441
-0.00737688, 0.36372805, -0.00824471
-0.90191352, 0.43189794, -0.00177007
0.71349287, 0.27145714
-0.00488485, 0.36346799, -0.00576542
-0.40018922, 0.84524065, -0.35410628
0.71483552, 0.27407265
0.00371039, 0.36257082, 0.00278582
0.5645619, 0.57075715, 0.59617907
0.7105813, 0.25344694
0.00106286, 0.36405542, -0.01498962
0.92803735, 0.22119816, -0.29960021
0.7113322, 0.26983249
0.00161268, 0.38514063, -0.01349938
0.81246376, -0.27024141, -0.51652575
0.72229111, 0.2706545
0.00418328, 0.38064849, -0.0069412
0.90139472, -0.42725915, -0.07016205
0.71959817, 0.26954496
0.00600554, 0.36295491, -0.00274606
0.79183322, 0.60878325, 0.04846339
0.71048307, 0.26119679
-0.00967202, 0.36334389, -0.00271282
-0.76042968, 0.64729756, 0.05175939
0.7109735, 0.27963901
-0.00737532, 0.3628459, 0.00280933
-0.53303629, 0.59801018, 0.59849846
0.71178472, 0.28682053
0.00370884, 0.36345297, -0.00826822
0.92220831, 0.386639, -0.00564592
0.71342885, 0.26889527
-0.00183214, 0.36252564, 0.00508694
0.01577807, 0.56630147, 0.82403028
0.71525061, 0.2927959
-0.00614829, 0.36325648, -0.00272028
-0.57417524, 0.81612599, 0.06521805
0.71584666, 0.27962345
-0.00571882, 0.38044947, -0.00134833
-0.61418498, -0.78664511, -0.06268502
0.7187897, 0.27822757
0.00248179, 0.36304238, -0.00273858
0.61418498, 0.78664511, 0.06268502
0.71570468, 0.26130098
-0.00488399, 0.36298233, 0.0003195
-0.40006715, 0.77837461, 0.4837794
0.71652973, 0.28347391
0.00121751, 0.36331666, -0.00577836
0.44010743, 0.82436597, -0.35590684
0.7146256, 0.26630259
-0.00183264, 0.36280608, 0.00157324
0.0201117, 0.75408185, 0.65645313
0.71782017, 0.28678352
-0.00183385, 0.36349279, -0.00703213
0.01989807, 0.84865868, -0.52851957
0.7145226, 0.27017134
-0.00183214, 0.36252564, 0.00508694
0.01577807, 0.56630147, 0.82403028
0.71413946, 0.2445358
0.00121836, 0.36283088, 0.00030657
0.44019899, 0.75753045, 0.48200935
0.71755493, 0.25788653
-0.00445454, 0.38017535, 0.00169147
-0.44010743, -0.82439649, 0.35587633
0.71878481, 0.284235
-0.00699083, 0.38003632, 0.00422625
-0.56440932, -0.65813166, 0.4982757
0.72092211, 0.28230894
-0.00930623, 0.38053846, -0.00134069
-0.7918027, -0.60881376, -0.04846339
0.72213781, 0.27876735
0.00164698, 0.38050947, -0.00440638
0.40006715, -0.77834404, -0.48380992
0.71887434, 0.26751131
0.00291124, 0.38023531, -0.00136662
0.57414472, -0.81612599, -0.06518754
0.71797109, 0.2630403
-0.00140317, 0.37999907, 0.00294522
-0.01989807, -0.84865868, 0.52851957
0.72094429, 0.28424728
-0.00140438, 0.38068584, -0.0056601
-0.0201117, -0.75411236, -0.6563921
0.71897745, 0.27079511
0.00164782, 0.38002405, 0.00167854
0.4001587, -0.84524065, 0.35410628
0.71814382, 0.25875932
-0.00140317, 0.37999907, 0.00294522
-0.01989807, -0.84865868, 0.52851957
0.718575, 0.2570771
-0.00445538, 0.38066089, -0.00439344
-0.44022951, -0.75749993, -0.48200935
0.71877134, 0.27394891
0.00670462, 0.38839167, -0.00071627
0.7918027, 0.60878325, 0.04846339
0.72600555, 0.26435673
0.00649866, 0.38014635, -0.00137422
0.76042968, -0.64729756, -0.05175939
0.72097814, 0.26404274
-0.00140266, 0.37971365, 0.00652237
-0.01556444, -0.68980986, 0.72380751
0.72152376, 0.28362876
-0.00140455, 0.38078552, -0.00691
-0.02487259, -0.99652088, -0.07950072
0.71925902, 0.27074182
0.00418483, 0.37975922, 0.00420256
0.53318888, -0.68535417, 0.4959563
0.72070718, 0.26002914
-0.00699247, 0.38092571, -0.0069175
-0.92175055, -0.3820307, -0.06628621
0.71969938, 0.27182782
-0.00119859, 0.38902181, -0.00613742
0.01992859, 0.84865868, -0.52855009
0.72598588, 0.27035695
-0.00119672, 0.387959, 0.00718031
0.01577807, 0.56630147, 0.82403028
0.72181106, 0.28312641
-0.00678486, 0.38828176, 0.0048842
-0.53303629, 0.59801018, 0.59849846
0.7240144, 0.28271449
0.00094166, 0.35920355, -0.01537678
0.53923154, -0.73119295, -0.41776788
0.71032155, 0.26969361
-0.00140266, 0.37971365, 0.00652237
-0.01556444, -0.68980986, 0.72380751
0.71989048, 0.25731516
0.00439081, 0.38800454, 0.00486052
0.5645619, 0.57078767, 0.59617907
0.72220266, 0.25784433
-0.00485398, 0.35934734, -0.01536448
-0.57658619, -0.70351267, -0.41541794
0.71065938, 0.27106333
-0.00910027, 0.38878393, -0.00068274
-0.76042968, 0.64732808, 0.05175939
0.72702825, 0.2774328
-0.00505453, 0.38899034, -0.00453646
-0.40018922, 0.84524065, -0.35407576
0.72637522, 0.27155894
-0.00307374, 0.46828806, 0.00179126
-0.67558825, -0.25910214, -0.69020659
0.74050844, 0.27550399
-0.00119672, 0.387959, 0.00718031
0.01577807, 0.56630147, 0.82403028
0.72072721, 0.25765055
0.00265891, 0.3881852, 0.00313752
0.44019899, 0.75753045, 0.48197883
0.72208357, 0.25706309
-0.00678651, 0.38917112, -0.00625954
-0.63609731, 0.74434644, -0.20322275
0.72426009, 0.27291614
0.00425566, 0.38845238, -0.00071105
0.61418498, 0.78664511, 0.06268502
0.73260772, 0.26103008
-0.0066513, 0.38872302, -0.00068794
-0.57414472, 0.81612599, 0.06518754
0.73341238, 0.28006589
-0.00505346, 0.38837659, 0.00315386
-0.40006715, 0.77837461, 0.4837794
0.72432745, 0.2844438
0.00265788, 0.38879898, -0.0045528
0.44010743, 0.82436597, -0.35587633
0.72674346, 0.26953858
-0.00119706, 0.38815379, 0.00473837
0.02008118, 0.75411236, 0.65642262
0.72166371, 0.28256887
-0.00467051, 0.4680208, 0.00563984
-0.95190281, -0.3053377, -0.02420118
0.73768806, 0.28121889
-0.00698204, 0.47141373, 0.00591094
-0.96502578, -0.26123846, -0.02069155
0.74661541, 0.28230697
-0.00468403, 0.47179818, 0.00037239
-0.68456066, -0.21430098, -0.69670707
0.74681067, 0.27592623
0.00623647, 0.46775031, 0.0056167
0.93548387, -0.35218361, -0.02822962
0.73673439, 0.25957912
-0.00307265, 0.46767455, 0.00948165
-0.67540514, -0.36533707, 0.640553
0.73911059, 0.2883721
0.00463859, 0.46809667, 0.00177492
0.65898615, -0.29221472, -0.69304484
0.73983121, 0.26522863
0.00078371, 0.46745169, 0.01106617
-0.00808741, -0.40385145, 0.91476178
0.73761177, 0.29396749
0.00078218, 0.46831954, 0.0001904
-0.00833155, -0.25366986, -0.96722311
0.74094868, 0.2703532
0.00463977, 0.46748322, 0.00946531
0.65916926, -0.39844966, 0.63771474
0.7375021, 0.25215816
0.00078371, 0.46745169, 0.01106617
-0.00808741, -0.40385145, 0.91476178
0.73577368, 0.24651605
-0.00468247, 0.47091496, 0.01143966
-0.68434703, -0.32212287, 0.65410322
0.74717605, 0.29026258
-0.0039142, 0.50167543, 0.01389431
-0.53303629, 0.59797966, 0.59852898
0.79288411, 0.27718723
0.006415, 0.47152293, 0.00034886
0.67012542, -0.24790186, -0.69957578
0.74672031, 0.26449049
0.00086735, 0.47059447, 0.01372002
-0.00695822, -0.3612476, 0.932432
0.74601376, 0.30223358
0.00086515, 0.47184354, -0.00193146
-0.00723289, -0.20877713, -0.97790462
0.74694598, 0.2703079
0.00641655, 0.47063953, 0.01141614
0.67030853, -0.35572374, 0.65120393
0.74580204, 0.24898589
0.00086735, 0.47059447, 0.01372002
-0.00695822, -0.3612476, 0.932432
0.74362707, 0.23607779
0.00871443, 0.47102427, 0.00587762
0.95080417, -0.30878627, -0.02475051
0.74599147, 0.25785512
0.00718492, 0.50140005, 0.01387078
0.5645619, 0.57075715, 0.59617907
0.79545546, 0.25905114
0.00948278, 0.50178468, 0.00833227
0.7918027, 0.60881376, 0.04846339
0.78712964, 0.26313335
-0.00391575, 0.50255853, 0.00282701
-0.53318888, 0.68532366, -0.4959563
0.78471649, 0.27234483
0.0071833, 0.50228322, 0.00280348
0.56440932, 0.65810114, -0.4982757
0.78548992, 0.26650238
0.00163569, 0.50135481, 0.01617464
0.01577807, 0.56630147, 0.82403028
0.82448554, 0.2664265
0.00163349, 0.50260383, 0.00052312
0.01556444, 0.68980986, -0.723777
0.78829336, 0.26936358
-0.00621357, 0.50217414, 0.00836556
-0.76042968, 0.64732808, 0.05175939
0.78633869, 0.27488971
-0.0041209, 0.38965338, -0.01313843
-0.63039035, 0.77394938, -0.05972472
0.72293985, 0.27107531
0.00161141, 0.38585573, -0.02246229
0.84859765, -0.46412548, 0.25379193
0.7202512, 0.27108651
0.00149535, 0.38136089, -0.0246031
0.58043152, -0.71483505, 0.38993499
0.71956336, 0.27080917
0.0014987, 0.38201201, -0.03063637
0.90310371, -0.33780938, 0.26505324
0.71876764, 0.27070379
-0.00473278, 0.36419925, -0.01497733
-0.91720331, 0.26697591, -0.29569384
0.71131551, 0.27052206
-0.00423, 0.38528556, -0.01348699
-0.82705158, -0.22956023, -0.51304668
0.72234607, 0.27078313
-0.00453418, 0.37359083, -0.03120015
-0.71150851, -0.49900815, -0.49467453
0.71688986, 0.27088237
0.00126146, 0.373447, -0.03121244
0.6837672, -0.53361613, -0.49763483
0.71685803, 0.27023292
-0.00433735, 0.3832792, -0.04063287
-0.6284982, -0.23184912, -0.74242377
0.71833444, 0.27048802
-0.00434397, 0.38215697, -0.03062399
-0.91760004, -0.29261148, 0.26889858
0.71878481, 0.2706418
0.00138265, 0.37829882, -0.03082526
0.31809443, 0.35639516, 0.87850583
0.71799159, 0.27102107
-0.00441299, 0.37844265, -0.03081298
-0.29627368, 0.3716239, 0.87981808
0.71788061, 0.27022582
0.00162961, 0.38808769, -0.03999536
0.6420179, 0.3531602, -0.68047118
0.71856773, 0.27075469
0.00171853, 0.39134556, -0.03617122
0.64787745, 0.72276986, -0.24045533
0.71869338, 0.2707814
0.00160943, 0.38697764, -0.0365198
0.99966431, -0.02478103, -0.00210578
0.71858597, 0.27086478
-0.00412414, 0.39149052, -0.03615883
-0.61223179, 0.75405133, -0.23776971
0.71873081, 0.27053034
-0.00423127, 0.38600069, -0.0224499
-0.86947232, -0.42152166, 0.25745416
0.72048545, 0.27030307
-0.00434733, 0.38150582, -0.02459069
-0.61351359, -0.6852321, 0.39246804
0.71944892, 0.27057409
-0.00421308, 0.38823259, -0.03998296
-0.62657553, 0.3846553, -0.67778558
0.71854377, 0.27054673
-0.00423325, 0.38712257, -0.03650741
-0.99966431, 0.02478103, 0.00210578
0.71859968, 0.27042639
0.00150533, 0.38313431, -0.04064524
0.61305583, -0.26264229, -0.74504834
0.71837044, 0.27079988
-0.00509677, 0.07526027, -0.07006564
0.56044191, -0.51536608, -0.64824367
0.68661445, 0.50874311
-0.0051001, 0.07424191, -0.05972327
0.8537553, -0.4011353, -0.33188879
0.66880602, 0.51672748
-0.01338813, 0.07444768, -0.05970569
-0.87401956, -0.35825679, -0.32819605
0.68105912, 0.53261521
-0.0133848, 0.07546588, -0.07004806
-0.58806115, -0.48689231, -0.6458022
0.58149248, 0.48572356
-0.01338813, 0.07444768, -0.05970569
-0.87401956, -0.35825679, -0.32819605
0.59850407, 0.49739164
-0.01274008, 0.10047229, -0.05858314
-0.86284983, 0.26813564, 0.42844936
0.63017881, 0.45081556
-0.01282634, 0.09611858, -0.04832347
-0.71749014, 0.66570026, 0.20490128
0.63553333, 0.46795416
-0.00453831, 0.09591295, -0.04834103
0.75048065, 0.62929165, 0.20178838
0.64197195, 0.46972001
-0.00445205, 0.10026664, -0.05860065
0.87688833, 0.22495194, 0.42475662
0.65530205, 0.4539147
-0.0133848, 0.07546588, -0.07004806
-0.58806115, -0.48689231, -0.6458022
0.70044416, 0.51410329
-0.01268034, 0.10348743, -0.06568833
-0.70247507, 0.13574633, -0.69859922
0.70044458, 0.44525778
-0.00521094, 0.06968199, -0.05863994
0.60283214, -0.5299539, -0.59639269
0.6646468, 0.52624303
-0.00530183, 0.06501082, -0.04684985
0.59154028, 0.00833155, -0.80620748
0.64424008, 0.53837106
-0.01358986, 0.06521645, -0.04683229
-0.59379864, 0.03769036, -0.80370492
0.6406666, 0.54368818
-0.01349897, 0.0698876, -0.05862236
-0.63087863, -0.49934384, -0.59376812
0.59620839, 0.50951484
-0.01277618, 0.09539007, -0.04448163
-0.86114079, 0.34290597, -0.37522507
0.63728559, 0.46891922
-0.01349897, 0.0698876, -0.05862236
-0.63087863, -0.49934384, -0.59376812
0.66990435, 0.54027632
0.00038069, 0.16915259, -0.02833986
0.70094913, 0.51319927, 0.49519333
0.64636159, 0.20733172
-0.01402259, 0.16950993, -0.02830932
-0.67253637, 0.54728842, 0.49809259
0.62291771, 0.20390135
-0.01590059, 0.09433885, -0.03444609
-0.83254492, -0.02414014, 0.55339211
0.62766594, 0.47155321
-0.01358986, 0.06521645, -0.04683229
-0.59379864, 0.03769036, -0.80370492
0.61595833, 0.5280734
-0.01538453, 0.06471485, -0.03985785
-0.84163946, -0.05835139, 0.53685111
0.63085479, 0.53615859
-0.01463921, 0.09454992, -0.03744589
-0.94683677, 0.04971465, -0.31781974
0.63813007, 0.47131485
-0.00350464, 0.06441993, -0.03988307
0.83993042, -0.10003968, 0.53334147
0.63599414, 0.54076892
0.00611932, 0.06321665, -0.03997485
0.75859857, 0.29477829, 0.58101135
0.63628417, 0.56267527
0.00611809, 0.06376289, -0.04694546
0.75673693, 0.38395336, -0.52906889
0.64250207, 0.5606764
0.00177293, 0.05694676, -0.04046961
0.35792106, -0.74944305, 0.55696279
0.638717, 0.57504687
0.0017717, 0.05749302, -0.04744016
0.35773796, -0.65303504, -0.66747034
0.64085865, 0.56631804
-0.02505668, 0.0639901, -0.03990874
-0.74059266, 0.33198035, 0.5841853
0.63818872, 0.53726849
-0.02505791, 0.06453636, -0.04687935
-0.73897517, 0.42106387, -0.52589494
0.637012, 0.53920779
-0.02102869, 0.05751248, -0.04042124
-0.39228493, -0.73082674, 0.55854976
0.63931561, 0.54437134
-0.02102992, 0.05805873, -0.04739182
-0.39249855, -0.63441879, -0.66588336
0.63730371, 0.54458606
-0.00224263, 0.06414652, -0.03688863
0.67625964, -0.6113773, 0.41093174
0.64058805, 0.5353187
-0.00149731, 0.09398149, -0.03447662
0.83263648, -0.0654622, 0.54988253
0.64699376, 0.47217798
-0.00275931, 0.0942552, -0.03747106
0.94677573, 0.00274667, -0.32184821
0.63707769, 0.47215402
-0.0166459, 0.06450377, -0.0368581
-0.70400095, -0.5771355, 0.413831
0.62695229, 0.53237531
-0.00460826, 0.09518734, -0.04449895
0.87548447, 0.29984435, -0.3788873
0.63891137, 0.47026348
-0.00301638, 0.15890589, -0.03929627
0.70656455, -0.15768914, -0.68980986
0.63592994, 0.23507613
-0.00088415, 0.16931276, -0.03134133
0.67372662, 0.71663564, -0.18018128
0.63774651, 0.20455569
-0.01276404, 0.16960751, -0.03131614
-0.63814205, 0.74919891, -0.17740409
0.63180482, 0.19737911
-0.00273976, 0.16997847, -0.03839768
0.66933197, 0.73992127, -0.06668294
0.64584631, 0.2047596
-0.0111843, 0.15910855, -0.03927895
-0.71645254, -0.12237922, -0.68678856
0.64016765, 0.23521566
-0.00281993, 0.16476704, -0.04357098
0.82106996, -0.52201909, -0.23081149
0.64612585, 0.22726524
-0.01104824, 0.16826123, -0.05386492
-0.58421582, 0.58732873, -0.5600757
0.69678825, 0.2286256
-0.00276021, 0.16805561, -0.0538825
0.61024809, 0.55769527, -0.56260872
0.67141908, 0.23688847
-0.00439231, 0.1032818, -0.0657059
0.7053743, 0.10083316, -0.70159
0.676736, 0.44623393
-0.01098517, 0.16992487, -0.04358576
-0.67854851, 0.73122346, -0.06967375
0.67556441, 0.18997926
-0.00269714, 0.16971925, -0.04360332
0.71367532, 0.69667655, -0.07263406
0.65564209, 0.21371061
-0.002846, 0.16433218, -0.05080812
0.87453842, -0.36411634, 0.3202002
0.65766317, 0.24361074
-0.0111341, 0.16453779, -0.05079054
-0.8901639, -0.32035279, 0.32395399
0.63334101, 0.24698883
-0.01104824, 0.16826123, -0.05386492
-0.58421582, 0.58732873, -0.5600757
0.62354285, 0.24362695
-0.01268034, 0.10348743, -0.06568833
-0.70247507, 0.13574633, -0.69859922
0.6134038, 0.44049007
-0.01090768, 0.17018111, -0.03838036
-0.63209939, 0.77220982, -0.06393628
0.62342745, 0.21790719
-0.01098517, 0.16992487, -0.04358576
-0.67854851, 0.73122346, -0.06967375
0.62499064, 0.23103648
-0.01110796, 0.16497268, -0.04355346
-0.84691918, -0.480636, -0.22727133
0.63419962, 0.23293853
-0.01090768, 0.17018111, -0.03838036
-0.63209939, 0.77220982, -0.06393628
0.65126443, 0.17030764
-0.0169423, 0.16935436, -0.02118585
-0.76042968, 0.64732808, 0.05175939
0.29905641, 0.07961112
-0.01539788, 0.1096121, -0.01863878
-0.98043764, 0.00878933, 0.19653919
0.1607417, 0.0984332
-0.01392193, 0.16869943, -0.01392377
-0.62550735, 0.7569201, 0.18909268
0.29915255, 0.09752476
-0.00152294, 0.08107752, -0.02091779
0.98049867, -0.03982665, 0.19238868
0.51495761, 0.33703923
-0.00081776, 0.10843021, -0.00839047
0.99966431, -0.02478103, -0.00210578
0.48319256, 0.27142125
-0.00229371, 0.049343, -0.01310547
0.64995271, -0.68135625, 0.33655813
0.50132328, 0.40045363
0.00351204, 0.16231649, -0.02175035
0.95233011, 0.30491042, -0.00625629
0.54058725, 0.15497541
0.00367507, 0.16884284, -0.02122955
0.7918027, 0.60881376, 0.04846339
0.54237437, 0.14737147
0.00057523, 0.16507444, -0.01421507
0.98049867, -0.03982665, 0.19238868
0.52749842, 0.14774549
0.00049167, 0.16297141, -0.02901247
0.72890407, 0.06357005, -0.68163091
0.55089891, 0.16109544
0.0006547, 0.16949777, -0.02849167
0.56440932, 0.65810114, -0.4982757
0.55248475, 0.15020961
-0.00075277, 0.11315185, -0.03298792
0.76918852, 0.1027253, -0.63069552
0.54781055, 0.26602298
-0.00663506, 0.16991891, -0.03148692
0.01556444, 0.68980986, -0.723777
0.56541413, 0.14877361
0.00065674, 0.16833775, -0.01395467
0.66307563, 0.72493666, 0.18634602
0.53005964, 0.14093453
-0.01392397, 0.16985944, -0.02846076
-0.53318888, 0.68535417, -0.4959563
0.57999897, 0.1340006
-0.01989419, 0.05117993, -0.03061586
-0.79183322, -0.60878325, -0.04846339
0.02388084, 0.07961041
-0.01392397, 0.16985944, -0.02846076
-0.53318888, 0.68535417, -0.4959563
0.29905638, 0.06129652
-0.00958696, 0.05174437, -0.04091692
-0.01577807, -0.56630147, -0.82403028
0.56528318, 0.39163983
-0.01687586, 0.05168504, -0.03789078
-0.5645619, -0.57075715, -0.59617907
0.58493131, 0.41627914
-0.01687382, 0.05052486, -0.02335377
-0.66304511, -0.74535358, 0.06921598
0.53261459, 0.43928587
-0.00229515, 0.05016316, -0.02338469
0.62553787, -0.77730644, 0.06646931
0.52205205, 0.39855224
-0.00958304, 0.04952386, -0.01309002
-0.02481155, -0.99954224, -0.01651051
0.49756226, 0.41685021
-0.01412793, 0.15799661, 0.01415356
-0.70159, 0.71169162, 0.03555406
0.45628715, 0.11119992
0.00045081, 0.15763491, 0.01412265
0.73613697, 0.6760155, 0.03250221
0.45764554, 0.14410979
0.00045605, 0.15896694, 0.00104169
0.83983886, 0.44721824, 0.30756554
0.4919005, 0.1465131
-0.00084127, 0.10710113, -0.00395804
0.99966431, -0.02478103, -0.00210578
0.47290069, 0.2735855
-0.00113277, 0.09544782, -0.00508138
0.99966431, -0.02478103, -0.00210578
0.47675094, 0.29909164
-0.01539643, 0.1087919, -0.00835955
-0.99966431, 0.02478103, 0.00210578
0.16066727, 0.12284923
-0.01392048, 0.1678791, -0.00364454
-0.59685051, 0.67787713, 0.42918178
0.29941818, 0.12117058
-0.01392121, 0.16828923, -0.00878416
-0.68926054, 0.7221595, 0.0577105
0.299265, 0.10934532
-0.00957687, 0.04969113, -0.00949421
-0.01989807, -0.84829247, 0.5290994
0.02075849, 0.13619184
-0.0129898, 0.04977582, -0.00948697
-0.57075715, -0.70018613, 0.42887661
0.02436311, 0.1308884
-0.01299568, 0.04969225, -0.01128486
-0.38001648, -0.87972653, 0.2857143
0.02167381, 0.12890095
-0.01412262, 0.15932864, 0.00107261
-0.81533247, 0.48829615, 0.31107518
0.48179105, 0.10705554
0.00055712, 0.16324212, -0.00131688
0.71666616, 0.3238014, 0.6176641
0.50071663, 0.13993144
-0.01571151, 0.09580951, -0.00505048
-0.99966431, 0.02478103, 0.00210578
0.1313286, 0.13268942
-0.01542001, 0.10746284, -0.00392713
-0.99966431, 0.02478103, 0.00210578
0.15826643, 0.13348067
-0.00859909, 0.08764522, 0.00755522
0.02194281, 0.83840448, 0.54457229
0.43876109, 0.31522602
-0.00518623, 0.08756053, 0.00754798
0.69435716, 0.58372754, 0.42081973
0.44471437, 0.31962395
-0.0051, 0.09122928, 0.0052851
0.35599843, 0.33561206, 0.8720969
0.44902927, 0.31022763
-0.01612804, 0.07857895, 0.00011277
-0.99624622, 0.01077303, 0.08584857
0.09186987, 0.14768761
-0.01571037, 0.09516346, 0.00304487
-0.76760155, 0.04052858, 0.63960689
0.13149336, 0.15095884
-0.01571093, 0.09548648, -0.0010028
-0.99966431, 0.02478103, 0.00210578
0.13135497, 0.14190263
-0.009262, 0.06181367, -0.00283477
-0.02005066, -0.85332805, 0.52095097
0.04324794, 0.14954323
-0.01267492, 0.06189834, -0.00282753
-0.68800926, -0.57225257, 0.44624165
0.04937321, 0.1448524
-0.01283236, 0.05583711, -0.00615725
-0.55922115, -0.39136937, 0.73079622
0.0359338, 0.13702667
-4.689e-05, 0.13886064, -0.0008965
0.99966431, -0.02478103, -0.00210578
0.48406917, 0.1983341
-0.00061398, 0.11581699, 0.00125274
0.99966431, -0.02478103, -0.00210578
0.46426538, 0.25143588
-0.00054984, 0.11875445, -0.00283469
0.99966431, -0.02478103, -0.00210578
0.47633505, 0.24621451
-0.01519317, 0.11543813, 0.00973282
-0.72185433, -0.61375773, 0.31965086
0.18224676, 0.16638088
-0.01512942, 0.11763487, 0.01409452
-0.78829312, -0.60283214, 0.12302011
0.19031246, 0.17558259
-0.01412793, 0.15799661, 0.01415356
-0.70159, 0.71169162, 0.03555406
0.28099909, 0.16155171
-0.00090497, 0.10384075, 0.00417708
0.70610678, -0.10776085, 0.69981992
0.45583609, 0.2803492
-0.0011317, 0.09480177, 0.00301397
0.7712943, 0.0021363, 0.63643301
0.45842895, 0.30072057
-0.0011322, 0.09512478, -0.00103371
0.99966431, -0.02478103, -0.00210578
0.4675484, 0.29996657
-0.01462556, 0.13922234, -0.00086558
-0.99966431, 0.02478103, 0.00210578
0.23541974, 0.13386023
-0.01519272, 0.1161787, 0.00128365
-0.99966431, 0.02478103, 0.00210578
0.18047537, 0.14509249
-0.01525692, 0.11324152, 0.00537112
-0.83605456, -0.30222479, 0.45783868
0.1737469, 0.1560716
-0.00784009, 0.11745402, 0.01407907
-0.02392651, -0.98120058, 0.19147313
0.17643733, 0.18460268
-0.01411765, 0.15801238, 0.01881419
-0.69707328, 0.56273079, -0.44428846
0.44620374, 0.11159116
0.00046101, 0.15765068, 0.01878325
0.72222054, 0.52751243, -0.44727927
0.44742814, 0.14314198
-0.00162838, 0.07534812, -0.00360682
0.98379469, -0.14780115, 0.10144353
0.47547835, 0.3463245
-0.00154932, 0.07821725, 8.187e-05
0.99588001, -0.03866695, 0.08185064
0.46656147, 0.33997869
-0.00584914, 0.06172902, -0.002842
0.6601764, -0.60600603, 0.4437086
0.47454503, 0.38138157
-0.00819431, 0.1040216, 0.00419253
-0.00103763, -0.12759788, 0.99182105
0.44121617, 0.28308684
-0.00067825, 0.11287982, 0.00534021
0.82198554, -0.34336376, 0.45432904
0.45224899, 0.25766712
-0.01545183, 0.1058326, 0.00014043
-0.99966431, 0.02478103, 0.00210578
0.15477926, 0.14306301
-0.01548365, 0.10420245, 0.00420798
-0.70763266, -0.07266457, 0.70281076
0.15123206, 0.151878
-0.00860384, 0.08711912, 0.01147027
0.02484207, 0.99075288, 0.13315226
0.43390185, 0.3195557
-0.00860859, 0.08659302, 0.0153853
0.02359081, 0.91747797, 0.39707634
0.42807752, 0.32318491
-0.00519573, 0.08650834, 0.01537807
0.57377851, 0.75173193, 0.32502213
0.43126065, 0.32795125
-0.00162589, 0.07464311, 0.00581646
0.99902338, -0.04263436, -0.01074252
0.45439079, 0.34888083
-0.00582971, 0.06191844, 0.00410143
0.61854917, -0.77437663, -0.13293862
0.45807052, 0.37885147
-0.00583943, 0.06182373, 0.00062972
0.58519244, -0.81075472, 0.01391644
0.46581158, 0.37934828
-0.0161663, 0.07679194, 0.00298008
-0.99887079, 0.03997925, 0.02493362
0.0881275, 0.15435356
-0.01620456, 0.07500483, 0.00584739
-0.99993896, 0.00698874, -0.00646992
0.08457201, 0.16098332
-0.01201201, 0.08772989, 0.00756246
-0.66319776, 0.61711478, 0.42344433
0.11536358, 0.1663608
-0.00924257, 0.06200311, 0.00410867
-0.02478103, -0.98464918, -0.1726127
0.04701962, 0.16147971
-0.01265549, 0.06208777, 0.0041159
-0.657094, -0.74245429, -0.13019197
0.05400251, 0.16094375
-0.01266514, 0.06199308, 0.00064419
-0.624897, -0.78048038, 0.01648
0.0526722, 0.15310067
-0.01637249, 0.06734013, 0.02053043
-0.99969482, 0.02468947, 0.00051881
0.07123716, 0.1941089
-0.01650563, 0.06175191, 0.02735156
-0.99966431, -0.00595111, -0.02499466
0.06147323, 0.20895505
-0.01231392, 0.07426059, 0.03065494
-0.68611711, 0.70836514, 0.16559343
0.0899565, 0.21498382
-0.00166067, 0.07256673, 0.01367838
0.99954224, 0.0052797, 0.02874844
0.43780965, 0.35433257
-0.0058899, 0.0588177, 0.01199519
0.60618913, -0.68416393, -0.40546891
0.44133797, 0.38402069
-0.00585981, 0.06036796, 0.00804831
0.58052307, -0.76000243, -0.29209265
0.44935709, 0.3810041
-0.01622198, 0.07396662, 0.00977835
-0.99975586, 0.02096622, -0.00222785
0.082835, 0.16969484
-0.0162394, 0.07292844, 0.01370931
-0.99795526, 0.05499435, 0.03183081
0.08116163, 0.17846793
-0.01202151, 0.08667769, 0.01539255
-0.53456223, 0.77925962, 0.32703635
0.10915636, 0.18160522
-0.00927267, 0.06045279, 0.00805554
-0.02386547, -0.93041778, -0.36567277
0.0465568, 0.16888028
-0.00930276, 0.05890237, 0.01200243
-0.02243111, -0.86120182, -0.50773644
0.04446474, 0.17617673
-0.01271562, 0.05898698, 0.01200966
-0.64110231, -0.65306556, -0.40305796
0.05078123, 0.17848766
-0.00941327, 0.05393426, 0.01801346
-0.0204474, -0.77043974, -0.63713491
0.03814558, 0.18904883
-0.00952379, 0.04896599, 0.02402452
-0.02056948, -0.77639091, -0.62987149
0.03072182, 0.20102596
-0.01293665, 0.04905065, 0.02403177
-0.60975981, -0.6138798, -0.50129706
0.03598457, 0.20438308
-0.00875483, 0.08038435, 0.02301649
0.02056948, 0.77532274, 0.6311838
0.41447508, 0.33347434
-0.00890099, 0.0741759, 0.0306477
0.02465896, 0.97558516, 0.21814631
0.39857566, 0.34330016
-0.00548813, 0.07409123, 0.03064047
0.72057253, 0.67375714, 0.16354869
0.40139741, 0.34974539
-0.00192695, 0.06139019, 0.02732065
0.99807733, -0.05487228, -0.02792444
0.41042849, 0.37687391
-0.00611094, 0.04888132, 0.02401729
0.5771355, -0.64290291, -0.50349438
0.41780055, 0.40117794
-0.00600035, 0.0538495, 0.01800622
0.57005525, -0.6385693, -0.51692253
0.42885265, 0.39241403
-0.01654037, 0.05977853, 0.03405252
-0.99343854, 0.07168798, 0.08902249
0.05831771, 0.22220206
-0.01226069, 0.07585602, 0.03708865
-0.48478651, 0.72908717, 0.48310801
0.08844697, 0.22617722
-0.0122873, 0.07505831, 0.03387179
-0.5894345, 0.78649253, -0.18424024
0.08949357, 0.22138488
-0.01411765, 0.15801238, 0.01881419
-0.69707328, 0.56273079, -0.44428846
0.73287171, 0.26622123
0.00046101, 0.15765068, 0.01878325
0.72222054, 0.52751243, -0.44727927
0.70091194, 0.26622128
-0.00783909, 0.11660823, 0.02444766
-0.02487259, -0.99719232, -0.07055879
0.71689194, 0.35743511
-0.00783959, 0.11703114, 0.01926338
-0.02487259, -0.99636829, -0.08127079
0.18062571, 0.19288367
-0.00783909, 0.11660823, 0.02444766
-0.02487259, -0.99719232, -0.07055879
0.18386003, 0.20208633
-0.01512842, 0.11678909, 0.02446312
-0.6661275, -0.74398023, -0.05240028
0.19667669, 0.1979292
-0.01411765, 0.15801238, 0.01881419
-0.69707328, 0.56273079, -0.44428846
0.28252545, 0.17081785
-0.01512892, 0.117212, 0.01927884
-0.7244789, -0.68700218, -0.05594043
0.19406155, 0.18738657
-0.00055069, 0.11727317, 0.01406361
0.7579577, -0.64119387, 0.11972411
0.4342342, 0.23915541
-0.00061444, 0.11507642, 0.00970191
0.69188511, -0.6488235, 0.31662953
0.44288984, 0.24833739
-0.00055019, 0.11685029, 0.01924793
0.68926054, -0.72206795, -0.05896176
0.42234549, 0.23415285
-0.01411765, 0.15801238, 0.01881419
-0.69707328, 0.56273079, -0.44428846
0.70530897, 0.46793282
-0.0140821, 0.15923488, 0.02127753
-0.54081851, 0.73378706, 0.41114536
0.70091212, 0.4750827
0.00049657, 0.1588732, 0.02124662
0.57826471, 0.70601517, 0.40876493
0.72743505, 0.48886526
-0.00054969, 0.11642739, 0.02443221
0.62819302, -0.77608567, -0.05514695
0.73969179, 0.57332915
0.00046101, 0.15765068, 0.01878325
0.72222054, 0.52751243, -0.44727927
0.73277009, 0.48651171
-0.0140821, 0.15923488, 0.02127753
-0.54081851, 0.73378706, 0.41114536
0.73892313, 0.37415391
-0.01411765, 0.15801238, 0.01881419
-0.69707328, 0.56273079, -0.44428846
0.73333913, 0.3764227
-0.01512842, 0.11678909, 0.02446312
-0.6661275, -0.74398023, -0.05240028
0.73892307, 0.4674654
-0.00783909, 0.11660823, 0.02444766
-0.02487259, -0.99719232, -0.07055879
0.71803099, 0.57504687
-0.00210065, 0.0535185, 0.03750799
0.99707019, -0.03964354, -0.06494339
0.39190367, 0.3930226
-0.00635651, 0.0378487, 0.03726443
0.57756281, -0.61696219, -0.53453171
0.39494064, 0.42182815
-0.00629511, 0.0405939, 0.03412487
0.57472456, -0.61925107, -0.53495896
0.40023658, 0.41677052
-0.00964652, 0.04342379, 0.03099266
-0.02038636, -0.76757103, -0.64061403
0.02178269, 0.21442097
-0.01305944, 0.04350846, 0.03099989
-0.6214484, -0.59276098, -0.51222265
0.02681392, 0.21802068
-0.01299801, 0.0462795, 0.02751581
-0.62242502, -0.6099124, -0.49046296
0.03147398, 0.21126115
-0.00884777, 0.07577135, 0.0370814
0.02154607, 0.81991029, 0.57203895
0.38724566, 0.34778279
-0.00543491, 0.07568666, 0.03707417
0.52223271, 0.70418411, 0.48100224
0.39020526, 0.35189366
-0.00546152, 0.07488896, 0.03385731
0.6266976, 0.75649279, -0.18686484
0.3950507, 0.35062879
-0.00196171, 0.05941674, 0.0340216
0.99606311, 0.02310251, 0.08542131
0.39786303, 0.38145036
-0.00623366, 0.04333911, 0.03098542
0.58980072, -0.62242502, -0.51445049
0.40559047, 0.4116928
-0.00617224, 0.04611025, 0.02750135
0.58998382, -0.63957638, -0.49272135
0.41164279, 0.40635997
-0.01677876, 0.04936907, 0.04342384
-0.99975586, 0.02169866, -0.00338755
0.03942798, 0.24036372
-0.0168782, 0.04485804, 0.0493087
-0.99975586, -0.00888089, -0.01944029
0.03193888, 0.25031072
-0.01266673, 0.05803744, 0.05408516
-0.67397076, 0.72057253, 0.16272469
0.05529402, 0.26158923
-0.00970797, 0.04067858, 0.03413215
-0.02005066, -0.75243384, -0.65831476
0.01738483, 0.22041333
-0.00976942, 0.03793335, 0.03727166
-0.01992859, -0.74724573, -0.66423535
0.01285769, 0.22641706
-0.01318228, 0.03801803, 0.03727889
-0.60899687, -0.58793908, -0.5323649
0.01787269, 0.2300939
-0.00900275, 0.0694653, 0.03777524
0.01440474, 0.50764489, 0.86141545
0.38141662, 0.35880238
-0.00558989, 0.06938061, 0.037768
0.50038147, 0.31797236, 0.80526137
0.38806897, 0.3617444
-0.0055124, 0.07253363, 0.0374211
0.43394268, 0.09213538, 0.89620656
0.38908172, 0.35583025
-0.01660984, 0.05682951, 0.0357957
-0.9981994, 0.04052858, 0.04367199
0.05272358, 0.22604465
-0.01667932, 0.05388033, 0.03753891
-0.9980163, 0.00894192, -0.06179998
0.04745921, 0.22957706
-0.01241567, 0.06954998, 0.03778248
-0.48109379, 0.34223455, 0.80706197
0.07913001, 0.22950327
-0.00995876, 0.02946788, 0.04702886
-0.02096622, -0.79305398, -0.60878325
0.00030386, 0.24790365
-0.01000139, 0.02753437, 0.04954903
-0.02322458, -0.95992917, 0.27918333
0.0002337, 0.25515884
-0.01341424, 0.02761908, 0.04955622
-0.51561022, -0.82781458, 0.22089297
0.00563637, 0.25331175
-0.00229954, 0.04449633, 0.04927778
0.99807733, -0.0573748, -0.02316355
0.37366915, 0.41052371
-0.00650328, 0.03131665, 0.04450149
0.58256781, -0.63341165, -0.50926238
0.38234499, 0.43259156
-0.00642985, 0.03458268, 0.04088288
0.58064514, -0.61171299, -0.53724784
0.38875949, 0.42752093
-0.00912828, 0.06370896, 0.04592653
0.02145451, 0.8164922, 0.57692188
0.37031934, 0.37252921
-0.0092538, 0.05795276, 0.05407791
0.02462844, 0.97463912, 0.22238837
0.35662469, 0.3836683
-0.00584095, 0.05786812, 0.05407067
0.70928067, 0.68651384, 0.15985595
0.36017808, 0.38913441
-0.00984277, 0.03466748, 0.04089016
-0.01983703, -0.74196601, -0.67009491
0.00757025, 0.2336604
-0.00991614, 0.0314013, 0.04450873
-0.02038636, -0.76812035, -0.63994265
0.00265743, 0.24169344
-0.01332899, 0.031486, 0.04451597
-0.61479539, -0.60408336, -0.50700402
0.00860957, 0.24431008
-0.00960943, 0.04333287, 0.05532352
-0.00650044, -0.34311959, 0.93923765
0.35039487, 0.42124236
-0.00232011, 0.04315186, 0.05530805
0.75121313, -0.22885831, 0.61906797
0.36467871, 0.41384429
-0.00579683, 0.0590463, 0.06109075
0.50639361, 0.55925167, 0.65633106
0.35066268, 0.39424139
-0.01689877, 0.04351372, 0.05533898
-0.75908691, -0.19208349, 0.6219672
0.02964399, 0.25981754
-0.01262261, 0.05921555, 0.0611052
-0.47541735, 0.58351392, 0.6583758
0.05160785, 0.27200407
-0.01264467, 0.0586265, 0.05759513
-0.58839685, 0.79857785, -0.12665181
0.05353464, 0.26754284
-0.00658853, 0.0274497, 0.04954179
0.47529528, -0.8521378, 0.21884823
0.37379241, 0.43657118
-0.00654584, 0.02938321, 0.04702161
0.59910887, -0.64238411, -0.47782829
0.37791243, 0.43490213
-0.00923175, 0.05854183, 0.0575879
0.0240791, 0.98586994, -0.16559343
0.35121143, 0.38662255
-0.0092097, 0.05913097, 0.06109798
0.01745659, 0.63893551, 0.76903594
0.34542149, 0.39127833
-0.00229719, 0.05132335, -0.03792171
0.53303629, -0.59797966, -0.59852898
0.54957086, 0.38515735
0.00226759, 0.11249682, -0.02572582
0.79183322, 0.60878325, 0.04846339
0.52982426, 0.27198565
0.00072318, 0.05066843, -0.03065959
0.7604602, -0.64729756, -0.05175939
0.53507048, 0.39114344
-0.00075073, 0.1119917, -0.01845091
0.99453717, 0.03070162, 0.09949034
0.51173407, 0.26530224
0.00049372, 0.16181128, -0.01447545
0.98010194, 0.02359081, 0.19705802
0.52639866, 0.15583259
-0.00012851, 0.13690156, -0.01646318
0.99938965, -0.0343028, -0.00027467
0.70091194, 0.41268384
-0.00075073, 0.1119917, -0.01845091
0.99453717, 0.03070162, 0.09949034
0.700912, 0.4674654
-0.00075277, 0.11315185, -0.03298792
0.76918852, 0.1027253, -0.63069552
0.73287177, 0.46746522
-0.0092097, 0.05913097, 0.06109798
0.01745659, 0.63893551, 0.76903594
0.05417743, 0.27698749
-0.00923175, 0.05854183, 0.0575879
0.0240791, 0.98586994, -0.16559343
0.05925575, 0.27094913
-0.00581889, 0.05845715, 0.05758066
0.62648398, 0.76860869, -0.12927641
0.35466897, 0.39137626
-0.00230981, 0.04382414, 0.05229294
0.99972534, -0.02102725, -0.00866726
0.36916053, 0.41214353
-0.01337162, 0.02955258, 0.0470361
-0.63167208, -0.61223179, -0.4755089
0.00674903, 0.24903995
-0.01688848, 0.04418587, 0.05232386
-0.99960327, 0.0275277, -0.00466933
0.03083597, 0.25507247
-0.00960943, 0.04333287, 0.05532352
-0.00650044, -0.34311959, 0.93923765
0.02378571, 0.27490687
-0.00991614, 0.0314013, 0.04450873
-0.02038636, -0.76812035, -0.63994265
0.38563228, 0.43788952
-0.00984277, 0.03466748, 0.04089016
-0.01983703, -0.74196601, -0.67009491
0.39275682, 0.43222338
-0.01325563, 0.03475215, 0.0408974
-0.61183506, -0.58250678, -0.53505051
0.01286171, 0.23711973
-0.0125412, 0.06379364, 0.04593377
-0.58143866, 0.66811121, 0.46421704
0.06644952, 0.24502647
-0.0092538, 0.05795276, 0.05407791
0.02462844, 0.97463912, 0.22238837
0.06164927, 0.26463395
-0.00912828, 0.06370896, 0.04592653
0.02145451, 0.8164922, 0.57692188
0.07148333, 0.24870473
-0.00900275, 0.0694653, 0.03777524
0.01440474, 0.50764489, 0.86141545
0.08314049, 0.23495722
-0.00571542, 0.0636243, 0.04591929
0.61558884, 0.6385693, 0.46177557
0.37434691, 0.37660688
-0.0022001, 0.04900748, 0.0433929
0.99960327, -0.02691733, -0.00689718
0.38241836, 0.40211642
-0.01000139, 0.02753437, 0.04954903
-0.02322458, -0.95992917, 0.27918333
0.37260452, 0.44223434
-0.00995876, 0.02946788, 0.04702886
-0.02096622, -0.79305398, -0.60878325
0.37994277, 0.44130784
-0.01312083, 0.04076324, 0.03413939
-0.60625017, -0.59035003, -0.53279215
0.02234437, 0.22407925
-0.01233818, 0.07270299, 0.03743557
-0.4255501, 0.1134373, 0.89776301
0.08473815, 0.22781557
-0.00892526, 0.07261831, 0.03742834
0.00479141, 0.10922574, 0.99398786
0.08757334, 0.23248684
-0.00884777, 0.07577135, 0.0370814
0.02154607, 0.81991029, 0.57203895
0.09244476, 0.2293638
-0.00892526, 0.07261831, 0.03742834
0.00479141, 0.10922574, 0.99398786
0.38349664, 0.35308033
-0.00976942, 0.03793335, 0.03727166
-0.01992859, -0.74724573, -0.66423535
0.39908504, 0.42621624
-0.00970797, 0.04067858, 0.03413215
-0.02005066, -0.75243384, -0.65831476
0.40437526, 0.42115366
-0.00964652, 0.04342379, 0.03099266
-0.02038636, -0.76757103, -0.64061403
0.40971264, 0.41617447
-0.00194434, 0.06040344, 0.03067112
0.99966431, -0.02227851, -0.01193274
0.40426612, 0.37908506
-0.00887438, 0.07497363, 0.03386454
0.02356029, 0.97027498, -0.24079104
0.09503255, 0.22330445
-0.00887438, 0.07497363, 0.03386454
0.02356029, 0.97027498, -0.24079104
0.39297956, 0.34520388
-0.00958516, 0.04619482, 0.02750858
-0.02069155, -0.78228098, -0.62254709
0.41561905, 0.41095853
-0.00952379, 0.04896599, 0.02402452
-0.02056948, -0.77639091, -0.62987149
0.42163971, 0.40586364
-0.00958516, 0.04619482, 0.02750858
-0.02069155, -0.78228098, -0.62254709
0.02630622, 0.20779395
-0.00203117, 0.05646767, 0.03576482
0.99911499, -0.00824, 0.04068117
0.39472517, 0.38743073
-0.00054969, 0.11642739, 0.02443221
0.62819302, -0.77608567, -0.05514695
0.41134331, 0.23041236
-0.00783909, 0.11660823, 0.02444766
-0.02487259, -0.99719232, -0.07055879
0.4054628, 0.24445003
-0.00783959, 0.11703114, 0.01926338
-0.02487259, -0.99636829, -0.08127079
0.41547653, 0.24864489
-0.01652301, 0.06076512, 0.03070202
-0.99960327, 0.0262154, -0.00802637
0.05995526, 0.21544898
-0.00179381, 0.06697845, 0.02049951
0.99966431, -0.02511673, -0.00155644
0.42377496, 0.36572409
-0.0053419, 0.08029971, 0.02300925
0.6027711, 0.61311686, 0.51057464
0.41792819, 0.33838922
-0.01216768, 0.08046903, 0.02302372
-0.5701468, 0.64247566, 0.51194799
0.09959427, 0.19685227
-0.00890099, 0.0741759, 0.0306477
0.02465896, 0.97558516, 0.21814631
0.09661959, 0.21746618
-0.00875483, 0.08038435, 0.02301649
0.02056948, 0.77532274, 0.6311838
0.10553866, 0.20016479
-0.00941327, 0.05393426, 0.01801346
-0.0204474, -0.77043974, -0.63713491
0.4324117, 0.39735621
-0.0128262, 0.05401895, 0.0180207
-0.60267955, -0.60960722, -0.5148778
0.04357502, 0.19209611
-0.00930276, 0.05890237, 0.01200243
-0.02243111, -0.86120182, -0.50773644
0.44414952, 0.38984179
-0.00927267, 0.06045279, 0.00805554
-0.02386547, -0.93041778, -0.36567277
0.45117182, 0.38710743
-0.01268559, 0.06053749, 0.00806278
-0.61906797, -0.73000276, -0.28946805
0.05277722, 0.16995871
-0.01201676, 0.0872038, 0.0114775
-0.57954651, 0.8074587, 0.1098056
0.11159784, 0.17449182
-0.00164324, 0.07360493, 0.00974742
0.99954224, -0.02862636, -0.00650044
0.44611236, 0.35165447
-0.00519098, 0.08703446, 0.01146303
0.61903745, 0.77797782, 0.10730308
0.4374699, 0.32447356
-0.00924257, 0.06200311, 0.00410867
-0.02478103, -0.98464918, -0.1726127
0.45840317, 0.38566381
-0.00925228, 0.06190839, 0.00063695
-0.02471999, -0.9992981, 0.02731407
0.46447909, 0.38608885
-0.00925228, 0.06190839, 0.00063695
-0.02471999, -0.9992981, 0.02731407
0.04572973, 0.15530634
-0.01192579, 0.09139863, 0.00529957
-0.3358562, 0.35264137, 0.87337869
0.12380636, 0.16091579
-0.00158764, 0.07643024, 0.00294917
0.99972534, -0.00955229, 0.02075259
0.46042964, 0.34456539
-0.00860859, 0.08659302, 0.0153853
0.02359081, 0.91747797, 0.39707634
0.11466116, 0.18436676
-0.00860384, 0.08711912, 0.01147027
0.02484207, 0.99075288, 0.13315226
0.11772092, 0.17747253
-0.00842103, 0.0949826, 0.00302943
0.00729392, 0.21057771, 0.97753835
0.13306753, 0.16464508
-0.00819431, 0.1040216, 0.00419253
-0.00103763, -0.12759788, 0.99182105
0.1487419, 0.16576374
-0.00796758, 0.11306067, 0.00535567
-0.01257363, -0.57762384, 0.81615651
0.16364309, 0.17134053
-0.00170733, 0.07247899, -0.00729552
0.98980683, -0.11078219, 0.08944975
0.48529825, 0.35306251
-0.00600658, 0.05566777, -0.00617172
0.54176456, -0.41883603, 0.72872096
0.48426586, 0.39455736
-0.00784009, 0.11745402, 0.01407907
-0.02392651, -0.98120058, 0.19147313
0.42482382, 0.25337392
-0.00790384, 0.11525728, 0.00971735
-0.02117985, -0.89278847, 0.44993439
0.43170503, 0.25887406
-0.00790384, 0.11525728, 0.00971735
-0.02117985, -0.89278847, 0.44993439
0.17045543, 0.17717713
-0.01512851, 0.11911613, -0.00280377
-0.99966431, 0.02478103, 0.00210578
0.18694691, 0.13407069
-0.00087309, 0.1054709, 0.00010951
0.99966431, -0.02478103, -0.00210578
0.46423393, 0.27681881
-0.009262, 0.06181367, -0.00283477
-0.02005066, -0.85332805, 0.52095097
0.46993619, 0.38823706
-0.00941944, 0.05575243, -0.00616449
-0.01007111, -0.48124638, 0.87652212
0.47850916, 0.39909303
-0.00957687, 0.04969113, -0.00949421
-0.01989807, -0.84829247, 0.5290994
0.48777455, 0.41179901
-0.00941944, 0.05575243, -0.00616449
-0.01007111, -0.48124638, 0.87652212
0.03248633, 0.14273447
-0.01620704, 0.07570982, -0.00357592
-0.98953217, -0.09851375, 0.1053499
0.08441731, 0.13962877
-0.01628605, 0.07284071, -0.00726462
-0.9937132, -0.06131168, 0.09338664
0.07654901, 0.13080329
-0.00859909, 0.08764522, 0.00755522
0.02194281, 0.83840448, 0.54457229
0.12120543, 0.17104578
-0.00851286, 0.09131397, 0.00529233
0.01480148, 0.52464372, 0.85116124
0.12669145, 0.16662341
-0.00842103, 0.0949826, 0.00302943
0.00729392, 0.21057771, 0.97753835
0.4431265, 0.30042911
-0.00851286, 0.09131397, 0.00529233
0.01480148, 0.52464372, 0.85116124
0.44194689, 0.308137
-0.01402155, 0.16360381, -0.00128598
-0.6971038, 0.35886714, 0.62065494
0.49431801, 0.10323936
0.00065819, 0.16751741, -0.00367544
0.63155001, 0.64741963, 0.42655721
0.50830907, 0.1351006
-0.0061699, 0.04952291, -0.01129933
0.33671072, -0.89767146, 0.28415784
0.49578992, 0.40644437
-0.00616401, 0.04960644, -0.00950144
0.53697318, -0.72780544, 0.4265267
0.49221137, 0.40492356
-0.00958276, 0.04960757, -0.0112921
-0.02465896, -0.99859613, 0.04647969
0.49232236, 0.41468275
-0.00958304, 0.04952386, -0.01309002
-0.02481155, -0.99954224, -0.01651051
0.01499686, 0.13211572
-0.00958276, 0.04960757, -0.0112921
-0.02465896, -0.99859613, 0.04647969
0.01787487, 0.13418525
-0.01687237, 0.04970472, -0.01307456
-0.68166143, -0.64833522, 0.33903012
0.0235581, 0.12072372
-0.01539716, 0.109202, -0.01349915
-0.99966431, 0.02478103, 0.00210578
0.16071154, 0.11063051
-0.0168731, 0.05011481, -0.01821416
-0.7244789, -0.68709373, -0.05468917
0.02369132, 0.109034
-0.01392048, 0.1678791, -0.00364454
-0.59685051, 0.67787713, 0.42918178
0.50972241, 0.10008806
0.00065746, 0.1679275, -0.00881504
0.7244789, 0.68709373, 0.05471969
0.51879704, 0.13728714
-0.00716463, 0.01322584, -0.04113364
-0.00027467, 0.07391583, -0.99725336
0.99725765, 0.66980979
-0.0100116, 0.09136974, 0.02270731
-0.68242437, 0.01776177, 0.73070467
0.70501941, 0.65349105
-0.00603963, 0.1112083, 0.02428992
0.66496778, -0.10571612, 0.73934144
0.70501941, 0.65349105
-0.00653733, 0.09128354, 0.02269994
0.68553728, -0.01614429, 0.72780544
0.70501941, 0.65349105
-0.01067546, 0.1176631, 0.01559877
-0.56892604, 0.3112888, -0.76116216
0.70501941, 0.65349105
-0.00603963, 0.1112083, 0.02428992
0.66496778, -0.10571612, 0.73934144
0.80453676, 0.64594007
-0.00603977, 0.1112874, 0.02329843
0.77251506, -0.36130863, -0.52214116
0.80453676, 0.64594007
-0.00951389, 0.11129451, 0.02429729
-0.66624957, -0.07269509, 0.74214911
0.70501941, 0.65349105
-0.01218502, 0.08588742, 0.01491031
-0.63359475, 0.06262398, -0.77111119
0.80453676, 0.64594007
-0.01001174, 0.09144881, 0.02171587
-0.76387829, 0.39912108, -0.50712609
0.80453676, 0.64594007
-0.01340477, 0.12066995, -0.00226786
-0.7244789, -0.68709373, -0.05471969
0.60153824, 0.74401644
-0.01340477, 0.12066995, -0.00226786
-0.7244789, -0.68709373, -0.05471969
0.37244791, 0.94395924
-0.01249104, 0.15724976, 0.00065111
-0.68926054, 0.7221595, 0.0577105
0.13999005, 0.74402389
-0.00228613, 0.12039407, -0.00229144
0.68926054, -0.7221595, -0.0577105
0.37244111, 0.5197072
0.00451678, 0.16781896, -0.00752885
0.56599629, -0.62990201, 0.53181553
0.18030424, 0.25870657
-0.00633936, 0.18104838, 0.00283119
-0.01162755, -0.54155093, 0.84057128
0.15106092, 0.12412876
-0.00195356, 0.35780114, 0.00310441
-0.01992859, -0.84865868, 0.52851957
0.70009077, 0.23367614
-0.00183264, 0.36280608, 0.00157324
0.0201117, 0.75408185, 0.65645313
0.71568632, 0.24585772
-0.00119706, 0.38815379, 0.00473837
0.02008118, 0.75411236, 0.65642262
0.72090697, 0.25796497
-0.01687382, 0.05052486, -0.02335377
-0.66304511, -0.74535358, 0.06921598
0.02378805, 0.09734112
-0.00229436, 0.04975312, -0.01824508
0.68929106, -0.7221595, -0.0577105
0.5111531, 0.40042371
-0.00012851, 0.13690156, -0.01646318
0.99938965, -0.0343028, -0.00027467
0.51824182, 0.20741463
-0.0169423, 0.16935436, -0.02118585
-0.76042968, 0.64732808, 0.05175939
0.56760782, 0.11072975
-0.01392193, 0.16869943, -0.01392377
-0.62550735, 0.7569201, 0.18909268
0.54239112, 0.10303688
-0.01392121, 0.16828923, -0.00878416
-0.68926054, 0.7221595, 0.0577105
0.52593821, 0.10014278
-0.01687586, 0.05168504, -0.03789078
-0.5645619, -0.57075715, -0.59617907
0.02388081, 0.06129646
-0.0168731, 0.05011481, -0.01821416
-0.7244789, -0.68709373, -0.05468917
0.51624697, 0.44171441
-0.01687237, 0.04970472, -0.01307456
-0.68166143, -0.64833522, 0.33903012
0.4982976, 0.4422344
-0.01989419, 0.05117993, -0.03061586
-0.79183322, -0.60878325, -0.04846339
0.56429297, 0.44102591
-0.01412262, 0.15932864, 0.00107261
-0.81533247, 0.48829615, 0.31107518
0.28075776, 0.13385278
-0.01402155, 0.16360381, -0.00128598
-0.6971038, 0.35886714, 0.62065494
0.2900821, 0.12751049
-0.00796758, 0.11306067, 0.00535567
-0.01257363, -0.57762384, 0.81615651
0.43659943, 0.26582581
-0.01512842, 0.11678909, 0.02446312
-0.6661275, -0.74398023, -0.05240028
0.73287177, 0.35743505
-0.00054969, 0.11642739, 0.02443221
0.62819302, -0.77608567, -0.05514695
0.70091194, 0.35743511
-0.01512842, 0.11678909, 0.02446312
-0.6661275, -0.74398023, -0.05240028
0.70091194, 0.57504681
0.00351204, 0.16231649, -0.02175035
0.95233011, 0.30491042, -0.00625629
0.4127835, 0.25105429
0.00049372, 0.16181128, -0.01447545
0.98010194, 0.02359081, 0.19705802
0.70091194, 0.35790265
0.00049167, 0.16297141, -0.02901247
0.72890407, 0.06357005, -0.68163091
0.73287177, 0.35790247
# Number of Faces:
1042
# Face Data:
0, 1, 2
3, 4, 5
6, 7, 8
9, 0, 8
10, 11, 5
12, 13, 14
15, 16, 17
11, 16, 15
14, 18, 19
20, 21, 22
23, 24, 17
19, 18, 25
22, 21, 26
1, 27, 28
29, 30, 27
22, 31, 30
32, 25, 33
34, 33, 24
0, 9, 29
9, 35, 22
14, 36, 37
3, 15, 37
37, 33, 25
37, 15, 24
20, 35, 38
35, 9, 7
39, 38, 40
40, 38, 7
14, 13, 41
36, 41, 4
42, 43, 4
40, 6, 43
13, 12, 42
12, 44, 40
45, 46, 30
45, 47, 48
49, 45, 31
49, 50, 47
16, 51, 52
53, 2, 28
54, 49, 26
55, 50, 49
46, 28, 27
46, 48, 56
57, 54, 21
57, 58, 55
44, 57, 20
12, 58, 57
0, 59, 60
61, 62, 60
43, 62, 5
43, 6, 60
10, 51, 16
59, 2, 53
63, 64, 65
64, 66, 67
68, 69, 70
70, 69, 63
68, 71, 72
70, 73, 65
71, 74, 75
76, 77, 64
72, 76, 63
64, 77, 78
75, 79, 80
77, 81, 82
76, 83, 81
75, 83, 76
80, 79, 84
84, 79, 75
85, 84, 82
83, 80, 85
86, 87, 88
89, 90, 91
92, 93, 94
95, 96, 97
96, 90, 98
95, 99, 100
101, 102, 103
95, 104, 102
105, 106, 107
101, 108, 91
109, 110, 111
112, 113, 111
114, 115, 116
110, 117, 118
119, 120, 121
122, 123, 124
125, 126, 127
128, 129, 130
131, 132, 126
133, 134, 132
135, 136, 121
137, 138, 130
122, 139, 140
141, 142, 143
139, 144, 145
135, 146, 147
148, 143, 138
149, 150, 151
133, 152, 153
144, 154, 151
146, 155, 156
157, 158, 150
155, 157, 149
141, 158, 157
152, 150, 158
159, 160, 161
161, 162, 163
163, 164, 165
165, 166, 167
166, 168, 169
168, 170, 171
166, 172, 173
174, 160, 159
170, 174, 175
159, 163, 176
177, 173, 178
174, 179, 180
165, 164, 181
168, 173, 177
166, 165, 182
160, 180, 183
170, 177, 179
162, 161, 183
184, 185, 186
180, 187, 188
173, 172, 184
172, 182, 189
179, 190, 187
182, 181, 191
177, 192, 190
183, 188, 193
194, 195, 196
189, 194, 185
187, 190, 197
191, 198, 194
190, 192, 199
193, 188, 200
178, 186, 199
188, 187, 201
202, 203, 204
201, 197, 202
194, 198, 205
197, 199, 206
207, 200, 208
199, 186, 209
201, 210, 208
186, 185, 196
211, 212, 213
205, 214, 215
202, 206, 216
208, 217, 218
206, 209, 219
210, 204, 217
209, 196, 220
195, 215, 220
221, 222, 223
218, 217, 224
225, 226, 227
204, 228, 224
219, 220, 229
215, 230, 229
203, 231, 228
215, 214, 232
223, 233, 234
224, 228, 235
229, 233, 223
230, 236, 233
228, 231, 237
232, 238, 236
221, 239, 237
240, 224, 241
242, 243, 244
233, 236, 242
237, 245, 246
238, 247, 242
237, 239, 248
241, 249, 250
239, 223, 251
241, 235, 246
227, 212, 252
245, 227, 253
247, 254, 243
245, 248, 255
250, 249, 256
251, 257, 255
246, 253, 256
234, 244, 257
212, 211, 258
254, 259, 260
203, 216, 261
262, 256, 263
261, 216, 264
256, 253, 252
257, 244, 265
244, 243, 260
258, 266, 267
268, 263, 269
270, 266, 258
263, 252, 271
270, 265, 272
260, 273, 272
252, 212, 274
259, 275, 273
276, 277, 278
269, 271, 279
266, 272, 276
273, 280, 276
274, 281, 279
273, 275, 282
258, 283, 281
269, 284, 285
277, 286, 287
280, 286, 277
279, 281, 288
280, 282, 289
283, 290, 288
284, 291, 292
283, 267, 278
284, 279, 293
294, 295, 296
293, 288, 297
289, 298, 287
290, 299, 297
292, 291, 294
290, 278, 296
293, 295, 294
277, 300, 296
270, 211, 301
219, 264, 216
302, 303, 304
203, 261, 225
222, 305, 264
257, 306, 305
270, 301, 306
212, 227, 226
213, 301, 211
231, 227, 257
264, 307, 308
306, 226, 225
309, 307, 310
305, 225, 311
305, 312, 307
225, 261, 308
313, 314, 315
213, 314, 316
317, 301, 316
213, 226, 302
226, 306, 317
318, 310, 304
319, 309, 320
317, 318, 303
317, 320, 310
314, 313, 319
319, 313, 321
309, 321, 308
321, 315, 304
312, 311, 304
322, 323, 324
325, 326, 327
328, 329, 330
322, 330, 323
322, 331, 332
333, 334, 335
326, 336, 337
323, 333, 338
339, 340, 341
336, 342, 337
342, 343, 344
345, 346, 347
348, 349, 347
350, 346, 345
351, 350, 343
334, 347, 351
349, 348, 352
347, 349, 353
352, 348, 346
351, 353, 352
354, 355, 341
356, 355, 354
354, 357, 343
343, 357, 341
358, 333, 323
337, 358, 329
356, 345, 334
358, 334, 333
356, 359, 360
361, 340, 339
361, 360, 362
360, 339, 355
341, 340, 361
344, 361, 363
362, 359, 364
365, 366, 367
368, 369, 366
330, 370, 371
371, 372, 373
367, 366, 370
374, 375, 376
364, 376, 371
371, 376, 375
369, 364, 370
337, 363, 359
364, 359, 363
369, 368, 377
378, 379, 380
381, 382, 383
384, 385, 386
384, 387, 388
389, 390, 387
391, 390, 392
393, 378, 394
395, 396, 392
397, 398, 399
400, 401, 402
382, 403, 404
405, 406, 407
408, 409, 410
411, 402, 412
405, 413, 414
415, 416, 417
418, 419, 420
421, 422, 423
424, 425, 426
427, 428, 429
430, 431, 432
433, 434, 435
436, 428, 427
400, 437, 438
439, 440, 441
442, 430, 443
444, 445, 435
446, 447, 448
449, 450, 451
452, 453, 454
455, 456, 457
458, 459, 460
461, 462, 463
464, 465, 466
467, 468, 469
470, 471, 472
473, 474, 475
476, 477, 478
479, 480, 481
482, 483, 484
485, 486, 487
488, 489, 487
401, 490, 491
438, 492, 490
493, 494, 495
495, 496, 497
498, 499, 500
501, 495, 494
502, 503, 504
505, 506, 507
508, 509, 510
511, 512, 513
514, 515, 516
517, 518, 519
520, 521, 522
523, 524, 525
526, 527, 528
529, 530, 531
532, 533, 534
535, 536, 537
538, 539, 540
541, 542, 543
539, 544, 545
546, 547, 540
548, 389, 549
381, 550, 549
389, 551, 549
384, 387, 552
553, 554, 555
542, 556, 557
516, 543, 557
546, 558, 534
558, 540, 539
534, 558, 559
559, 545, 530
560, 528, 541
537, 560, 561
561, 543, 516
544, 539, 538
528, 527, 562
562, 556, 542
530, 563, 564
503, 531, 564
518, 535, 565
566, 516, 567
566, 568, 569
520, 532, 570
534, 529, 571
570, 571, 502
571, 531, 503
544, 572, 573
530, 545, 573
536, 526, 560
574, 519, 524
506, 574, 523
479, 523, 575
525, 569, 576
575, 576, 577
578, 522, 509
504, 503, 579
504, 580, 581
505, 517, 574
565, 537, 515
519, 565, 514
524, 514, 566
510, 509, 511
475, 510, 582
582, 513, 477
481, 480, 577
460, 481, 583
584, 510, 475
512, 581, 585
513, 585, 586
471, 587, 507
521, 502, 588
522, 588, 511
588, 504, 512
492, 589, 590
490, 492, 591
485, 489, 428
507, 506, 479
472, 507, 592
592, 481, 460
475, 476, 593
594, 593, 461
593, 478, 462
595, 460, 596
466, 595, 597
447, 473, 594
478, 477, 586
462, 478, 598
470, 599, 469
463, 462, 600
450, 463, 601
467, 602, 456
602, 469, 465
456, 602, 464
453, 464, 603
448, 461, 604
605, 604, 449
604, 463, 450
599, 472, 459
469, 599, 458
465, 458, 595
451, 450, 606
441, 451, 607
421, 608, 457
457, 456, 453
422, 457, 452
418, 452, 609
416, 449, 610
417, 610, 440
610, 451, 441
603, 466, 611
454, 603, 612
415, 446, 605
420, 419, 445
413, 420, 444
414, 444, 434
431, 430, 442
419, 613, 614
614, 615, 435
432, 431, 440
404, 432, 439
616, 439, 617
491, 490, 618
443, 491, 619
615, 620, 427
621, 434, 433
443, 430, 622
425, 622, 403
622, 432, 404
424, 401, 443
617, 441, 623
617, 624, 625
626, 423, 409
422, 418, 627
423, 627, 628
627, 420, 413
609, 454, 629
609, 630, 613
631, 632, 417
633, 412, 634
635, 636, 625
635, 637, 399
638, 639, 410
640, 405, 641
642, 641, 379
379, 641, 407
643, 634, 644
59, 0, 2
11, 3, 5
60, 6, 8
7, 9, 8
62, 10, 5
645, 12, 14
24, 15, 17
3, 11, 15
645, 14, 19
35, 20, 22
52, 23, 17
32, 19, 25
31, 22, 26
2, 1, 28
1, 29, 27
29, 22, 30
34, 32, 33
23, 34, 24
1, 0, 29
29, 9, 22
18, 14, 37
36, 3, 37
18, 37, 25
33, 37, 24
39, 20, 38
38, 35, 7
44, 39, 40
6, 40, 7
36, 14, 41
3, 36, 4
41, 42, 4
42, 40, 43
41, 13, 42
42, 12, 40
31, 45, 30
46, 45, 48
26, 49, 31
45, 49, 47
17, 16, 52
56, 53, 28
21, 54, 26
54, 55, 49
30, 46, 27
28, 46, 56
20, 57, 21
54, 57, 55
39, 44, 20
44, 12, 57
8, 0, 60
59, 61, 60
4, 43, 5
62, 43, 60
11, 10, 16
61, 59, 53
73, 63, 65
65, 64, 67
67, 68, 70
73, 70, 63
69, 68, 72
67, 70, 65
72, 71, 75
63, 76, 64
69, 72, 63
66, 64, 78
83, 75, 80
78, 77, 82
77, 76, 81
72, 75, 76
85, 80, 84
74, 84, 75
81, 85, 82
81, 83, 85
646, 86, 88
112, 89, 91
647, 92, 94
118, 95, 97
648, 96, 98
91, 95, 100
649, 101, 103
650, 95, 102
651, 105, 107
652, 101, 91
653, 109, 111
98, 112, 111
654, 114, 116
648, 110, 118
655, 119, 121
656, 122, 124
657, 125, 127
658, 128, 130
125, 131, 126
131, 133, 132
120, 135, 121
129, 137, 130
123, 122, 140
148, 141, 143
140, 139, 145
136, 135, 147
137, 148, 138
154, 149, 151
134, 133, 153
145, 144, 151
147, 146, 156
149, 157, 150
156, 155, 149
142, 141, 157
153, 152, 158
659, 159, 161
659, 161, 163
176, 163, 165
176, 165, 167
167, 166, 169
169, 168, 171
168, 166, 173
175, 174, 159
171, 170, 175
171, 175, 159
159, 169, 171
159, 176, 167
159, 659, 163
167, 169, 159
192, 177, 178
160, 174, 180
182, 165, 181
170, 168, 177
172, 166, 182
161, 160, 183
174, 170, 179
660, 162, 183
178, 184, 186
183, 180, 188
178, 173, 184
184, 172, 189
180, 179, 187
189, 182, 191
179, 177, 190
660, 183, 193
185, 194, 196
184, 189, 185
201, 187, 197
189, 191, 194
197, 190, 199
207, 193, 200
192, 178, 199
200, 188, 201
210, 202, 204
210, 201, 202
195, 194, 205
202, 197, 206
661, 207, 208
206, 199, 209
200, 201, 208
209, 186, 196
195, 205, 215
203, 202, 216
661, 208, 218
216, 206, 219
208, 210, 217
219, 209, 220
196, 195, 220
239, 221, 223
240, 218, 224
231, 225, 227
217, 204, 224
222, 219, 229
220, 215, 229
204, 203, 228
230, 215, 232
251, 223, 234
241, 224, 235
222, 229, 223
229, 230, 233
235, 228, 237
230, 232, 236
231, 221, 237
662, 240, 241
234, 242, 244
234, 233, 242
235, 237, 246
236, 238, 242
245, 237, 248
662, 241, 250
248, 239, 251
249, 241, 246
253, 227, 252
246, 245, 253
242, 247, 243
227, 245, 255
262, 250, 256
248, 251, 255
249, 246, 256
251, 234, 257
274, 212, 258
243, 254, 260
268, 262, 263
263, 256, 252
270, 257, 265
265, 244, 260
283, 258, 267
663, 268, 269
211, 270, 258
269, 263, 271
266, 270, 272
265, 260, 272
271, 252, 274
260, 259, 273
267, 276, 278
284, 269, 279
267, 266, 276
272, 273, 276
271, 274, 279
280, 273, 282
274, 258, 281
663, 269, 285
300, 277, 287
276, 280, 277
293, 279, 288
286, 280, 289
281, 283, 288
285, 284, 292
290, 283, 278
291, 284, 293
287, 298, 294
294, 300, 287
297, 299, 296
296, 295, 297
296, 300, 294
295, 293, 297
286, 289, 287
288, 290, 297
298, 292, 294
299, 290, 296
291, 293, 294
278, 277, 296
315, 302, 304
231, 203, 225
219, 222, 264
222, 257, 305
257, 270, 306
213, 212, 226
222, 231, 257
261, 264, 308
305, 306, 225
320, 309, 310
312, 305, 311
264, 305, 307
311, 225, 308
321, 313, 315
301, 213, 316
301, 317, 306
317, 316, 320
302, 314, 213
314, 302, 315
302, 226, 317
303, 318, 304
316, 319, 320
302, 317, 303
318, 317, 310
316, 314, 319
309, 319, 321
307, 309, 308
308, 321, 304
310, 312, 304
331, 322, 324
327, 373, 325
326, 328, 327
327, 328, 330
330, 322, 367
330, 329, 323
367, 322, 332
338, 333, 335
328, 326, 337
324, 323, 338
355, 339, 341
337, 342, 344
334, 345, 347
346, 348, 347
343, 350, 345
335, 351, 343
335, 334, 351
353, 349, 352
351, 347, 353
350, 352, 346
350, 351, 352
357, 354, 341
345, 356, 354
345, 354, 343
344, 343, 341
329, 358, 323
328, 337, 329
358, 356, 334
359, 356, 358
359, 362, 360
360, 361, 339
377, 361, 362
356, 360, 355
344, 341, 361
363, 337, 344
361, 374, 363
369, 362, 364
332, 365, 367
365, 368, 366
327, 330, 371
327, 371, 373
330, 367, 370
363, 374, 376
370, 364, 371
372, 371, 375
366, 369, 370
358, 337, 359
376, 364, 363
362, 369, 377
379, 378, 393
393, 664, 379
644, 386, 391
644, 634, 552
665, 398, 381
552, 386, 644
382, 381, 551
634, 666, 552
666, 634, 382
381, 383, 665
382, 551, 666
385, 391, 386
386, 552, 384
385, 384, 388
395, 389, 548
390, 388, 387
389, 395, 390
392, 667, 668
391, 669, 644
391, 385, 388
668, 669, 391
391, 392, 668
391, 388, 390
670, 393, 394
390, 395, 392
399, 671, 397
665, 383, 399
399, 672, 671
397, 673, 396
398, 395, 548
548, 550, 398
398, 665, 399
398, 397, 396
396, 395, 398
411, 400, 402
412, 424, 634
616, 635, 383
382, 404, 616
616, 636, 635
424, 382, 634
412, 402, 424
382, 426, 403
382, 616, 383
426, 382, 424
641, 405, 407
639, 408, 410
633, 411, 412
628, 405, 640
433, 674, 675
433, 406, 405
628, 410, 409
405, 621, 433
640, 410, 628
405, 414, 621
405, 628, 413
433, 675, 406
632, 415, 417
627, 418, 420
626, 421, 423
435, 427, 429
622, 430, 432
429, 674, 433
433, 435, 429
620, 436, 427
401, 400, 438
617, 439, 441
676, 442, 443
434, 444, 435
605, 446, 448
610, 449, 451
609, 452, 454
608, 455, 457
595, 458, 460
604, 461, 463
603, 464, 466
602, 467, 469
599, 470, 472
594, 473, 475
593, 476, 478
592, 479, 481
484, 677, 482
483, 678, 484
489, 485, 487
428, 488, 429
488, 428, 489
443, 401, 491
490, 401, 438
438, 589, 492
497, 493, 495
495, 501, 496
501, 494, 679
588, 502, 504
587, 505, 507
584, 508, 510
582, 511, 513
566, 514, 516
574, 517, 519
578, 520, 522
575, 523, 525
560, 526, 528
571, 529, 531
570, 532, 534
565, 535, 537
547, 538, 540
561, 541, 543
559, 539, 545
558, 546, 540
550, 548, 549
550, 381, 398
381, 549, 551
553, 680, 681
553, 555, 682
682, 680, 553
543, 542, 557
567, 516, 557
533, 546, 534
559, 558, 539
529, 534, 559
529, 559, 530
561, 560, 541
515, 537, 561
515, 561, 516
572, 544, 538
541, 528, 562
541, 562, 542
531, 530, 564
579, 503, 564
519, 518, 565
568, 566, 567
525, 566, 569
521, 520, 570
570, 534, 571
521, 570, 502
502, 571, 503
545, 544, 573
563, 530, 573
537, 536, 560
523, 574, 524
479, 506, 523
480, 479, 575
575, 525, 576
480, 575, 577
508, 578, 509
580, 504, 579
512, 504, 581
506, 505, 574
514, 565, 515
524, 519, 514
525, 524, 566
582, 510, 511
476, 475, 582
476, 582, 477
583, 481, 577
596, 460, 583
474, 584, 475
513, 512, 585
477, 513, 586
472, 471, 507
522, 521, 588
509, 522, 511
511, 588, 512
591, 492, 590
618, 490, 591
436, 485, 428
592, 507, 479
459, 472, 592
459, 592, 460
594, 475, 593
448, 594, 461
461, 593, 462
597, 595, 596
611, 466, 597
448, 447, 594
598, 478, 586
600, 462, 598
468, 470, 469
601, 463, 600
606, 450, 601
455, 467, 456
464, 602, 465
453, 456, 464
454, 453, 603
605, 448, 604
416, 605, 449
449, 604, 450
458, 599, 459
465, 469, 458
466, 465, 595
607, 451, 606
623, 441, 607
422, 421, 457
452, 457, 453
418, 422, 452
419, 418, 609
417, 416, 610
431, 417, 440
440, 610, 441
612, 603, 611
629, 454, 612
416, 415, 605
444, 420, 445
414, 413, 444
621, 414, 434
631, 431, 442
445, 419, 614
445, 614, 435
439, 432, 440
616, 404, 439
636, 616, 617
619, 491, 618
676, 443, 619
435, 615, 427
425, 443, 622
426, 425, 403
403, 622, 404
401, 424, 402
424, 443, 425
624, 617, 623
636, 617, 625
408, 626, 409
423, 422, 627
409, 423, 628
628, 627, 413
630, 609, 629
419, 609, 613
431, 631, 417
643, 633, 634
637, 635, 625
383, 635, 399
640, 638, 410
642, 640, 641
664, 642, 379
380, 379, 407
669, 643, 644
