# Project Zomboid Skinned Mesh
# File Version:
1.0
# Model Name:
Cube
# Vertex Stride Element Count:
3
# Vertex Stride Size (in bytes):
76
# Vertex Stride Data:
# (Int)    Offset
# (String) Type
0
VertexArray
12
NormalArray
24
TextureCoordArray
# Vertex Count:
860
# Vertex Buffer:
0.00566735, 0.09295236, 0.0043326
0.87710196, -0.30161443, -0.37372968
0.71142656, 0.00342679
-0.00574134, 0.06053933, 0.0045346
-0.84374523, 0.27454451, -0.46113467
0.75796157, 0.12873882
-0.00574135, 0.09295236, 0.0043326
-0.87710196, -0.30161443, -0.37372968
0.75796157, 0.00342673
-0.00418379, 0.05111112, -0.05365114
-0.84704125, -0.11883908, -0.51805168
0.88853979, 0.90018387
0.00387002, 0.05491649, -0.05750393
0.09469894, -0.93423259, -0.34382153
0.85568887, 0.88142893
0.00434539, 0.05111119, -0.05365114
0.85180211, -0.0692465, -0.51924193
0.85374999, 0.9001836
-0.00507876, 0.11713165, -0.04249513
-0.68694115, 0.72515029, 0.04705954
0.83939588, 0.65208873
0.00503711, 0.11324486, -0.0167157
0.58183539, 0.53529465, 0.61226231
0.88065869, 0.76557229
0.00503711, 0.11713165, -0.04249513
0.68855864, 0.72362435, 0.04709006
0.88065761, 0.65208903
-0.00811319, 0.04715455, -0.03971319
-0.73436689, -0.49287394, -0.46662802
0.9045673, 0.96292873
0.00786443, 0.03803493, -0.03228852
0.76531267, -0.27472761, -0.58207953
0.8393963, 0.99999957
-0.00811319, 0.03803493, -0.03228852
-0.76531267, -0.27472761, -0.58207953
0.90456766, 1.0
-0.00811318, 0.02856862, -0.02449396
-0.78209782, -0.59022796, -0.19971313
0.57387948, 0.97420853
0.00786443, 0.02867644, -0.03040455
0.58961761, -0.62022769, -0.51731926
0.63905066, 1.0
0.00786443, 0.02856862, -0.02449396
0.78209782, -0.59022796, -0.19971313
0.63905078, 0.97420883
0.00434539, 0.05239176, -0.04649359
0.1231727, -0.96530044, -0.23023164
0.34272102, 0.32744902
0.0043454, 0.04395348, -0.0542844
0.72933131, -0.41370893, 0.54484695
0.33959544, 0.28027737
0.00434539, 0.05111119, -0.05365114
0.85180211, -0.0692465, -0.51924193
0.32421771, 0.30262309
-0.00012999, 0.10122906, -0.04599081
0.0, -0.63023776, 0.77636033
0.89475894, 0.80790532
-0.00753319, 0.10122906, -0.05339402
-0.77636033, -0.63023776, 0.0
0.87854338, 0.76557231
0.00727321, 0.10122906, -0.05339402
0.77636033, -0.63023776, 0.0
0.85561138, 0.82575919
-0.0075332, 0.23178384, -0.05339402
-0.77636033, 0.63023776, 0.0
0.78851742, 0.9999894
-0.00536485, 0.10122906, -0.05862888
-0.54896694, -0.63023776, -0.54896694
0.8098712, 0.49518132
-0.00753319, 0.10122906, -0.05339402
-0.77636033, -0.63023776, 0.0
0.78851748, 0.49517071
0.00727321, 0.10122906, -0.05339402
0.77636033, -0.63023776, 0.0
0.74581099, 1.0
0.00510484, 0.23178384, -0.04815917
0.54896694, 0.63023776, 0.54896694
0.72446102, 0.49516225
0.00510486, 0.10122906, -0.04815916
0.54896694, -0.63023776, 0.54896694
0.72446108, 0.99998002
-0.00536486, 0.23178384, -0.05862888
-0.54896694, 0.63023776, -0.54896694
0.6817559, 0.4951027
-0.00012999, 0.10122906, -0.06079722
0.0, -0.63023776, -0.77636033
0.66040331, 1.0
-0.00536485, 0.10122906, -0.05862888
-0.54896694, -0.63023776, -0.54896694
0.68175584, 0.99988424
0.00510486, 0.10122906, -0.04815916
0.54896694, -0.63023776, 0.54896694
0.72446102, 0.99992655
-0.00013, 0.23178384, -0.04599082
0.0, 0.63023776, 0.77636033
0.70310843, 0.49519616
-0.00012999, 0.10122906, -0.04599081
0.0, -0.63023776, 0.77636033
0.70310849, 1.0
-0.00536485, 0.10122906, -0.04815916
-0.54896694, -0.63023776, 0.54896694
0.68175596, 0.99992658
0.00510484, 0.23178384, -0.05862888
0.54896694, 0.63023776, -0.54896694
0.63905084, 0.4951027
0.00510486, 0.10122906, -0.05862888
0.54896694, -0.63023776, -0.54896694
0.63905078, 0.99988424
-0.00536486, 0.23178384, -0.04815917
-0.54896694, 0.63023776, 0.54896694
0.7671662, 1.0
-0.00536485, 0.10122906, -0.04815916
-0.54896694, -0.63023776, 0.54896694
0.76716614, 0.49518132
0.00510484, 0.23178384, -0.05862888
0.54896694, 0.63023776, -0.54896694
0.76716602, 0.49516225
0.00510486, 0.10122906, -0.05862888
0.54896694, -0.63023776, -0.54896694
0.76716614, 0.99998006
0.00503711, 0.11682183, -0.05826917
0.70165104, 0.71178317, -0.03128147
0.88065839, 0.58280298
0.00163505, 0.11682183, -0.05826917
0.0, 0.99902338, -0.04391614
0.86678165, 0.58280283
-0.00390863, 0.22850347, -0.04233054
-0.77636033, 0.63023776, 0.0
0.63905078, 0.35058224
-0.00016502, 0.22850347, -0.03858694
0.0, 0.63023776, 0.77636033
0.65900153, 0.35948211
-0.00016502, 0.22850347, -0.04607415
0.0, 0.63023776, -0.77636033
0.64731467, 0.32909131
-0.00016501, 0.10477341, -0.03858692
0.0, -0.63023776, 0.77636033
0.69526118, 0.33807641
-0.00390863, 0.10477341, -0.04233053
-0.77636033, -0.63023776, 0.0
0.67546517, 0.32904816
0.0035786, 0.10477341, -0.04233053
0.77636033, -0.63023776, 0.0
0.68706143, 0.35948306
-0.00016502, 0.22850347, -0.04607415
0.0, 0.63023776, -0.77636033
0.88584, 0.08451355
-0.00281215, 0.10477341, -0.04497767
-0.54896694, -0.63023776, -0.54896694
0.89663738, 0.56284931
-0.00281216, 0.22850347, -0.04497767
-0.54896694, 0.63023776, -0.54896694
0.89663744, 0.08445489
-0.00016502, 0.22850347, -0.03858694
0.0, 0.63023776, 0.77636033
0.90743488, 0.08449239
0.00248212, 0.10477341, -0.0396834
0.54896694, -0.63023776, 0.54896694
0.91823232, 0.56287071
0.00248211, 0.22850347, -0.0396834
0.54896694, 0.63023776, 0.54896694
0.91823232, 0.08445525
-0.00281216, 0.22850347, -0.03968342
-0.54896694, 0.63023776, 0.54896694
0.89663744, 0.08445519
-0.00016501, 0.10477341, -0.03858692
0.0, -0.63023776, 0.77636033
0.90743494, 0.56290781
0.00248211, 0.22850347, -0.04497767
0.54896694, 0.63023776, -0.54896694
0.87504256, 0.08445495
-0.00016501, 0.10477341, -0.04607415
0.0, -0.63023776, -0.77636033
0.88583994, 0.56290781
-0.00390863, 0.22850347, -0.04233054
-0.77636033, 0.63023776, 0.0
0.95062536, 0.08447826
-0.00281215, 0.10477341, -0.0396834
-0.54896694, -0.63023776, 0.54896694
0.96142209, 0.56290248
-0.00281216, 0.22850347, -0.03968342
-0.54896694, 0.63023776, 0.54896694
0.96142209, 0.08447301
0.00357859, 0.22850347, -0.04233054
0.77636033, 0.63023776, 0.0
0.92903107, 0.56289768
0.00248212, 0.10477341, -0.04497767
0.54896694, -0.63023776, -0.54896694
0.91823238, 0.08447921
0.00248211, 0.22850347, -0.04497767
0.54896694, 0.63023776, -0.54896694
0.91823232, 0.56290781
-0.00281216, 0.22850347, -0.04497767
-0.54896694, 0.63023776, -0.54896694
0.93982732, 0.08447295
-0.00390863, 0.10477341, -0.04233053
-0.77636033, -0.63023776, 0.0
0.95062536, 0.56290781
0.00248211, 0.22850347, -0.0396834
0.54896694, 0.63023776, 0.54896694
0.9398272, 0.56290781
0.0035786, 0.10477341, -0.04233053
0.77636033, -0.63023776, 0.0
0.92903119, 0.08446908
0.00163501, 0.22955486, -0.06244085
0.00839259, 0.68849754, -0.7251808
0.81744713, 0.56290781
0.00349234, 0.19705793, -0.06262711
0.70668662, 0.00277718, -0.70748007
0.80987126, 0.68856508
-0.00374601, 0.19705793, -0.06262716
-0.70668662, 0.00277718, -0.70748007
0.83939582, 0.68856514
0.00786442, 0.06043836, -0.06280138
0.90279853, 0.30854213, -0.2995697
0.63905013, 0.40912789
-0.00507877, 0.116512, -0.06280138
-0.57847834, 0.55873287, -0.59422588
0.58625597, 0.62593299
0.00503711, 0.116512, -0.06280138
0.57994324, 0.55754262, -0.59392071
0.62751776, 0.62593299
0.00349232, 0.22986469, -0.05774643
0.69048131, 0.72154909, -0.05032502
0.69526124, 0.35948282
0.00349233, 0.22947982, -0.06245288
0.590289, 0.53975034, -0.60014647
0.71443611, 0.35948306
0.00163501, 0.22955486, -0.06244085
0.00839259, 0.68849754, -0.7251808
0.71439105, 0.35132194
-0.00190485, 0.22766969, -0.06890851
-0.57902765, 0.56993318, -0.58293402
0.71443617, 0.32767755
0.00147406, 0.22783822, -0.06273618
0.70525223, 0.70867032, -0.01934873
0.72821844, 0.35478622
0.00147406, 0.22766969, -0.06890851
0.57902765, 0.56993318, -0.58293402
0.72821844, 0.32767743
-0.00190485, 0.21357125, -0.06897528
-0.63081759, -0.29102451, -0.71926022
0.89444101, 0.76288271
0.00147406, 0.22766969, -0.06890851
0.57902765, 0.56993318, -0.58293402
0.88065869, 0.70836851
0.00147407, 0.21357125, -0.06897528
0.63081759, -0.29102451, -0.71926022
0.88065869, 0.76288265
-0.00190485, 0.20677134, -0.06233187
-0.4329966, -0.62990201, -0.64473403
0.60778999, 0.04689777
0.00147407, 0.21357125, -0.06897528
0.63081759, -0.29102451, -0.71926022
0.62157232, 0.07936084
0.00147407, 0.20677134, -0.06233187
0.4329966, -0.62990201, -0.64473403
0.62157232, 0.04689795
0.00147406, 0.22783822, -0.06273618
0.70525223, 0.70867032, -0.01934873
0.69320762, 0.10908633
0.00147407, 0.21357125, -0.06897528
0.63081759, -0.29102451, -0.71926022
0.66664833, 0.05453098
0.00147406, 0.22766969, -0.06890851
0.57902765, 0.56993318, -0.58293402
0.668024, 0.10902619
-0.00190485, 0.21357125, -0.06897528
-0.63081759, -0.29102451, -0.71926022
0.30339846, 0.13083726
-0.00190486, 0.22783822, -0.06273618
-0.70525223, 0.7086398, -0.01934873
0.32995772, 0.07628185
-0.00190485, 0.22766969, -0.06890851
-0.57902765, 0.56993318, -0.58293402
0.30477414, 0.07634205
0.00349234, 0.19705793, -0.06262711
0.70668662, 0.00277718, -0.70748007
0.9807111, 0.43594247
0.00349233, 0.22947982, -0.06245288
0.590289, 0.53975034, -0.60014647
0.98081028, 0.56131113
0.00349232, 0.22986469, -0.05774643
0.69048131, 0.72154909, -0.05032502
0.99999994, 0.56290781
-0.00418379, 0.05239176, -0.04649359
-0.13440351, -0.96481216, -0.22589801
0.88853949, 0.93068209
0.00434539, 0.05239176, -0.04649359
0.1231727, -0.96530044, -0.23023164
0.85374969, 0.93068185
0.00786443, 0.04715455, -0.03971319
0.73491621, -0.49131748, -0.46739098
0.83939594, 0.9629283
-0.0075332, 0.23178384, -0.05339402
-0.77636033, 0.63023776, 0.0
0.84573764, 0.06496716
0.00510484, 0.23178384, -0.04815917
0.54896694, 0.63023776, 0.54896694
0.80628681, 0.10747153
0.00727319, 0.23178384, -0.05339402
0.77636033, 0.63023776, 0.0
0.82262778, 0.12507498
-0.00374603, 0.22986469, -0.05774643
-0.69048131, 0.72154909, -0.05032502
0.9807111, 0.12449408
-0.00374601, 0.19705793, -0.06262716
-0.70668662, 0.00277718, -0.70748007
0.96142209, 0.2514596
-0.00374599, 0.11682183, -0.05826917
-1.0, 0.0, 0.0
0.9807111, 0.56160524
0.00503711, 0.116512, -0.06280138
0.57994324, 0.55754262, -0.59392071
0.88065869, 0.56290814
-0.00507877, 0.116512, -0.06280138
-0.57847834, 0.55873287, -0.59422588
0.83939689, 0.56290781
-0.00811318, 0.05608745, -0.06343419
-0.72966707, -0.68053222, -0.06653035
0.56196636, 0.87837521
-0.00811319, 0.06043836, -0.0689383
-0.57734919, 0.57734919, -0.57734919
0.56064117, 0.90780178
-0.00811318, 0.05608745, -0.0689383
-0.57734919, -0.57734919, -0.57734919
0.57387882, 0.89887504
-0.00278731, 0.05608745, -0.06598964
0.30149236, -0.90450758, -0.30149236
0.88706994, 0.06763113
-0.00278732, 0.06043836, -0.0689383
0.57734919, 0.57734919, -0.57734919
0.87504262, 0.08445489
-0.00278732, 0.06043836, -0.06598964
0.30149236, 0.90450758, -0.30149236
0.88706994, 0.08445489
0.00253855, 0.06043836, -0.06598964
-0.30149236, 0.90450758, -0.30149236
0.36986494, 0.05852735
-0.00278731, 0.05608745, -0.06598964
0.30149236, -0.90450758, -0.30149236
0.38548115, 0.03512555
-0.00278732, 0.06043836, -0.06598964
0.30149236, 0.90450758, -0.30149236
0.36986494, 0.03512549
-0.00278732, 0.06043836, -0.06598964
0.30149236, 0.90450758, -0.30149236
0.22390105, 0.07251579
-0.00811319, 0.06043836, -0.06280138
-0.90185249, 0.30527666, -0.30564287
0.23690429, 0.0959177
0.00786442, 0.06043836, -0.06280138
0.90279853, 0.30854213, -0.2995697
0.23690428, 0.02571201
0.00786443, 0.05608745, -0.06343419
0.72966707, -0.68053222, -0.06653035
0.27503094, 0.44907415
0.00786442, 0.06043836, -0.0689383
0.57734919, 0.57734919, -0.57734919
0.27370572, 0.41964763
0.00786442, 0.06043836, -0.06280138
0.90279853, 0.30854213, -0.2995697
0.26042372, 0.44250429
0.00786442, 0.06043836, -0.0689383
0.57734919, 0.57734919, -0.57734919
0.15154429, 0.04988718
0.00253856, 0.05608745, -0.0689383
-0.57734919, -0.57734919, -0.57734919
0.16716048, 0.02648538
0.00253855, 0.06043836, -0.0689383
-0.57734919, 0.57734919, -0.57734919
0.15154429, 0.02648532
-0.00278732, 0.06043836, -0.0689383
0.57734919, 0.57734919, -0.57734919
0.13592808, 0.04988718
-0.00811318, 0.05608745, -0.0689383
-0.57734919, -0.57734919, -0.57734919
0.15154429, 0.02648538
-0.00811319, 0.06043836, -0.0689383
-0.57734919, 0.57734919, -0.57734919
0.13592808, 0.02648532
0.00786443, 0.05608745, -0.06343419
0.72966707, -0.68053222, -0.06653035
0.83939618, 0.85499899
-0.00811318, 0.05608745, -0.06343419
-0.72966707, -0.68053222, -0.06653035
0.90456742, 0.85499941
0.00253856, 0.05608745, -0.06598964
-0.30149236, -0.90450758, -0.30149236
0.86112005, 0.84387256
0.00253855, 0.06043836, -0.06598964
-0.30149236, 0.90450758, -0.30149236
0.86207855, 0.08537322
0.00253856, 0.05608745, -0.0689383
-0.57734919, -0.57734919, -0.57734919
0.87410593, 0.06854939
0.00253856, 0.05608745, -0.06598964
-0.30149236, -0.90450758, -0.30149236
0.86207855, 0.06854939
-0.00418379, 0.05239176, -0.04649359
-0.13440351, -0.96481216, -0.22589801
0.62157232, 0.07052904
-0.00418379, 0.05111112, -0.05365114
-0.84704125, -0.11883908, -0.51805168
0.65067369, 0.06497413
-0.00418378, 0.04395348, -0.0542844
-0.72933131, -0.41370893, 0.54484695
0.65276277, 0.03724915
-0.00811318, 0.05374546, -0.05157369
-0.72298348, -0.66933197, -0.17099521
0.90456724, 0.90785897
-0.00811318, 0.05239176, -0.04807305
-0.6659444, -0.67430645, -0.31904051
0.90456718, 0.92380513
-0.00418378, 0.03828643, -0.05778505
-0.53794974, -0.76531267, -0.35337383
0.13592808, 0.0417701
0.0043454, 0.04395348, -0.0542844
0.72933131, -0.41370893, 0.54484695
0.10113826, 0.06356376
-0.00418378, 0.04395348, -0.0542844
-0.72933131, -0.41370893, 0.54484695
0.13592806, 0.06356382
0.00434539, 0.05239176, -0.04649359
0.1231727, -0.96530044, -0.23023164
0.10113829, 0.09592736
0.00786443, 0.05374546, -0.05157369
0.72692037, -0.66566974, -0.16855372
0.83939588, 0.90785855
-0.00418379, 0.05111112, -0.05365114
-0.84704125, -0.11883908, -0.51805168
0.84107661, 0.32744932
0.0043454, 0.03828643, -0.05778505
0.53794974, -0.76531267, -0.35337383
0.80628681, 0.37725586
-0.00418378, 0.03828643, -0.05778505
-0.53794974, -0.76531267, -0.35337383
0.84107661, 0.37725586
0.00786443, 0.05491649, -0.05750393
0.70708334, -0.69368571, -0.13696706
0.83939606, 0.88142882
0.00786442, 0.0647471, -0.0602494
0.91119117, 0.34452346, 0.22583696
0.80519831, 0.33101797
-0.00818291, 0.0647471, -0.02290251
-0.90408033, 0.31983399, -0.28336436
0.73974258, 0.4951027
0.00786442, 0.0647471, -0.02290251
0.90154731, 0.32059693, -0.29047516
0.80519831, 0.49510252
0.00786442, 0.0647471, -0.0602494
0.91119117, 0.34452346, 0.22583696
0.20138377, 0.19186801
-0.00514847, 0.10146685, -0.0602494
-0.85088658, -0.26129949, 0.45570239
0.14830534, 0.04988724
-0.00818291, 0.0647471, -0.0602494
-0.91494489, 0.34659871, 0.20667134
0.13592808, 0.19186801
-0.00514847, 0.10146685, -0.02290251
-0.89202553, -0.26404613, -0.36677146
0.48182923, 0.17929184
0.00503711, 0.10146685, -0.0602494
0.8491165, -0.26444289, 0.45719779
0.44028312, 0.01668137
0.00503711, 0.10146685, -0.02290251
0.89074373, -0.26792198, -0.36710715
0.44028309, 0.17929196
0.00786442, 0.0647471, -0.02290251
0.90154731, 0.32059693, -0.29047516
0.1006919, 0.04986745
-0.00514847, 0.10146685, -0.02290251
-0.89202553, -0.26404613, -0.36677146
0.04761349, 0.19184202
0.00503711, 0.10146685, -0.02290251
0.89074373, -0.26792198, -0.36710715
0.08915959, 0.19184202
-0.00507875, 0.11324479, -0.0167157
-0.58006531, 0.53669852, 0.61272013
0.8626653, 0.56290755
0.00786442, 0.0661331, -0.0167157
0.82320625, 0.27967161, 0.49403363
0.80987126, 0.38074523
0.00503711, 0.11324486, -0.0167157
0.58183539, 0.53529465, 0.61226231
0.82140356, 0.56290781
0.00311871, 0.10072711, -0.054874
-0.38642538, 0.82811975, 0.40598774
0.62995809, 0.31244856
0.00521283, 0.10054759, -0.05504355
0.50926238, 0.78228098, -0.358623
0.62141627, 0.31318337
0.00452429, 0.10054759, -0.05829053
0.51567125, 0.57274085, -0.63716543
0.62422478, 0.32744902
0.01686727, 0.06548472, -0.04594755
0.73342085, -0.65095979, -0.19577624
0.52399027, 0.17927605
0.01233044, 0.06545991, -0.04338119
0.00256355, -0.99996948, 0.00030519
0.51360554, 0.19921088
0.0135749, 0.06545991, -0.04638555
0.00473037, -0.99996948, -0.00021363
0.52574867, 0.19374275
-0.01685437, 0.10054759, -0.04594755
-0.80809963, 0.57484663, 0.12845241
0.06877122, 0.32742029
-0.01233652, 0.07574397, -0.05377268
-0.62199771, 0.12442397, -0.77303386
0.10069188, 0.23153365
-0.01685437, 0.07574397, -0.04594753
-0.98046815, 0.12442397, -0.15213478
0.06877115, 0.23151165
-0.01685437, 0.10054759, -0.04594755
-0.80809963, 0.57484663, 0.12845241
0.20180936, 1.186e-05
-0.01438666, 0.07817054, -0.04372779
-0.89706105, 0.30133978, 0.3231605
0.21187495, 0.08661032
-0.01438666, 0.10054759, -0.04372779
-0.56874293, 0.7833491, 0.25070956
0.21187495, 8.708e-05
0.0045243, 0.06548472, -0.02456889
0.19724113, -0.65092927, 0.73305458
0.43758133, 0.23351115
0.00011435, 0.06545991, -0.02639076
0.0, -0.99996948, 0.00677511
0.44493312, 0.25288844
0.00311872, 0.06545991, -0.02763523
0.00412, -0.99996948, 0.00314341
0.449963, 0.23968726
-0.00451138, 0.10054759, -0.02456889
-0.51673943, 0.57200843, 0.63698232
0.92674994, 0.72985059
-0.00519991, 0.07817054, -0.02781587
-0.72838527, 0.30133978, 0.61531419
0.91350621, 0.8163797
-0.00451138, 0.07574397, -0.02456889
-0.35847041, 0.12442397, 0.92519915
0.92674994, 0.82575919
0.01234943, 0.06548472, -0.02908674
0.53642386, -0.65074617, 0.53733939
0.63905078, 0.4950611
0.01686727, 0.07574397, -0.03691187
0.98046815, 0.12442397, 0.15213478
0.67096335, 0.45543307
0.01234944, 0.07574397, -0.02908674
0.62199771, 0.12442397, 0.77303386
0.63905078, 0.45539147
0.01439956, 0.07817054, -0.03913164
0.89706105, 0.30133978, -0.3231605
0.53178972, 0.06933177
0.01686727, 0.07574397, -0.04594755
0.98046815, 0.12442397, -0.15213478
0.54185659, 0.03952348
0.01439956, 0.07817054, -0.04372779
0.89706105, 0.30133978, 0.3231605
0.53178972, 0.04913843
-0.01233652, 0.07574397, -0.05377268
-0.62199771, 0.12442397, -0.77303386
0.81624025, 0.0252654
-0.00519992, 0.07817054, -0.05504355
-0.72838527, 0.30133978, -0.61528367
0.80628681, 0.05528235
-0.00451139, 0.07574397, -0.05829053
-0.35847041, 0.12442397, -0.92519915
0.81624025, 0.06496716
-0.01685437, 0.07574397, -0.03691185
-0.98046815, 0.12442397, 0.15213478
0.03191539, 0.23151171
-0.01233652, 0.10054759, -0.02908672
-0.29108554, 0.57582325, 0.76396984
1e-08, 0.32744229
-0.01685437, 0.10054759, -0.03691187
-0.80764186, 0.57524341, -0.12936796
0.03191546, 0.32742029
0.01234944, 0.07574397, -0.05377268
0.62199771, 0.12442397, -0.77303386
0.83005869, 0.06496716
0.00521283, 0.07817054, -0.05504355
0.72838527, 0.30133978, -0.61528367
0.82010406, 0.03494781
0.0091932, 0.07817054, -0.05274547
0.16864528, 0.30133978, -0.93847466
0.820104, 0.0551427
0.01686727, 0.06548472, -0.04594755
0.73342085, -0.65095979, -0.19577624
0.7078191, 0.4951027
0.01686727, 0.06548472, -0.03691187
0.73342085, -0.65095979, 0.19568469
0.67096335, 0.4951027
-0.00451138, 0.07574397, -0.02456889
-0.35847041, 0.12442397, 0.92519915
0.87225336, 0.08537322
-0.00918029, 0.07817054, -0.03011394
-0.16864528, 0.30133978, 0.93847466
0.86207855, 0.11539048
-0.01233652, 0.07574397, -0.02908672
-0.62199771, 0.12442397, 0.77303386
0.87225336, 0.12507498
0.0045243, 0.07574397, -0.02456889
0.35847041, 0.12442397, 0.92519915
0.13260996, 0.23153651
-0.00451138, 0.10054759, -0.02456889
-0.51673943, 0.57200843, 0.63698232
0.16946572, 0.32744229
-0.00451138, 0.07574397, -0.02456889
-0.35847041, 0.12442397, 0.92519915
0.16946571, 0.23153651
-0.01233652, 0.06548472, -0.05377268
-0.53630179, -0.6511429, -0.53697318
0.2013838, 0.19211519
-0.00451139, 0.07574397, -0.05829053
-0.35847041, 0.12442397, -0.92519915
0.2333018, 0.23154074
-0.00451139, 0.06548472, -0.05829053
-0.19705802, -0.65117341, -0.73287147
0.23330182, 0.19187397
0.01234943, 0.06548472, -0.05377268
0.53630179, -0.65105134, -0.53709525
0.30207565, 0.19211519
0.0045243, 0.07574397, -0.05829053
0.35847041, 0.12442397, -0.92519915
0.27015758, 0.2315408
0.01234944, 0.07574397, -0.05377268
0.62199771, 0.12442397, -0.77303386
0.30207565, 0.23178196
-0.00451138, 0.06548472, -0.02456889
-0.19721061, -0.65099031, 0.73299354
0.16946571, 0.19186801
-0.01233652, 0.07574397, -0.02908672
-0.62199771, 0.12442397, 0.77303386
0.20138377, 0.23168951
-0.01233652, 0.06548472, -0.02908672
-0.53639334, -0.65089875, 0.5371868
0.20138377, 0.19202101
0.01234943, 0.06548472, -0.05377268
0.53630179, -0.65105134, -0.53709525
0.73974264, 0.49506122
0.01234944, 0.07574397, -0.05377268
0.62199771, 0.12442397, -0.77303386
0.73974264, 0.45539159
0.01234943, 0.06548472, -0.02908674
0.53642386, -0.65074617, 0.53733939
0.10069192, 0.19202107
0.01234944, 0.07574397, -0.02908674
0.62199771, 0.12442397, 0.77303386
0.1006919, 0.23168957
-0.01438666, 0.07817054, -0.03913164
-0.89706105, 0.30133978, -0.3231605
0.91350621, 0.82575919
-0.01438666, 0.10054759, -0.04372779
-0.56874293, 0.7833491, 0.25070956
0.89475894, 0.73923343
-0.01438666, 0.07817054, -0.04372779
-0.89706105, 0.30133978, 0.3231605
0.89475894, 0.82575917
0.00452429, 0.10054759, -0.05829053
0.51567125, 0.57274085, -0.63716543
0.69320762, 0.10908633
0.00521283, 0.07817054, -0.05504355
0.72838527, 0.30133978, -0.61528367
0.70645261, 0.0225544
0.0045243, 0.07574397, -0.05829053
0.35847041, 0.12442397, -0.92519915
0.69320768, 0.01317787
0.01439956, 0.07817054, -0.04372779
0.89706105, 0.30133978, 0.3231605
0.02910959, 0.09590149
0.01439956, 0.10054759, -0.03913164
0.57347333, 0.78069401, -0.24817652
0.0103623, 0.00937587
0.01439956, 0.07817054, -0.03913164
0.89706105, 0.30133978, -0.3231605
0.0103623, 0.09590149
0.01234943, 0.10054759, -0.05377268
0.29374066, 0.57319862, -0.76494646
0.30339849, 0.15781569
0.0091932, 0.07817054, -0.05274547
0.16864528, 0.30133978, -0.93847466
0.31627247, 0.24428034
0.00919319, 0.10054759, -0.05274548
0.05258339, 0.78484452, -0.61741996
0.3162725, 0.15776086
-0.0091803, 0.07817054, -0.05274547
-0.16864528, 0.30133978, -0.93847466
0.2240303, 0.182437
-0.00519993, 0.10054759, -0.05504355
-0.50575274, 0.78478348, -0.35816523
0.2077947, 0.09604031
-0.00519992, 0.07817054, -0.05504355
-0.72838527, 0.30133978, -0.61528367
0.20779471, 0.18255973
0.01439956, 0.07817054, -0.04372779
0.89706105, 0.30133978, 0.3231605
0.33250806, 0.24440992
0.01686727, 0.10054759, -0.04594755
0.80919826, 0.5731681, 0.12881863
0.34257364, 0.15781158
0.01439956, 0.10054759, -0.04372779
0.575396, 0.77806938, 0.25196081
0.33250806, 0.15788668
0.0045243, 0.10054759, -0.02456889
0.51673943, 0.57124543, 0.63765371
0.62422478, 0.17929202
0.00311871, 0.10072711, -0.02763523
-0.38489944, 0.82937104, -0.40488908
0.62995809, 0.19277424
0.00011435, 0.10072711, -0.02639076
0.00012207, 0.83333844, -0.55275124
0.64221263, 0.18730664
0.0091932, 0.07817054, -0.03011395
0.16864528, 0.30133978, 0.93847466
0.01287402, 0.10531884
0.00521283, 0.10054759, -0.02781587
0.51094091, 0.7802667, 0.36066774
0.02910959, 0.19176424
0.00521283, 0.07817054, -0.02781587
0.72838527, 0.30133978, 0.61528367
0.02910959, 0.105241
0.01686727, 0.10054759, -0.03691187
0.80864894, 0.57371747, -0.12991729
0.01006559, 0.09590149
0.01439956, 0.07817054, -0.03913164
0.89706105, 0.30133978, -0.3231605
1e-08, 0.00926363
0.01439956, 0.10054759, -0.03913164
0.57347333, 0.78069401, -0.24817652
0.0, 0.09578305
-0.01685437, 0.06548472, -0.03691185
-0.73320717, -0.65117341, 0.19577624
0.48746982, 0.32744902
-0.01193731, 0.06545991, -0.03895237
-0.00231941, -0.99996948, -0.00030519
0.49570525, 0.30584347
-0.01318176, 0.06545991, -0.03594801
-0.00430311, -0.99996948, 0.00039674
0.48356214, 0.3113116
-0.00519991, 0.07817054, -0.02781587
-0.72838527, 0.30133978, 0.61531419
0.10681847, 0.10526693
-0.00918029, 0.10054759, -0.03011394
-0.06442457, 0.78255564, 0.61919004
0.12305411, 0.19186801
-0.00918029, 0.07817054, -0.03011394
-0.16864528, 0.30133978, 0.93847466
0.12305409, 0.10534477
0.01234943, 0.10054759, -0.02908674
0.29493088, 0.57060456, 0.7664113
0.0, 0.19180727
0.00919319, 0.10054759, -0.03011395
0.04672384, 0.77681816, 0.6279794
0.01287403, 0.19184202
-0.00451139, 0.10054759, -0.05829053
-0.51573229, 0.57338178, -0.63655508
0.9045676, 0.90409137
-0.00519992, 0.07817054, -0.05504355
-0.72838527, 0.30133978, -0.61528367
0.91781217, 0.99062048
-0.00519993, 0.10054759, -0.05504355
-0.50575274, 0.78478348, -0.35816523
0.91781217, 0.90409469
-0.01233654, 0.10054759, -0.05377268
-0.29081088, 0.57741022, -0.76287121
0.23690429, 0.09597248
-0.01233652, 0.07574397, -0.05377268
-0.62199771, 0.12442397, -0.77303386
0.23690429, 0.19187397
-0.01438666, 0.07817054, -0.03913164
-0.89706105, 0.30133978, -0.3231605
0.92675, 0.81649551
-0.01685437, 0.10054759, -0.03691187
-0.80764186, 0.57524341, -0.12936796
0.93681556, 0.72985765
-0.01438666, 0.10054759, -0.03913164
-0.5674001, 0.78527176, -0.2476577
0.92675, 0.72997618
0.00521283, 0.10054759, -0.05504355
0.50926238, 0.78228098, -0.358623
0.33250806, 0.15788358
0.0045243, 0.10054759, -0.02456889
0.51673943, 0.57124543, 0.63765371
0.93105549, 1.0
0.00521283, 0.07817054, -0.02781587
0.72838527, 0.30133978, 0.61528367
0.91781217, 0.91346805
0.00521283, 0.10054759, -0.02781587
0.51094091, 0.7802667, 0.36066774
0.91781217, 0.99999367
-0.01233652, 0.10054759, -0.02908672
-0.29108554, 0.57582325, 0.76396984
0.13592809, 0.1918332
0.01234944, 0.07574397, -0.02908674
0.62199771, 0.12442397, 0.77303386
0.7114265, 0.13959014
0.00521283, 0.07817054, -0.02781587
0.72838527, 0.30133978, 0.61528367
0.70125049, 0.16947186
0.0045243, 0.07574397, -0.02456889
0.35847041, 0.12442397, 0.92519915
0.7114265, 0.17929196
-0.01685437, 0.06548472, -0.04594753
-0.73320717, -0.65117341, -0.19583727
0.06877116, 0.19184202
-0.00451139, 0.10054759, -0.05829053
-0.51573229, 0.57338178, -0.63655508
0.23330174, 0.32744229
-0.01685437, 0.07574397, -0.04594753
-0.98046815, 0.12442397, -0.15213478
0.53178972, 0.07922202
-0.01438666, 0.07817054, -0.03913164
-0.89706105, 0.30133978, -0.3231605
0.52172536, 0.04941392
-0.01438666, 0.07817054, -0.04372779
-0.89706105, 0.30133978, 0.3231605
0.52172536, 0.0696072
0.00011435, 0.06545991, -0.04762081
0.0, -0.99996948, 0.0
0.53074157, 0.25288844
0.00011435, 0.06545991, -0.0348884
0.0, -0.99996948, 0.0
0.47927919, 0.25288844
-0.00592857, 0.06545991, -0.04338119
0.0, -1.0, 0.0
0.51360571, 0.27944106
0.00011435, 0.06545991, -0.05611845
0.0, -0.99996948, -0.00570696
0.56508762, 0.25288844
-0.00289002, 0.06545991, -0.054874
-0.0036317, -0.99996948, -0.0028077
0.56005776, 0.26608962
-0.00451139, 0.06548472, -0.05829053
-0.19705802, -0.65117341, -0.73287147
0.57387882, 0.27321398
0.01439956, 0.10054759, -0.04372779
0.575396, 0.77806938, 0.25196081
0.58394444, 0.26346725
0.01233043, 0.10072711, -0.04338119
-0.37977234, 0.82271796, -0.42289498
0.59238434, 0.26195467
0.01439956, 0.10054759, -0.03913164
0.57347333, 0.78069401, -0.24817652
0.58394444, 0.24327391
-0.01438666, 0.10054759, -0.04372779
-0.56874293, 0.7833491, 0.25070956
0.70136094, 0.26346701
-0.01193731, 0.10072711, -0.04338119
0.38627279, 0.81997132, -0.42231512
0.69137037, 0.26195449
-0.01318177, 0.10072711, -0.04638555
0.5656606, 0.82461011, 0.00653096
0.69644636, 0.27515423
0.00011435, 0.10072711, -0.0348884
0.0, 0.80416274, 0.59434795
0.64221263, 0.2246412
0.0063217, 0.10072711, -0.03895238
0.42027038, 0.80416274, 0.42027038
0.61689341, 0.24249655
0.0063217, 0.10072711, -0.04338119
0.42027038, 0.80416274, -0.42027038
0.61689341, 0.26195467
0.00932608, 0.06545991, -0.04213675
0.0, -1.0, 0.0
0.50857574, 0.21241212
0.00507726, 0.06545991, -0.04638555
0.0, -1.0, 0.0
0.52574879, 0.23108137
0.00932608, 0.06545991, -0.05063437
0.0011597, -0.99996948, -0.00259407
0.54292172, 0.21241206
-0.00289002, 0.06545991, -0.04886528
0.0, -0.99996948, 0.0
0.53577149, 0.26608962
-0.00413446, 0.06545991, -0.05186962
-0.00085452, -0.99996948, -0.0013123
0.54791456, 0.27155769
-0.00893295, 0.06545991, -0.04213675
0.0, -1.0, 0.0
0.50857598, 0.2926423
-0.01318176, 0.06545991, -0.04638555
-0.00424207, -0.99996948, -0.00018311
0.52574897, 0.3113116
-0.00893295, 0.06545991, -0.05063437
-0.00112918, -0.99996948, -0.00250252
0.54292196, 0.2926423
-0.00893295, 0.06545991, -0.0316992
-0.00125126, -0.99996948, 0.0028077
0.46638906, 0.2926423
-0.00893295, 0.06545991, -0.04019681
0.0, -1.0, 0.0
0.50073504, 0.2926423
-0.00289002, 0.06545991, -0.02763523
-0.00381481, -0.99996948, 0.00302133
0.44996309, 0.26608962
-0.00413446, 0.06545991, -0.03063959
-0.00085452, -0.99996948, 0.00134281
0.46210623, 0.27155775
0.00932608, 0.06545991, -0.0316992
0.0013123, -0.99996948, 0.00292978
0.46638882, 0.21241212
0.00507726, 0.06545991, -0.03594801
0.0, -1.0, 0.0
0.4835619, 0.23108137
0.00932608, 0.06545991, -0.04019681
0.0, -1.0, 0.0
0.50073481, 0.21241212
-0.00592857, 0.09731562, -0.04338119
-0.54896694, 0.63023776, -0.54896694
0.34226391, 0.15776086
-0.00893295, 0.10072711, -0.04213675
0.0, 0.80416274, -0.59434795
0.32995772, 0.14455962
-0.00592858, 0.10072711, -0.04338119
-0.42027038, 0.80416274, -0.42027038
0.33001944, 0.1577608
0.00011435, 0.09731562, -0.05611845
0.0, 0.63023776, 0.77636033
0.62003493, 0.03369659
0.00311871, 0.10072711, -0.054874
-0.38642538, 0.82811975, 0.40598774
0.60782909, 0.02049541
0.00011435, 0.10072711, -0.05611845
0.00012207, 0.82885218, 0.55943477
0.60778999, 0.03369659
0.00311872, 0.09731562, -0.03364395
-0.54896694, 0.63023776, 0.54896694
0.41554812, 0.03407329
0.00436317, 0.10072711, -0.03063959
-0.57698292, 0.81637013, 0.0242317
0.40329719, 0.02087289
0.00311871, 0.10072711, -0.03364395
-0.42027038, 0.80416274, 0.42027038
0.40330282, 0.03407329
0.0135749, 0.09731562, -0.03594801
-0.77636033, 0.63023776, 0.0
0.40329155, 0.02087283
0.01233043, 0.10072711, -0.03294364
-0.38651693, 0.83123267, -0.3995178
0.39105189, 0.00767088
0.0135749, 0.10072711, -0.03594801
-0.56282234, 0.8265633, -0.002472
0.39104626, 0.02087283
-0.00289002, 0.09731562, -0.03364395
0.54896694, 0.63023776, 0.54896694
0.56159472, 0.01832539
0.00011435, 0.10072711, -0.0348884
0.0, 0.80416274, 0.59434795
0.57387882, 0.03152663
-0.00289002, 0.10072711, -0.03364395
0.42027038, 0.80416274, 0.42027038
0.57383972, 0.01832539
-0.00893295, 0.09731562, -0.04019681
0.0, 0.63023776, 0.77636033
0.89448011, 0.72156966
-0.00592858, 0.10072711, -0.03895238
-0.42027038, 0.80416274, 0.42027038
0.90668595, 0.73477089
-0.00893295, 0.10072711, -0.04019683
0.0, 0.80416274, 0.59434795
0.90672511, 0.72156969
0.01233044, 0.09731562, -0.04938992
-0.54896694, 0.63023776, 0.54896694
0.51735467, 0.01312113
0.0135749, 0.10072711, -0.04638555
-0.56236458, 0.82683796, 0.00769066
0.52960563, 0.02632153
0.01233043, 0.10072711, -0.04938992
-0.39045382, 0.82811975, 0.40214241
0.52960002, 0.01312113
-0.00468412, 0.09731562, -0.04638555
-0.77636033, 0.63023776, 0.0
0.38547552, 0.02192503
-0.00592858, 0.10072711, -0.04338119
-0.42027038, 0.80416274, -0.42027038
0.37323585, 0.00872308
-0.00468412, 0.10072711, -0.04638555
-0.59434795, 0.80416274, 0.0
0.37323022, 0.02192503
0.0063217, 0.09731562, -0.04938992
0.54896694, 0.63023776, 0.54896694
0.07610168, 0.0234651
0.00932608, 0.10072711, -0.05063437
-0.01422163, 0.83010346, 0.55742055
0.0883858, 0.03666633
0.0063217, 0.10072711, -0.04938992
0.42783898, 0.80715352, 0.40668964
0.08834665, 0.0234651
-0.00289002, 0.09731562, -0.04886528
0.54896694, 0.63023776, -0.54896694
0.10113829, 0.01536775
-0.00413446, 0.10072711, -0.05186964
0.58214056, 0.81276894, -0.02240059
0.11339418, 0.02857053
-0.00289002, 0.10072711, -0.04886528
0.42027038, 0.80416274, -0.42027038
0.1133836, 0.01536775
-0.00413446, 0.09731562, -0.03063959
0.77636033, 0.63023776, 0.0
0.13591747, 0.02856725
-0.00289002, 0.10072711, -0.03364395
0.42027038, 0.80416274, 0.42027038
0.12368278, 0.01536775
-0.00413446, 0.10072711, -0.03063959
0.57744074, 0.81609547, 0.0225837
0.1236722, 0.02856725
0.00311872, 0.09731562, -0.02763523
-0.54896694, 0.63023776, -0.54896694
0.1006919, 0.04986751
0.00011435, 0.10072711, -0.02639076
0.00012207, 0.83333844, -0.55275124
0.0883858, 0.03666633
0.00311871, 0.10072711, -0.02763523
-0.38489944, 0.82937104, -0.40488908
0.08844746, 0.04986751
0.00932608, 0.09731562, -0.0316992
0.0, 0.63023776, -0.77636033
0.04748066, 0.03666633
0.0063217, 0.10072711, -0.03294364
0.42909023, 0.80751973, -0.40464491
0.03529792, 0.0234651
0.00932608, 0.10072711, -0.0316992
-0.02075259, 0.83761102, -0.54582351
0.03523622, 0.03666627
-0.01193731, 0.09731562, -0.03294364
0.54896694, 0.63023776, -0.54896694
0.33541816, 0.04178482
-0.01318177, 0.10072711, -0.03594801
0.56611836, 0.82430494, -0.002472
0.32316226, 0.0285821
-0.01193731, 0.10072711, -0.03294364
0.39655751, 0.82824183, -0.39588609
0.32317284, 0.04178488
0.00507726, 0.09731562, -0.04638555
0.77636033, 0.63023776, 0.0
0.50158495, 0.03152496
0.0063217, 0.10072711, -0.04938992
0.42783898, 0.80715352, 0.40668964
0.48935026, 0.01832539
0.00507726, 0.10072711, -0.04638555
0.59434795, 0.80416274, 0.0
0.48933965, 0.03152502
0.01233043, 0.10072711, -0.04338119
-0.37977234, 0.82271796, -0.42289498
0.17952831, 0.04988718
0.00932608, 0.09731562, -0.04213675
0.0, 0.63023776, -0.77636033
0.1917111, 0.03668606
0.00932608, 0.10072711, -0.04213675
0.0, 0.80416274, -0.59434795
0.17946662, 0.03668606
-0.00893295, 0.09731562, -0.04213675
0.0, 0.63023776, -0.77636033
0.34220222, 0.14455962
-0.01193731, 0.10072711, -0.04338119
0.38627279, 0.81997132, -0.42231512
0.33001944, 0.13135844
0.00311872, 0.09731562, -0.02763523
-0.54896694, 0.63023776, -0.54896694
0.41554812, 0.00767094
0.00311871, 0.10072711, -0.02763523
-0.38489944, 0.82937104, -0.40488908
0.40330279, 0.00767094
0.00311872, 0.09731562, -0.054874
-0.54896694, 0.63023776, 0.54896694
0.42779905, 0.03407329
0.00436317, 0.10072711, -0.05186964
-0.5782342, 0.81554615, -0.02191229
0.41554812, 0.02087289
0.00311871, 0.10072711, -0.054874
-0.38642538, 0.82811975, 0.40598774
0.41555372, 0.03407329
0.00932608, 0.09731562, -0.04019681
0.0, 0.63023776, 0.77636033
0.05988758, 0.03666633
0.01233043, 0.10072711, -0.03895238
-0.38172552, 0.82244331, 0.42167425
0.0720934, 0.04986745
0.00932608, 0.10072711, -0.04019683
0.0, 0.80416274, 0.59434795
0.07213254, 0.03666633
-0.00592858, 0.10072711, -0.03895238
-0.42027038, 0.80416274, 0.42027038
0.52961123, 0.03952348
-0.00468412, 0.09731562, -0.03594801
-0.77636033, 0.63023776, 0.0
0.54185092, 0.02632302
-0.00468412, 0.10072711, -0.03594801
-0.59434795, 0.80416274, 0.0
0.52960557, 0.02632308
-0.00289002, 0.09731562, -0.054874
0.54896694, 0.63023776, 0.54896694
0.62007409, 0.04689777
-0.00289002, 0.10072711, -0.054874
0.3899655, 0.82638019, 0.40617085
0.60782909, 0.04689777
0.0135749, 0.09731562, -0.04638555
-0.77636033, 0.63023776, 0.0
0.51736027, 0.02632153
0.01233043, 0.10072711, -0.04338119
-0.37977234, 0.82271796, -0.42289498
0.52959996, 0.03952348
-0.01193731, 0.10072711, -0.03895238
0.38767663, 0.8197577, 0.42146063
0.90668595, 0.70836851
-0.00893295, 0.10072711, -0.05063437
-0.01950133, 0.82934052, 0.55833614
0.56159472, 0.03152657
-0.00592857, 0.09731562, -0.04938992
-0.54896694, 0.63023776, 0.54896694
0.54931068, 0.0447278
-0.00592858, 0.10072711, -0.04938992
-0.42027038, 0.80416274, 0.42027038
0.56155562, 0.04472774
-0.00413446, 0.09731562, -0.05186964
0.77636033, 0.63023776, 0.0
0.10114887, 0.02857053
-0.00289002, 0.10072711, -0.054874
0.3899655, 0.82638019, 0.40617085
0.11338354, 0.0417701
0.0063217, 0.09731562, -0.03294364
0.54896694, 0.63023776, -0.54896694
0.51385146, 0.0447278
0.00507726, 0.10072711, -0.03594801
0.59434795, 0.80416274, 0.0
0.50159556, 0.03152502
0.0063217, 0.10072711, -0.03294364
0.42909023, 0.80751973, -0.40464491
0.50160623, 0.0447278
0.00311872, 0.09731562, -0.04886528
-0.54896694, 0.63023776, -0.54896694
0.05984843, 0.04986751
0.00011435, 0.10072711, -0.04762083
0.0, 0.80416274, -0.59434795
0.04754233, 0.03666633
0.00311871, 0.10072711, -0.04886528
-0.42027038, 0.80416274, -0.42027038
0.04760396, 0.04986751
0.00011435, 0.09731562, -0.02639076
0.0, 0.63023776, -0.77636033
0.10063021, 0.03666633
-0.00289002, 0.10072711, -0.02763523
0.38877529, 0.8275094, -0.40501115
0.08844746, 0.02346516
-0.01193731, 0.09731562, -0.03895237
0.54896694, 0.63023776, 0.54896694
0.33541816, 0.01538247
-0.01193731, 0.10072711, -0.03895238
0.38767663, 0.8197577, 0.42146063
0.32317281, 0.01538247
-0.00592857, 0.09731562, -0.03294364
-0.54896694, 0.63023776, -0.54896694
0.17946662, 0.04988724
-0.00893295, 0.10072711, -0.0316992
0.00564592, 0.84551531, -0.53389078
0.16716048, 0.03668594
-0.00592858, 0.10072711, -0.03294364
-0.42884609, 0.80703145, -0.40589619
0.1672222, 0.04988718
0.0063217, 0.10072711, -0.04338119
0.42027038, 0.80416274, -0.42027038
0.17952831, 0.02348483
-0.01193731, 0.10072711, -0.04338119
0.38627279, 0.81997132, -0.42231512
0.31091696, 0.04178488
-0.01318176, 0.09731562, -0.04638555
0.77636033, 0.63023776, 0.0
0.32315165, 0.02858204
-0.01318177, 0.10072711, -0.04638555
0.5656606, 0.82461011, 0.00653096
0.31090638, 0.02858204
0.00311872, 0.09731562, -0.04886528
-0.54896694, 0.63023776, -0.54896694
0.42779905, 0.00767094
0.00311871, 0.10072711, -0.04886528
-0.42027038, 0.80416274, -0.42027038
0.41555372, 0.00767094
0.01233044, 0.09731562, -0.03895238
-0.54896694, 0.63023776, 0.54896694
0.40329716, 0.03407329
0.01233043, 0.10072711, -0.03895238
-0.38172552, 0.82244331, 0.42167425
0.39105189, 0.03407329
-0.00592858, 0.10072711, -0.03294364
-0.42884609, 0.80703145, -0.40589619
0.52961123, 0.01312107
0.00011435, 0.09731562, -0.0348884
0.0, 0.63023776, 0.77636033
0.56163388, 0.03152663
0.00311871, 0.10072711, -0.03364395
-0.42027038, 0.80416274, 0.42027038
0.57383972, 0.0447278
0.0063217, 0.10072711, -0.03895238
0.42027038, 0.80416274, 0.42027038
0.0720934, 0.0234651
0.00932608, 0.09731562, -0.05063437
0.0, 0.63023776, 0.77636033
0.07614084, 0.03666633
0.01233043, 0.10072711, -0.04938992
-0.39045382, 0.82811975, 0.40214241
0.08834665, 0.04986745
-0.00592857, 0.09731562, -0.04938992
-0.54896694, 0.63023776, 0.54896694
0.38548118, 0.03512543
-0.00592858, 0.10072711, -0.04938992
-0.42027038, 0.80416274, 0.42027038
0.37323582, 0.03512543
-0.01193731, 0.09731562, -0.04938992
0.54896694, 0.63023776, 0.54896694
0.54931068, 0.01832539
-0.01193731, 0.10072711, -0.04938992
0.39832759, 0.82580036, 0.39921263
0.56155562, 0.01832539
0.0063217, 0.09731562, -0.03895237
0.54896694, 0.63023776, 0.54896694
0.51385146, 0.01832545
0.0063217, 0.10072711, -0.03895238
0.42027038, 0.80416274, 0.42027038
0.50160617, 0.01832539
0.00011435, 0.09731562, -0.04762083
0.0, 0.63023776, -0.77636033
0.05978677, 0.03666633
-0.00289002, 0.10072711, -0.04886528
0.42027038, 0.80416274, -0.42027038
0.04760396, 0.02346516
-0.00289002, 0.09731562, -0.02763523
0.54896694, 0.63023776, -0.54896694
0.13592808, 0.0417701
-0.00289002, 0.10072711, -0.02763523
0.38877529, 0.8275094, -0.40501115
0.12368278, 0.0417701
0.01233043, 0.10072711, -0.03294364
-0.38651693, 0.83123267, -0.3995178
0.03529788, 0.04986739
-0.00893295, 0.09731562, -0.0316992
0.0, 0.63023776, -0.77636033
0.17940493, 0.036686
-0.01193731, 0.10072711, -0.03294364
0.39655751, 0.82824183, -0.39588609
0.1672222, 0.02348483
0.0063217, 0.09731562, -0.04338119
0.54896694, 0.63023776, -0.54896694
0.50159556, 0.04472774
0.0063217, 0.10072711, -0.04338119
0.42027038, 0.80416274, -0.42027038
0.48935029, 0.0447278
-0.01193731, 0.09731562, -0.04938992
0.54896694, 0.63023776, 0.54896694
0.32316226, 0.01538247
-0.01193731, 0.10072711, -0.04938992
0.39832759, 0.82580036, 0.39921263
0.31091696, 0.01538247
-0.00514847, 0.10146685, -0.0602494
-0.85088658, -0.26129949, 0.45570239
0.41699687, 0.95962714
-0.00514847, 0.10146685, -0.02290251
-0.89202553, -0.26404613, -0.36677146
0.33616784, 0.8205305
-0.00507876, 0.11713165, -0.04249513
-0.68694115, 0.72515029, 0.04705954
0.33091152, 0.92564172
-0.00811319, 0.04715455, -0.03971319
-0.73436689, -0.49287394, -0.46662802
0.5378058, 0.77170004
-0.00811319, 0.05116199, -0.02292721
-0.99996948, -0.00177007, 0.00109867
0.48928371, 0.71740347
-0.00818291, 0.0647471, -0.02290251
-0.90408033, 0.31983399, -0.28336436
0.44789794, 0.74518365
0.00786442, 0.0647471, -0.02290251
0.90154731, 0.32059693, -0.29047516
0.16096236, 0.58226559
0.00786443, 0.04715455, -0.03971319
0.73491621, -0.49131748, -0.46739098
0.25087038, 0.55574927
0.00786443, 0.05239176, -0.04807305
0.66090882, -0.67857903, -0.32047486
0.25302926, 0.5138683
0.00503711, 0.10146685, -0.02290251
0.89074373, -0.26792198, -0.36710715
0.04922442, 0.50691155
0.00503711, 0.10146685, -0.0602494
0.8491165, -0.26444289, 0.45719779
0.13005334, 0.3678149
0.00503711, 0.11713165, -0.04249513
0.68855864, 0.72362435, 0.04709006
0.04396828, 0.40180057
-0.00811318, -0.0034973, 0.05166384
-0.56593525, -0.63826412, 0.52180547
0.23690431, 0.19187397
0.00786444, 0.03768412, 0.05092018
0.57475507, 0.60292369, 0.55323952
0.30207562, 0.03261644
-0.00811318, 0.03768412, 0.05092018
-0.57475507, 0.60292369, 0.55323952
0.23690429, 0.03261644
0.00786444, 0.00683776, 0.00504382
0.66341138, -0.6812647, -0.30933562
0.63905019, 0.8342957
-0.00811318, 0.00683776, 0.00504382
-0.66341138, -0.6812647, -0.30933562
0.57387882, 0.83429542
-0.00811318, 0.03455112, 0.00481803
-0.84810936, 0.46696371, 0.25025177
0.80628681, 0.12507576
0.00786444, 0.03768412, 0.05092018
0.57475507, 0.60292369, 0.55323952
0.87145817, 0.32744837
0.00786444, 0.03455112, 0.00481803
0.84810936, 0.46696371, 0.25025177
0.87145817, 0.12507498
-0.00811318, -0.0034973, 0.05166384
-0.56593525, -0.63826412, 0.52180547
0.57387942, 0.62593296
-0.00811319, 0.03803493, -0.03228852
-0.76531267, -0.27472761, -0.58207953
0.66664833, 0.10908633
0.00786443, 0.02867644, -0.03040455
0.58961761, -0.62022769, -0.51731926
0.70014429, 0.17929196
-0.00811319, 0.02867644, -0.03040455
-0.58961761, -0.62022769, -0.51731926
0.70014429, 0.10908633
0.00786442, 0.05608758, -0.00380049
0.73787653, 0.58253729, 0.3408002
0.70246494, 0.13958973
0.00566736, 0.05446368, 6.61e-05
0.85787529, 0.02386547, 0.51329082
0.7114265, 0.12251008
0.00786443, 0.05446368, 6.61e-05
0.5816828, 0.33759576, 0.74001282
0.70246488, 0.1225096
0.00786443, 0.05446368, 6.61e-05
0.5816828, 0.33759576, 0.74001282
0.63905019, 0.3319729
-0.00811319, 0.0471006, -0.00235076
-0.81084627, 0.05896176, 0.58226264
0.57387882, 0.36036116
0.00786444, 0.0471006, -0.00235076
0.81084627, 0.05896176, 0.58226264
0.63905019, 0.3603611
-0.00811318, 0.03455112, 0.00481803
-0.84810936, 0.46696371, 0.25025177
0.57387888, 0.40912789
0.00786444, 0.03455112, 0.00481803
0.84810936, 0.46696371, 0.25025177
0.63905019, 0.40912783
-0.00811319, 0.05446368, 6.61e-05
-0.5816828, 0.33759576, 0.74001282
0.73789304, 0.32767802
-0.00574133, 0.05608745, -0.00380049
-0.29877621, 0.95327616, -0.04434339
0.72821844, 0.34475762
-0.00811319, 0.05608745, -0.00380049
-0.73787653, 0.58253729, 0.34076968
0.73789304, 0.34475815
-0.00574133, 0.05891556, 0.00840123
-0.60722679, -0.40672016, 0.6824854
0.38729307, 0.13265264
-0.00574135, 0.09295236, 0.0043326
-0.87710196, -0.30161443, -0.37372968
0.36189362, 0.26262319
-0.00574134, 0.06053933, 0.0045346
-0.84374523, 0.27454451, -0.46113467
0.40019119, 0.14427263
0.00786444, 0.0471006, -0.00235076
0.81084627, 0.05896176, 0.58226264
0.17017195, 0.69501451
0.00786444, 0.03455112, 0.00481803
0.84810936, 0.46696371, 0.25025177
0.19283834, 0.74746186
0.00786443, 0.02856862, -0.02449396
0.78209782, -0.59022796, -0.19971313
0.27447921, 0.65056491
-0.00811318, 0.03768412, 0.05092018
-0.57475507, 0.60292369, 0.55323952
0.37046373, 0.41471022
-0.00811318, 0.03455112, 0.00481803
-0.84810936, 0.46696371, 0.25025177
0.47977367, 0.57998744
-0.00811318, 0.00683776, 0.00504382
-0.66341138, -0.6812647, -0.30933562
0.56360257, 0.52228737
0.00566735, 0.09295236, 0.0043326
0.87710196, -0.30161443, -0.37372968
0.73059911, 0.19356459
0.00566735, 0.09653351, 0.00819922
0.59031951, 0.50529498, 0.62941372
0.7114265, 0.18622762
0.00566736, 0.05891556, 0.00840123
0.60722679, -0.40672016, 0.6824854
0.75599867, 0.32353491
-0.00574134, 0.06053933, 0.0045346
-0.84374523, 0.27454451, -0.46113467
0.8748365, 0.37758142
0.00566736, 0.05608758, -0.00380049
0.29877621, 0.95327616, -0.04431288
0.84107655, 0.32744902
-0.00574133, 0.05608745, -0.00380049
-0.29877621, 0.95327616, -0.04434339
0.84107661, 0.37757885
-0.00574135, 0.09295236, 0.0043326
-0.87710196, -0.30161443, -0.37372968
0.43758133, 0.1287384
0.00566735, 0.09766505, -0.01684616
0.74831384, -0.64745015, -0.14404736
0.39104626, 0.03407329
0.00566735, 0.09295236, 0.0043326
0.87710196, -0.30161443, -0.37372968
0.39104626, 0.12873834
0.00566735, 0.09653351, 0.00819922
0.59031951, 0.50529498, 0.62941372
0.80449671, 0.12873882
-0.00574135, 0.10220248, -0.01676634
-0.65593433, 0.73604542, 0.16711935
0.75796157, 0.01872891
-0.00574134, 0.09653351, 0.00819922
-0.59031951, 0.50529498, 0.62941372
0.75796163, 0.12873751
-0.00574133, 0.05891556, 0.00840123
-0.60722679, -0.40672016, 0.6824854
0.88065875, 0.70836848
0.00566735, 0.09653351, 0.00819922
0.59031951, 0.50529498, 0.62941372
0.92719376, 0.56290784
-0.00574134, 0.09653351, 0.00819922
-0.59031951, 0.50529498, 0.62941372
0.88065869, 0.56290781
0.00566736, 0.05446368, 6.61e-05
0.85787529, 0.02386547, 0.51329082
0.57387882, 0.07936043
-0.00574133, 0.05891556, 0.00840123
-0.60722679, -0.40672016, 0.6824854
0.60541838, 0.02923107
-0.00574133, 0.05446368, 6.61e-05
-0.85787529, 0.02386547, 0.5132603
0.57387882, 0.02923059
-0.00811319, 0.0661331, -0.0167157
-0.8209784, 0.27991578, 0.49757379
0.33784267, 0.1287384
0.00786442, 0.05608758, -0.00380049
0.73787653, 0.58253729, 0.3408002
0.39104623, 0.05852735
0.00786442, 0.0661331, -0.0167157
0.82320625, 0.27967161, 0.49403363
0.3378427, 0.05853277
-0.00870361, 0.06467116, -0.03218194
-0.54896694, 0.63023776, 0.54896694
0.57387888, 0.15001845
1.3e-07, 0.06467116, -0.02857673
0.0, 0.63023776, 0.77636033
0.60105038, 0.17928886
0.01230911, 0.06467116, -0.0408857
0.77636033, 0.63023776, 0.0
0.66664833, 0.15002596
1.3e-07, 0.06180095, -0.02857673
0.0, -0.63023776, 0.77636033
0.57387882, 0.14960724
-0.00870361, 0.06180095, -0.04958946
-0.54896694, -0.63023776, -0.54896694
0.50878996, 0.0794872
1.3e-07, 0.06180095, -0.05319467
0.0, -0.63023776, -0.77636033
0.48182923, 0.10890675
-0.00870361, 0.06467116, -0.03218194
-0.54896694, 0.63023776, 0.54896694
0.89663744, 0.08445489
1.3e-07, 0.06180095, -0.02857673
0.0, -0.63023776, 0.77636033
0.90705293, 0.04621065
1.3e-07, 0.06467116, -0.02857673
0.0, 0.63023776, 0.77636033
0.89675081, 0.04621065
0.00870389, 0.06467116, -0.04958946
0.54896694, 0.63023776, -0.54896694
0.9045676, 0.90409137
1.3e-07, 0.06180095, -0.05319467
0.0, -0.63023776, -0.77636033
0.91504788, 0.86584707
1.3e-07, 0.06467116, -0.05319467
0.0, 0.63023776, -0.77636033
0.90474623, 0.86584707
-0.01230884, 0.06467116, -0.0408857
-0.77636033, 0.63023776, 0.0
0.91506422, 0.86584477
-0.00870361, 0.06180095, -0.03218194
-0.54896694, -0.63023776, 0.54896694
0.92535031, 0.8276027
-0.00870361, 0.06467116, -0.03218194
-0.54896694, 0.63023776, 0.54896694
0.91504788, 0.8276027
0.01230911, 0.06467116, -0.0408857
0.77636033, 0.63023776, 0.0
0.9173553, 0.04620588
0.00870389, 0.06180095, -0.04958946
0.54896694, -0.63023776, -0.54896694
0.90708363, 0.08445489
0.00870389, 0.06467116, -0.04958946
0.54896694, 0.63023776, -0.54896694
0.91738605, 0.08445489
-0.00870361, 0.06467116, -0.04958946
-0.54896694, 0.63023776, -0.54896694
0.91504794, 0.90409137
-0.01230884, 0.06180095, -0.0408857
-0.77636033, -0.63023776, 0.0
0.92536664, 0.86584476
0.00870389, 0.06467116, -0.03218194
0.54896694, 0.63023776, 0.54896694
0.91738605, 0.00796628
0.01230911, 0.06180095, -0.0408857
0.77636033, -0.63023776, 0.0
0.90705293, 0.04620588
-0.00870361, 0.06180095, -0.04958946
-0.54896694, -0.63023776, -0.54896694
0.91486925, 0.8276028
-0.00870361, 0.06467116, -0.04958946
-0.54896694, 0.63023776, -0.54896694
0.9045676, 0.8276028
0.00870389, 0.06180095, -0.03218194
0.54896694, -0.63023776, 0.54896694
0.90693957, 0.00796634
0.00870389, 0.06467116, -0.03218194
0.54896694, 0.63023776, 0.54896694
0.89663744, 0.00796634
-0.01318176, 0.09731562, -0.03594801
0.77636033, 0.63023776, 0.0
0.32603982, 0.04178482
-0.00893295, 0.09731562, -0.0316992
0.0, 0.63023776, -0.77636033
0.30339849, 0.05189025
-0.00893295, 0.09731562, -0.04019681
0.0, 0.63023776, 0.77636033
0.33541816, 0.06617635
-0.00893295, 0.09731562, -0.05063437
0.0, 0.63023776, 0.77636033
0.49120834, 0.07922095
-0.01193731, 0.09731562, -0.04938992
0.54896694, 0.63023776, 0.54896694
0.50447237, 0.07922202
-0.01193731, 0.09731562, -0.04338119
0.54896694, 0.63023776, -0.54896694
0.51385146, 0.05483246
-0.00413446, 0.09731562, -0.05186964
0.77636033, 0.63023776, 0.0
0.36986491, 0.04842538
0.00011435, 0.09731562, -0.04762083
0.0, 0.63023776, -0.77636033
0.36048582, 0.02403426
0.00011435, 0.09731562, -0.05611845
0.0, 0.63023776, 0.77636033
0.34722179, 0.05852634
0.0063217, 0.09731562, -0.04938992
0.54896694, 0.63023776, 0.54896694
0.86207855, 0.05486435
0.00932608, 0.09731562, -0.04213675
0.0, 0.63023776, -0.77636033
0.89409822, 0.05486166
0.01233044, 0.09731562, -0.04338119
-0.54896694, 0.63023776, -0.54896694
0.89409822, 0.040573
0.00932608, 0.09731562, -0.04019681
0.0, 0.63023776, 0.77636033
0.55123574, 0.07922095
0.00507726, 0.09731562, -0.03594801
0.77636033, 0.63023776, 0.0
0.57387882, 0.06911993
0.00932608, 0.09731562, -0.0316992
0.0, 0.63023776, -0.77636033
0.56449974, 0.04472888
-0.00289002, 0.09731562, -0.03364395
0.54896694, 0.63023776, 0.54896694
0.83005875, 0.05486429
-0.00289002, 0.09731562, -0.02763523
0.54896694, 0.63023776, -0.54896694
0.85270005, 0.06496614
0.00311872, 0.09731562, -0.02763523
-0.54896694, 0.63023776, -0.54896694
0.86207849, 0.04057318
0.00566736, 0.06053933, 0.0045346
0.84374523, 0.27454451, -0.46113467
0.7114265, 0.12873882
-0.00411879, 0.05491649, -0.05750393
-0.0949736, -0.9376812, -0.33417767
0.88827455, 0.88142913
-0.00507875, 0.11324479, -0.0167157
-0.58006531, 0.53669852, 0.61272013
0.83939695, 0.765572
-0.00811319, 0.02867644, -0.03040455
-0.58961761, -0.62022769, -0.51731926
0.5738793, 0.99999971
0.00387002, 0.05491649, -0.05750393
0.09469894, -0.93423259, -0.34382153
0.30339846, 0.30211848
0.0043454, 0.03828643, -0.05778505
0.53794974, -0.76531267, -0.35337383
0.34272102, 0.2537173
-0.00012999, 0.10122906, -0.06079722
0.0, -0.63023776, -0.77636033
0.83939588, 0.78342621
0.00510486, 0.10122906, -0.05862888
0.54896694, -0.63023776, -0.54896694
0.83939588, 0.80829033
0.00510486, 0.10122906, -0.04815916
0.54896694, -0.63023776, 0.54896694
0.8785435, 0.8255997
-0.00536485, 0.10122906, -0.04815916
-0.54896694, -0.63023776, 0.54896694
0.89475894, 0.78304113
-0.00536485, 0.10122906, -0.05862888
-0.54896694, -0.63023776, -0.54896694
0.85561132, 0.76573177
-0.00536486, 0.23178384, -0.05862888
-0.54896694, 0.63023776, -0.54896694
0.8098712, 1.0
0.00727319, 0.23178384, -0.05339402
0.77636033, 0.63023776, 0.0
0.74581087, 0.49518216
-0.00013, 0.23178384, -0.06079723
0.0, 0.63023776, -0.77636033
0.66040337, 0.49521846
0.00510484, 0.23178384, -0.04815917
0.54896694, 0.63023776, 0.54896694
0.72446096, 0.49512273
-0.00536486, 0.23178384, -0.04815917
-0.54896694, 0.63023776, 0.54896694
0.6817559, 0.49512273
-0.00188868, 0.11682183, -0.05826917
0.0, 0.99902338, -0.04391614
0.85240865, 0.58280274
-0.00507876, 0.11682176, -0.05826917
-0.70006406, 0.71337014, -0.03134251
0.8393966, 0.58280268
0.00357859, 0.22850347, -0.04233054
0.77636033, 0.63023776, 0.0
0.66726536, 0.33799118
0.00248211, 0.22850347, -0.04497767
0.54896694, 0.63023776, -0.54896694
0.65900153, 0.32909036
-0.00281216, 0.22850347, -0.04497767
-0.54896694, 0.63023776, -0.54896694
0.63905084, 0.33799356
-0.00281216, 0.22850347, -0.03968342
-0.54896694, 0.63023776, 0.54896694
0.64731461, 0.35948306
0.00248211, 0.22850347, -0.0396834
0.54896694, 0.63023776, 0.54896694
0.66726536, 0.35057992
-0.00016501, 0.10477341, -0.04607415
0.0, -0.63023776, -0.77636033
0.66726542, 0.35045487
0.00248212, 0.10477341, -0.04497767
0.54896694, -0.63023776, -0.54896694
0.67546517, 0.35940242
0.00248212, 0.10477341, -0.0396834
0.54896694, -0.63023776, 0.54896694
0.69526112, 0.35064954
-0.00281215, 0.10477341, -0.0396834
-0.54896694, -0.63023776, 0.54896694
0.68706137, 0.3291288
-0.00281215, 0.10477341, -0.04497767
-0.54896694, -0.63023776, -0.54896694
0.66726542, 0.33788168
-0.00281215, 0.10477341, -0.0396834
-0.54896694, -0.63023776, 0.54896694
0.89663744, 0.56287071
0.00248212, 0.10477341, -0.04497767
0.54896694, -0.63023776, -0.54896694
0.87504256, 0.56284931
-0.00281215, 0.10477341, -0.04497767
-0.54896694, -0.63023776, -0.54896694
0.93982726, 0.56290248
0.00248212, 0.10477341, -0.0396834
0.54896694, -0.63023776, 0.54896694
0.9398272, 0.08447921
-0.00374603, 0.22947982, -0.0624529
-0.590289, 0.53975034, -0.60017699
0.83939588, 0.56319863
-0.00188872, 0.22955486, -0.06244085
-0.00839259, 0.68849754, -0.7251808
0.83182007, 0.56290781
0.00349233, 0.22947982, -0.06245288
0.590289, 0.53975034, -0.60014647
0.80987126, 0.56319857
0.00349236, 0.116512, -0.06280138
0.69069493, 0.00155644, -0.72310555
0.80987126, 1.0
-0.00374599, 0.116512, -0.06280138
-0.69069493, 0.00155644, -0.72310555
0.83939582, 1.0
-0.00811319, 0.06043836, -0.06280138
-0.90185249, 0.30527666, -0.30564287
0.57387882, 0.40912789
-0.00188872, 0.22955486, -0.06244085
-0.00839259, 0.68849754, -0.7251808
0.71439099, 0.33583868
-0.00374603, 0.22947982, -0.0624529
-0.590289, 0.53975034, -0.60017699
0.71443611, 0.32767773
-0.00374603, 0.22986469, -0.05774643
-0.69048131, 0.72154909, -0.05032502
0.69526118, 0.32767749
-0.00190486, 0.22783822, -0.06273618
-0.70525223, 0.7086398, -0.01934873
0.71443611, 0.35478628
-0.00190485, 0.22766969, -0.06890851
-0.57902765, 0.56993318, -0.58293402
0.89444101, 0.70836857
-0.00190485, 0.21357125, -0.06897528
-0.63081759, -0.29102451, -0.71926022
0.60778999, 0.07936072
0.00147407, 0.20677134, -0.06233187
0.4329966, -0.62990201, -0.64473403
0.69320762, 0.02760744
-0.00190485, 0.20677134, -0.06233187
-0.4329966, -0.62990201, -0.64473403
0.32995772, 0.15776086
0.00349236, 0.11682183, -0.05826917
1.0, 0.0, 0.0
0.99999994, 0.12579745
0.00349236, 0.116512, -0.06280138
0.69069493, 0.00155644, -0.72310555
0.98151958, 0.12449485
0.00786443, 0.05239176, -0.04807305
0.66090882, -0.67857903, -0.32047486
0.83939588, 0.9238047
0.00510484, 0.23178384, -0.05862888
0.54896694, 0.63023776, -0.54896694
0.8457374, 0.12507313
-0.00013, 0.23178384, -0.06079723
0.0, 0.63023776, -0.77636033
0.86207855, 0.10746729
-0.00536486, 0.23178384, -0.05862888
-0.54896694, 0.63023776, -0.54896694
0.86207855, 0.08257049
-0.00536486, 0.23178384, -0.04815917
-0.54896694, 0.63023776, 0.54896694
0.82262796, 0.06496888
-0.00013, 0.23178384, -0.04599082
0.0, 0.63023776, 0.77636033
0.80628687, 0.08257478
-0.00374599, 0.116512, -0.06280138
-0.69069493, 0.00155644, -0.72310555
0.96223068, 0.56290781
-0.00374603, 0.22947982, -0.0624529
-0.590289, 0.53975034, -0.60017699
0.96152133, 0.12609082
-0.00811319, 0.06043836, -0.06280138
-0.90185249, 0.30527666, -0.30564287
0.54735917, 0.88494503
-0.00278731, 0.05608745, -0.0689383
0.57734919, -0.57734919, -0.57734919
0.87504256, 0.06763113
0.00253856, 0.05608745, -0.06598964
-0.30149236, -0.90450758, -0.30149236
0.38548118, 0.05852741
-0.00278732, 0.06043836, -0.0689383
0.57734919, 0.57734919, -0.57734919
0.21187495, 0.07251573
-0.00811319, 0.06043836, -0.0689383
-0.57734919, 0.57734919, -0.57734919
0.21187498, 0.09591764
0.00786442, 0.06043836, -0.0689383
0.57734919, 0.57734919, -0.57734919
0.21187498, 0.02571195
0.00253855, 0.06043836, -0.06598964
-0.30149236, 0.90450758, -0.30149236
0.22390106, 0.04911387
0.00253855, 0.06043836, -0.0689383
-0.57734919, 0.57734919, -0.57734919
0.21187498, 0.04911387
0.00786443, 0.05608745, -0.0689383
0.57734919, -0.57734919, -0.57734919
0.28694335, 0.42857432
0.00786443, 0.05608745, -0.0689383
0.57734919, -0.57734919, -0.57734919
0.16716048, 0.04988724
-0.00278731, 0.05608745, -0.0689383
0.57734919, -0.57734919, -0.57734919
0.15154429, 0.04988724
-0.00811318, 0.05608745, -0.0689383
-0.57734919, -0.57734919, -0.57734919
0.90456766, 0.83103414
-0.00278731, 0.05608745, -0.06598964
0.30149236, -0.90450758, -0.30149236
0.88284379, 0.8438727
-0.00278731, 0.05608745, -0.0689383
0.57734919, -0.57734919, -0.57734919
0.88284391, 0.83103397
0.00253856, 0.05608745, -0.0689383
-0.57734919, -0.57734919, -0.57734919
0.8611201, 0.83103384
0.00786443, 0.05608745, -0.0689383
0.57734919, -0.57734919, -0.57734919
0.83939636, 0.83103375
0.00253855, 0.06043836, -0.0689383
-0.57734919, 0.57734919, -0.57734919
0.87410593, 0.08537316
-0.00411879, 0.05491649, -0.05750393
-0.0949736, -0.9376812, -0.33417767
0.66664833, 0.07936084
-0.00418378, 0.03828643, -0.05778505
-0.53794974, -0.76531267, -0.35337383
0.66664833, 0.01504487
-0.00811318, 0.05491649, -0.05750393
-0.7046724, -0.69588304, -0.1383404
0.90456736, 0.88142923
0.0043454, 0.03828643, -0.05778505
0.53794974, -0.76531267, -0.35337383
0.10113828, 0.04177004
-0.00418379, 0.05239176, -0.04649359
-0.13440351, -0.96481216, -0.22589801
0.13592808, 0.09592742
0.00434539, 0.05111119, -0.05365114
0.85180211, -0.0692465, -0.51924193
0.80628681, 0.32744902
-0.00818291, 0.0647471, -0.0602494
-0.91494489, 0.34659871, 0.20667134
0.73974264, 0.33101815
0.00503711, 0.10146685, -0.0602494
0.8491165, -0.26444289, 0.45719779
0.18985145, 0.04988724
-0.00514847, 0.10146685, -0.0602494
-0.85088658, -0.26129949, 0.45570239
0.48182923, 0.01668119
-0.00818291, 0.0647471, -0.02290251
-0.90408033, 0.31983399, -0.28336436
0.03523622, 0.04986751
-0.00811319, 0.0661331, -0.0167157
-0.8209784, 0.27991578, 0.49757379
0.87504256, 0.38074523
-0.00519993, 0.10054759, -0.05504355
-0.50575274, 0.78478348, -0.35816523
0.66388905, 0.31318325
-0.00918031, 0.10054759, -0.05274547
-0.0704062, 0.78536332, -0.61500901
0.68012464, 0.30308652
-0.00413446, 0.10072711, -0.05186964
0.58214056, 0.81276894, -0.02240059
0.65954316, 0.29924875
-0.00893295, 0.10072711, -0.05063437
-0.01950133, 0.82934052, 0.55833614
0.67911577, 0.29382151
-0.00592858, 0.10072711, -0.04938992
-0.42027038, 0.80416274, 0.42027038
0.66686124, 0.28835404
-0.00451139, 0.10054759, -0.05829053
-0.51573229, 0.57338178, -0.63655508
0.66108054, 0.32744896
0.00011435, 0.10072711, -0.05611845
0.00012207, 0.82885218, 0.55943477
0.64221263, 0.3179161
-0.00289002, 0.10072711, -0.054874
0.3899655, 0.82638019, 0.40617085
0.65446717, 0.3124485
0.00932608, 0.10072711, -0.05063437
-0.01422163, 0.83010346, 0.55742055
0.60463881, 0.29382169
0.00919319, 0.10054759, -0.05274548
0.05258339, 0.78484452, -0.61741996
0.60518074, 0.30308676
0.0063217, 0.10072711, -0.04938992
0.42783898, 0.80715352, 0.40668964
0.61689341, 0.28835416
0.00436317, 0.10072711, -0.05186964
-0.5782342, 0.81554615, -0.02191229
0.62488204, 0.29924887
0.01233044, 0.06545991, -0.04938992
0.00451674, -0.99996948, -0.003296
0.53789186, 0.19921088
0.01234943, 0.06548472, -0.05377268
0.53630179, -0.65105134, -0.53709525
0.55561823, 0.19912744
0.01686727, 0.06548472, -0.03691187
0.73342085, -0.65095979, 0.19568469
0.48746952, 0.17927605
0.01234943, 0.06548472, -0.02908674
0.53642386, -0.65074617, 0.53733939
0.45584166, 0.1991275
0.01233044, 0.06545991, -0.03294364
0.00512711, -0.99996948, 0.0037843
0.47141868, 0.19921088
0.01233044, 0.06545991, -0.03895238
0.00253304, -0.99996948, -0.00030519
0.49570504, 0.19921088
0.0135749, 0.06545991, -0.03594801
0.00485244, -0.99996948, 0.00051881
0.48356181, 0.19374275
-0.01233654, 0.10054759, -0.05377268
-0.29081088, 0.57741022, -0.76287121
0.10069188, 0.32744229
-0.01233652, 0.06548472, -0.05377268
-0.53630179, -0.6511429, -0.53697318
0.1006919, 0.19186401
-0.01685437, 0.07574397, -0.04594753
-0.98046815, 0.12442397, -0.15213478
0.20180936, 0.0959177
-0.00451138, 0.06548472, -0.02456889
-0.19721061, -0.65099031, 0.73299354
0.43758145, 0.27321392
-0.01233652, 0.06548472, -0.02908672
-0.53639334, -0.65089875, 0.5371868
0.45584187, 0.30759758
-0.01193731, 0.06545991, -0.03294364
-0.00433363, -0.99996948, 0.00335704
0.47141895, 0.30584347
-0.00592857, 0.06545991, -0.03294364
0.0, -1.0, 0.0
0.47141886, 0.27944106
-0.00468412, 0.06545991, -0.03594801
0.0, -1.0, 0.0
0.48356199, 0.27397293
-0.00289002, 0.06545991, -0.03364395
0.0, -1.0, 0.0
0.47424936, 0.26608962
0.00311872, 0.06545991, -0.03364395
0.0, -1.0, 0.0
0.4742493, 0.23968726
0.0063217, 0.06545991, -0.03294364
0.0, -1.0, 0.0
0.47141874, 0.2256133
0.00436317, 0.06545991, -0.03063959
0.00085452, -0.99996948, 0.00137333
0.46210614, 0.23421913
-0.00519991, 0.10054759, -0.02781587
-0.50709558, 0.78304392, 0.36005738
0.91350621, 0.72985393
0.01234943, 0.10054759, -0.02908674
0.29493088, 0.57060456, 0.7664113
0.63905084, 0.35948306
0.01686727, 0.10054759, -0.03691187
0.80864894, 0.57371747, -0.12991729
0.67096341, 0.35952461
0.01686727, 0.07574397, -0.03691187
0.98046815, 0.12442397, 0.15213478
0.54185659, 0.07922202
-0.0091803, 0.07817054, -0.05274547
-0.16864528, 0.30133978, -0.93847466
0.80628681, 0.03508741
-0.01685437, 0.06548472, -0.03691185
-0.73320717, -0.65117341, 0.19577624
0.0319154, 0.19184202
-0.01233652, 0.06548472, -0.02908672
-0.53639334, -0.65089875, 0.5371868
1e-08, 0.19186401
-0.01233652, 0.07574397, -0.02908672
-0.62199771, 0.12442397, 0.77303386
0.0, 0.23153365
0.0045243, 0.07574397, -0.05829053
0.35847041, 0.12442397, -0.92519915
0.83005869, 0.0252654
0.01686727, 0.07574397, -0.04594755
0.98046815, 0.12442397, -0.15213478
0.7078191, 0.45543313
-0.00519991, 0.07817054, -0.02781587
-0.72838527, 0.30133978, 0.61531419
0.86207855, 0.09519559
0.0045243, 0.06548472, -0.02456889
0.19724113, -0.65092927, 0.73305458
0.13260996, 0.19186801
0.0045243, 0.10054759, -0.02456889
0.51673943, 0.57124543, 0.63765371
0.13260998, 0.32744229
-0.01233652, 0.07574397, -0.05377268
-0.62199771, 0.12442397, -0.77303386
0.20138377, 0.23178196
0.00452429, 0.06548472, -0.05829053
0.19708854, -0.65111238, -0.73293251
0.27015761, 0.19187403
0.01234943, 0.10054759, -0.05377268
0.29374066, 0.57319862, -0.76494646
0.73974264, 0.35948318
0.01686727, 0.10054759, -0.04594755
0.80919826, 0.5731681, 0.12881863
0.70781916, 0.35952467
-0.01438666, 0.10054759, -0.03913164
-0.5674001, 0.78527176, -0.2476577
0.91350621, 0.7392334
0.00521283, 0.10054759, -0.05504355
0.50926238, 0.78228098, -0.358623
0.70645261, 0.10908002
0.01439956, 0.10054759, -0.04372779
0.575396, 0.77806938, 0.25196081
0.02910957, 0.00937587
0.01234944, 0.07574397, -0.05377268
0.62199771, 0.12442397, -0.77303386
0.30339846, 0.2537173
-0.00918031, 0.10054759, -0.05274547
-0.0704062, 0.78536332, -0.61500901
0.22403032, 0.09591764
0.01686727, 0.07574397, -0.04594755
0.98046815, 0.12442397, -0.15213478
0.34257364, 0.2537173
-0.00519991, 0.10054759, -0.02781587
-0.50709558, 0.78304392, 0.36005738
0.66388899, 0.19355762
-0.00451138, 0.10054759, -0.02456889
-0.51673943, 0.57200843, 0.63698232
0.66108054, 0.17929196
-0.00289002, 0.10072711, -0.02763523
0.38877529, 0.8275094, -0.40501115
0.65446723, 0.19277418
0.00521283, 0.10054759, -0.02781587
0.51094091, 0.7802667, 0.36066774
0.62141633, 0.19355774
0.00919319, 0.10054759, -0.03011395
0.04672384, 0.77681816, 0.6279794
0.60518074, 0.20365447
0.00436317, 0.10072711, -0.03063959
-0.57698292, 0.81637013, 0.0242317
0.6248821, 0.20597398
-0.00918029, 0.10054759, -0.03011394
-0.06442457, 0.78255564, 0.61919004
0.68012458, 0.20365423
-0.00413446, 0.10072711, -0.03063959
0.57744074, 0.81609547, 0.0225837
0.65954322, 0.20597398
-0.00592858, 0.10072711, -0.03294364
-0.42884609, 0.80703145, -0.40589619
0.66686124, 0.21609682
-0.00893295, 0.10072711, -0.0316992
0.00564592, 0.84551531, -0.53389078
0.67911583, 0.21062928
0.00932608, 0.10072711, -0.0316992
-0.02075259, 0.83761102, -0.54582351
0.60463881, 0.21062946
0.0063217, 0.10072711, -0.03294364
0.42909023, 0.80751973, -0.40464491
0.61689341, 0.21609694
0.01686727, 0.07574397, -0.03691187
0.98046815, 0.12442397, 0.15213478
0.01006561, 0.0
-0.01685437, 0.06548472, -0.04594753
-0.73320717, -0.65117341, -0.19583727
0.52399057, 0.32744902
-0.01193731, 0.06545991, -0.04338119
-0.00234993, -0.99996948, 0.00027467
0.51360583, 0.30584347
-0.01233652, 0.06548472, -0.05377268
-0.53630179, -0.6511429, -0.53697318
0.55561846, 0.30759764
-0.01193731, 0.06545991, -0.04938992
-0.00390637, -0.99996948, -0.00299081
0.53789216, 0.30584347
-0.00519991, 0.10054759, -0.02781587
-0.50709558, 0.78304392, 0.36005738
0.10681847, 0.19179016
0.01234944, 0.07574397, -0.02908674
0.62199771, 0.12442397, 0.77303386
0.0, 0.09590149
-0.00451139, 0.07574397, -0.05829053
-0.35847041, 0.12442397, -0.92519915
0.9045676, 1.0
-0.01685437, 0.07574397, -0.03691185
-0.98046815, 0.12442397, 0.15213478
0.93681556, 0.82575919
0.00521283, 0.07817054, -0.05504355
0.72838527, 0.30133978, -0.61528367
0.33250806, 0.244403
0.0045243, 0.07574397, -0.02456889
0.35847041, 0.12442397, 0.92519915
0.93105549, 0.90409154
-0.01233652, 0.07574397, -0.02908672
-0.62199771, 0.12442397, 0.77303386
0.13592809, 0.09592742
0.0091932, 0.07817054, -0.03011395
0.16864528, 0.30133978, 0.93847466
0.70125043, 0.14927691
0.00452429, 0.10054759, -0.05829053
0.51567125, 0.57274085, -0.63716543
0.27015752, 0.32744229
-0.01685437, 0.07574397, -0.03691185
-0.98046815, 0.12442397, 0.15213478
0.53178972, 0.03952354
0.00311872, 0.06545991, -0.04886528
0.0, -1.0, 0.0
0.53577143, 0.2396872
0.0063217, 0.06545991, -0.04338119
0.0, -1.0, 0.0
0.51360559, 0.2256133
-0.00468412, 0.06545991, -0.04638555
0.0, -1.0, 0.0
0.52574891, 0.27397293
0.0063217, 0.06545991, -0.03895237
0.0, -1.0, 0.0
0.49570504, 0.2256133
-0.00592857, 0.06545991, -0.03895238
0.0, -1.0, 0.0
0.49570522, 0.27944106
0.00452429, 0.06548472, -0.05829053
0.19708854, -0.65111238, -0.73293251
0.57387877, 0.23351115
0.0063217, 0.06545991, -0.04938992
0.0, -1.0, 0.0
0.53789192, 0.2256133
0.00436317, 0.06545991, -0.05186962
0.00085452, -0.99996948, -0.0013123
0.54791451, 0.23421907
-0.00592857, 0.06545991, -0.04938992
0.0, -1.0, 0.0
0.53789204, 0.27944106
0.00311872, 0.06545991, -0.054874
0.00393689, -0.99996948, -0.00289926
0.5600577, 0.2396872
0.01234943, 0.10054759, -0.02908674
0.29493088, 0.57060456, 0.7664113
0.59230673, 0.19914144
0.01686727, 0.10054759, -0.03691187
0.80864894, 0.57371747, -0.12991729
0.57387882, 0.23352134
0.01233043, 0.10072711, -0.03294364
-0.38651693, 0.83123267, -0.3995178
0.59238434, 0.216097
0.01686727, 0.10054759, -0.04594755
0.80919826, 0.5731681, 0.12881863
0.57387882, 0.27321988
0.0135749, 0.10072711, -0.04638555
-0.56236458, 0.82683796, 0.00769066
0.58730823, 0.27515441
0.01234943, 0.10054759, -0.05377268
0.29374066, 0.57319862, -0.76494646
0.59230673, 0.30759978
0.01233043, 0.10072711, -0.04938992
-0.39045382, 0.82811975, 0.40214241
0.59238434, 0.28835422
0.0135749, 0.10072711, -0.03594801
-0.56282234, 0.8265633, -0.002472
0.58730823, 0.2292968
0.00932608, 0.10072711, -0.04213675
0.0, 0.80416274, -0.59434795
0.60463881, 0.25648713
0.00932608, 0.10072711, -0.04019683
0.0, 0.80416274, 0.59434795
0.60463881, 0.24796408
0.01233043, 0.10072711, -0.03895238
-0.38172552, 0.82244331, 0.42167425
0.59238434, 0.24249655
-0.01438666, 0.10054759, -0.03913164
-0.5674001, 0.78527176, -0.2476577
0.70136094, 0.24327374
-0.01685437, 0.10054759, -0.03691187
-0.80764186, 0.57524341, -0.12936796
0.7114265, 0.23352104
-0.01318177, 0.10072711, -0.03594801
0.56611836, 0.82430494, -0.002472
0.69644636, 0.22929657
-0.01233652, 0.10054759, -0.02908672
-0.29108554, 0.57582325, 0.76396984
0.69299859, 0.19914114
-0.01193731, 0.10072711, -0.03294364
0.39655751, 0.82824183, -0.39588609
0.69137037, 0.21609682
-0.01233654, 0.10054759, -0.05377268
-0.29081088, 0.57741022, -0.76287121
0.69299865, 0.3075996
-0.01685437, 0.10054759, -0.04594755
-0.80809963, 0.57484663, 0.12845241
0.7114265, 0.27321959
-0.01193731, 0.10072711, -0.04938992
0.39832759, 0.82580036, 0.39921263
0.69137031, 0.28835398
-0.01193731, 0.10072711, -0.03895238
0.38767663, 0.8197577, 0.42146063
0.69137037, 0.24249637
-0.00893295, 0.10072711, -0.04019683
0.0, 0.80416274, 0.59434795
0.67911583, 0.24796391
-0.00893295, 0.10072711, -0.04213675
0.0, 0.80416274, -0.59434795
0.67911583, 0.25648701
-0.00289002, 0.10072711, -0.04886528
0.42027038, 0.80416274, -0.42027038
0.65446717, 0.28604907
-0.00468412, 0.10072711, -0.04638555
-0.59434795, 0.80416274, 0.0
0.66178519, 0.27515429
0.00011435, 0.10072711, -0.04762083
0.0, 0.80416274, -0.59434795
0.64221263, 0.28058153
-0.00592858, 0.10072711, -0.04338119
-0.42027038, 0.80416274, -0.42027038
0.66686124, 0.26195455
0.00311871, 0.10072711, -0.04886528
-0.42027038, 0.80416274, -0.42027038
0.62995809, 0.28604907
0.00507726, 0.10072711, -0.04638555
0.59434795, 0.80416274, 0.0
0.6219694, 0.27515435
-0.00592858, 0.10072711, -0.03895238
-0.42027038, 0.80416274, 0.42027038
0.66686124, 0.24249643
-0.00468412, 0.10072711, -0.03594801
-0.59434795, 0.80416274, 0.0
0.66178519, 0.22929662
-0.00289002, 0.10072711, -0.03364395
0.42027038, 0.80416274, 0.42027038
0.65446723, 0.21917373
0.00311871, 0.10072711, -0.03364395
-0.42027038, 0.80416274, 0.42027038
0.62995809, 0.21917373
0.00507726, 0.10072711, -0.03594801
0.59434795, 0.80416274, 0.0
0.6219694, 0.22929668
0.00311872, 0.09731562, -0.054874
-0.54896694, 0.63023776, 0.54896694
0.62007409, 0.02049541
0.00436317, 0.09731562, -0.03063959
-0.77636033, 0.63023776, 0.0
0.41554251, 0.02087289
0.01233044, 0.09731562, -0.03294364
-0.54896694, 0.63023776, -0.54896694
0.40329719, 0.00767088
-0.00592857, 0.09731562, -0.03895238
-0.54896694, 0.63023776, 0.54896694
0.89444101, 0.73477092
-0.00592857, 0.09731562, -0.04338119
-0.54896694, 0.63023776, -0.54896694
0.38548118, 0.00872308
-0.00289002, 0.09731562, -0.03364395
0.54896694, 0.63023776, 0.54896694
0.13592808, 0.01536769
0.0063217, 0.09731562, -0.03294364
0.54896694, 0.63023776, -0.54896694
0.04754233, 0.0234651
-0.01318176, 0.09731562, -0.03594801
0.77636033, 0.63023776, 0.0
0.33540753, 0.02858204
0.0063217, 0.09731562, -0.04938992
0.54896694, 0.63023776, 0.54896694
0.50159556, 0.01832539
0.01233044, 0.09731562, -0.04338119
-0.54896694, 0.63023776, -0.54896694
0.19177276, 0.04988724
-0.01193731, 0.09731562, -0.04338119
0.54896694, 0.63023776, -0.54896694
0.34226391, 0.13135844
0.00436317, 0.09731562, -0.05186964
-0.77636033, 0.63023776, 0.0
0.42779341, 0.02087289
0.01233044, 0.09731562, -0.03895238
-0.54896694, 0.63023776, 0.54896694
0.05984843, 0.04986751
-0.00592857, 0.09731562, -0.03895238
-0.54896694, 0.63023776, 0.54896694
0.54185653, 0.03952348
0.01233044, 0.09731562, -0.04338119
-0.54896694, 0.63023776, -0.54896694
0.51735467, 0.03952348
-0.01193731, 0.09731562, -0.03895237
0.54896694, 0.63023776, 0.54896694
0.89444101, 0.70836851
-0.00893295, 0.09731562, -0.05063437
0.0, 0.63023776, 0.77636033
0.54934973, 0.03152657
-0.00289002, 0.09731562, -0.054874
0.54896694, 0.63023776, 0.54896694
0.10113826, 0.0417701
0.00507726, 0.09731562, -0.03594801
0.77636033, 0.63023776, 0.0
0.51384085, 0.03152496
-0.00289002, 0.09731562, -0.02763523
0.54896694, 0.63023776, -0.54896694
0.1006919, 0.0234651
0.0063217, 0.09731562, -0.04338119
0.54896694, 0.63023776, -0.54896694
0.19177276, 0.02348483
-0.01193731, 0.09731562, -0.04338119
0.54896694, 0.63023776, -0.54896694
0.32316226, 0.04178482
-0.00592857, 0.09731562, -0.03294364
-0.54896694, 0.63023776, -0.54896694
0.54185653, 0.01312107
0.00311872, 0.09731562, -0.03364395
-0.54896694, 0.63023776, 0.54896694
0.56159472, 0.0447278
0.0063217, 0.09731562, -0.03895237
0.54896694, 0.63023776, 0.54896694
0.05984843, 0.0234651
0.01233044, 0.09731562, -0.04938992
-0.54896694, 0.63023776, 0.54896694
0.07610168, 0.04986751
-0.00289002, 0.09731562, -0.04886528
0.54896694, 0.63023776, -0.54896694
0.05984843, 0.0234651
0.01233044, 0.09731562, -0.03294364
-0.54896694, 0.63023776, -0.54896694
0.04754229, 0.04986751
-0.01193731, 0.09731562, -0.03294364
0.54896694, 0.63023776, -0.54896694
0.17946662, 0.02348483
-0.00507876, 0.11682176, -0.05826917
-0.70006406, 0.71337014, -0.03134251
0.36599371, 0.98375551
-0.00507877, 0.116512, -0.06280138
-0.57847834, 0.55873287, -0.59422588
0.3767451, 1.0
-0.00818291, 0.0647471, -0.0602494
-0.91494489, 0.34659871, 0.20667134
0.52872694, 0.88428029
-0.00507875, 0.11324479, -0.0167157
-0.58006531, 0.53669852, 0.61272013
0.28694335, 0.8216529
-0.00811319, 0.0661331, -0.0167157
-0.8209784, 0.27991578, 0.49757379
0.43029082, 0.72498503
-0.00811318, 0.05239176, -0.04807305
-0.6659444, -0.67430645, -0.31904051
0.53996474, 0.81358103
-0.00811318, 0.05491649, -0.05750393
-0.7046724, -0.69588304, -0.1383404
0.55269426, 0.85388581
-0.00811319, 0.05608745, -0.00380049
-0.73787653, 0.58253729, 0.34076968
0.43290251, 0.65627244
-0.00811318, 0.05374546, -0.05157369
-0.72298348, -0.66933197, -0.17099521
0.54342246, 0.82939634
-0.00811319, 0.03803493, -0.03228852
-0.76531267, -0.27472761, -0.58207953
0.54948306, 0.72533661
0.00786443, 0.05491649, -0.05750393
0.70708334, -0.69368571, -0.13696706
0.26575884, 0.47356355
0.00786442, 0.0647471, -0.0602494
0.91119117, 0.34452346, 0.22583696
0.24179126, 0.44316888
0.00786442, 0.0661331, -0.0167157
0.82320625, 0.27967161, 0.49403363
0.14335549, 0.60246444
0.00786443, 0.05116199, -0.02292721
1.0, 0.0, 0.0
0.20234835, 0.61004588
0.00786443, 0.03803493, -0.03228852
0.76531267, -0.27472761, -0.58207953
0.26254764, 0.60211262
0.00786442, 0.05608758, -0.00380049
0.73787653, 0.58253729, 0.3408002
0.1459668, 0.6711767
0.00786443, 0.05374546, -0.05157369
0.72692037, -0.66566974, -0.16855372
0.25648701, 0.49805295
0.00503711, 0.116512, -0.06280138
0.57994324, 0.55754262, -0.59392071
0.08980184, 0.32744229
0.00503711, 0.11682183, -0.05826917
0.70165104, 0.71178317, -0.03128147
0.07905021, 0.34368664
0.00503711, 0.11324486, -0.0167157
0.58183539, 0.53529465, 0.61226231
0.0, 0.50578931
0.00786444, -0.0034973, 0.05166384
0.56593525, -0.63826412, 0.52180547
0.30207565, 0.19187397
-0.00811318, 0.03768412, 0.05092018
-0.57475507, 0.60292369, 0.55323952
0.80628681, 0.32744902
0.00786444, -0.0034973, 0.05166384
0.56593525, -0.63826412, 0.52180547
0.63905078, 0.62593323
0.00786443, 0.03803493, -0.03228852
0.76531267, -0.27472761, -0.58207953
0.66664833, 0.17929196
0.00566736, 0.05608758, -0.00380049
0.29877621, 0.95327616, -0.04431288
0.7114265, 0.1395902
-0.00811319, 0.05446368, 6.61e-05
-0.5816828, 0.33759576, 0.74001282
0.57387882, 0.3319729
-0.00574133, 0.05446368, 6.61e-05
-0.85787529, 0.02386547, 0.5132603
0.72821844, 0.32767749
-0.00574133, 0.05608745, -0.00380049
-0.29877621, 0.95327616, -0.04434339
0.43758133, 0.14035833
-0.00574133, 0.05446368, 6.61e-05
-0.85787529, 0.02386547, 0.5132603
0.42468333, 0.12873846
-0.00574134, 0.09653351, 0.00819922
-0.59031951, 0.50529498, 0.62941372
0.34272102, 0.26996028
-0.00574135, 0.10220248, -0.01676634
-0.65593433, 0.73604542, 0.16711935
0.43180481, 0.32744902
-0.00574135, 0.09766505, -0.01684616
-0.74831384, -0.64745015, -0.14404736
0.4375813, 0.31104094
0.00786443, 0.02867644, -0.03040455
0.58961761, -0.62022769, -0.51731926
0.28694332, 0.62832999
0.00786443, 0.05446368, 6.61e-05
0.5816828, 0.33759576, 0.74001282
0.14253914, 0.68890935
0.00786444, -0.0034973, 0.05166384
0.56593525, -0.63826412, 0.52180547
0.2072129, 1.0
0.00786444, 0.00683776, 0.00504382
0.66341138, -0.6812647, -0.30933562
0.27666718, 0.80516171
0.00786444, 0.03768412, 0.05092018
0.57475507, 0.60292369, 0.55323952
0.08352852, 0.91273917
-0.00811318, 0.02856862, -0.02449396
-0.78209782, -0.59022796, -0.19971313
0.56141466, 0.67688426
-0.00811319, 0.02867644, -0.03040455
-0.58961761, -0.62022769, -0.51731926
0.57387877, 0.69911921
-0.00811319, 0.05446368, 6.61e-05
-0.5816828, 0.33759576, 0.74001282
0.42947444, 0.63854006
-0.00811319, 0.0471006, -0.00235076
-0.81084627, 0.05896176, 0.58226264
0.45710728, 0.63243484
-0.00811318, -0.0034973, 0.05166384
-0.56593525, -0.63826412, 0.52180547
0.49414822, 0.32744908
0.00566736, 0.05446368, 6.61e-05
0.85787529, 0.02386547, 0.51329082
0.7933889, 0.32744902
0.00566736, 0.06053933, 0.0045346
0.84374523, 0.27454451, -0.46113467
0.76889676, 0.31191498
0.00566736, 0.05608758, -0.00380049
0.29877621, 0.95327616, -0.04431288
0.80628675, 0.31582868
0.00566735, 0.09766505, -0.01684616
0.74831384, -0.64745015, -0.14404736
0.80628675, 0.14514685
0.00566735, 0.10220248, -0.01676634
0.65593433, 0.73604542, 0.16711935
0.80051023, 0.12873876
0.00566736, 0.06053933, 0.0045346
0.84374523, 0.27454451, -0.46113467
0.8748365, 0.32745159
-0.00574135, 0.09766505, -0.01684616
-0.74831384, -0.64745015, -0.14404736
0.43758133, 0.03407335
0.00566735, 0.10220248, -0.01676634
0.65593433, 0.73604542, 0.16711935
0.80449671, 0.01873022
0.00566736, 0.05891556, 0.00840123
0.60722679, -0.40672016, 0.6824854
0.92719382, 0.70836851
0.00566736, 0.05891556, 0.00840123
0.60722679, -0.40672016, 0.6824854
0.60541838, 0.07936084
-0.00811319, 0.05608745, -0.00380049
-0.73787653, 0.58253729, 0.34076968
0.39104623, 0.12873304
0.00870389, 0.06467116, -0.04958946
0.54896694, 0.63023776, -0.54896694
0.66664833, 0.10863441
1.3e-07, 0.06467116, -0.05319467
0.0, 0.63023776, -0.77636033
0.63947678, 0.079364
-0.00870361, 0.06467116, -0.04958946
-0.54896694, 0.63023776, -0.54896694
0.60105044, 0.0793609
-0.01230884, 0.06467116, -0.0408857
-0.77636033, 0.63023776, 0.0
0.57387882, 0.1086269
0.00870389, 0.06467116, -0.03218194
0.54896694, 0.63023776, 0.54896694
0.63947672, 0.17929196
0.00870389, 0.06180095, -0.04958946
0.54896694, -0.63023776, -0.54896694
0.48182923, 0.15024728
0.01230911, 0.06180095, -0.0408857
0.77636033, -0.63023776, 0.0
0.5087899, 0.17929196
0.00870389, 0.06180095, -0.03218194
0.54896694, -0.63023776, 0.54896694
0.54691809, 0.17902684
-0.00870361, 0.06180095, -0.03218194
-0.54896694, -0.63023776, 0.54896694
0.57387882, 0.10826677
-0.01230884, 0.06180095, -0.0408857
-0.77636033, -0.63023776, 0.0
0.54691815, 0.07922202
-0.00870361, 0.06180095, -0.03218194
-0.54896694, -0.63023776, 0.54896694
0.90693957, 0.08445489
0.00870389, 0.06180095, -0.04958946
0.54896694, -0.63023776, -0.54896694
0.91486925, 0.90409137
-0.00870361, 0.06180095, -0.04958946
-0.54896694, -0.63023776, -0.54896694
0.92535037, 0.90409137
0.00870389, 0.06180095, -0.03218194
0.54896694, -0.63023776, 0.54896694
0.90708369, 0.00796628
-0.00468412, 0.09731562, -0.03594801
-0.77636033, 0.63023776, 0.0
0.3127768, 0.07628185
-0.00592857, 0.09731562, -0.03895238
-0.54896694, 0.63023776, 0.54896694
0.32603985, 0.07628077
-0.01193731, 0.09731562, -0.03895237
0.54896694, 0.63023776, 0.54896694
0.33541816, 0.05188769
-0.01193731, 0.09731562, -0.03294364
0.54896694, 0.63023776, -0.54896694
0.31277683, 0.0417859
-0.00592857, 0.09731562, -0.03294364
-0.54896694, 0.63023776, -0.54896694
0.30339846, 0.06617898
-0.00893295, 0.09731562, -0.04213675
0.0, 0.63023776, -0.77636033
0.50447243, 0.04472893
-0.00592857, 0.09731562, -0.04938992
-0.54896694, 0.63023776, 0.54896694
0.48182923, 0.06911737
-0.00592857, 0.09731562, -0.04338119
-0.54896694, 0.63023776, -0.54896694
0.49120834, 0.04472774
-0.00468412, 0.09731562, -0.04638555
-0.77636033, 0.63023776, 0.0
0.48182923, 0.05482978
-0.01318176, 0.09731562, -0.04638555
0.77636033, 0.63023776, 0.0
0.51385146, 0.06911999
0.00436317, 0.09731562, -0.05186964
-0.77636033, 0.63023776, 0.0
0.33784267, 0.03413522
0.00311872, 0.09731562, -0.054874
-0.54896694, 0.63023776, 0.54896694
0.33784273, 0.04842275
-0.00289002, 0.09731562, -0.054874
0.54896694, 0.63023776, 0.54896694
0.36048585, 0.05852741
-0.00289002, 0.09731562, -0.04886528
0.54896694, 0.63023776, -0.54896694
0.36986491, 0.03413785
0.00311872, 0.09731562, -0.04886528
-0.54896694, 0.63023776, -0.54896694
0.34722179, 0.02403319
0.0135749, 0.09731562, -0.04638555
-0.77636033, 0.63023776, 0.0
0.88471991, 0.03047019
0.01233044, 0.09731562, -0.04938992
-0.54896694, 0.63023776, 0.54896694
0.87145686, 0.03047127
0.00932608, 0.09731562, -0.05063437
0.0, 0.63023776, 0.77636033
0.86207855, 0.04057562
0.00507726, 0.09731562, -0.04638555
0.77636033, 0.63023776, 0.0
0.87145692, 0.06496716
0.0063217, 0.09731562, -0.04338119
0.54896694, 0.63023776, -0.54896694
0.88471991, 0.06496608
0.01233044, 0.09731562, -0.03294364
-0.54896694, 0.63023776, -0.54896694
0.55123568, 0.0447278
0.0135749, 0.09731562, -0.03594801
-0.77636033, 0.63023776, 0.0
0.54185659, 0.0548299
0.01233044, 0.09731562, -0.03895238
-0.54896694, 0.63023776, 0.54896694
0.54185659, 0.06911743
0.0063217, 0.09731562, -0.03895237
0.54896694, 0.63023776, 0.54896694
0.5644998, 0.07922202
0.0063217, 0.09731562, -0.03294364
0.54896694, 0.63023776, -0.54896694
0.57387882, 0.05483246
0.00436317, 0.09731562, -0.03063959
-0.77636033, 0.63023776, 0.0
0.85270023, 0.03047031
0.00311872, 0.09731562, -0.03364395
-0.54896694, 0.63023776, 0.54896694
0.83943719, 0.03047132
0.00011435, 0.09731562, -0.0348884
0.0, 0.63023776, 0.77636033
0.83005881, 0.04057562
-0.00413446, 0.09731562, -0.03063959
0.77636033, 0.63023776, 0.0
0.83943701, 0.06496716
0.00011435, 0.09731562, -0.02639076
0.0, 0.63023776, -0.77636033
0.86207849, 0.0548619
# Number of Faces:
692
# Face Data:
0, 1, 2
3, 4, 5
6, 7, 8
9, 10, 11
12, 13, 14
15, 16, 17
18, 19, 20
21, 22, 23
24, 25, 26
27, 28, 29
30, 31, 32
31, 33, 32
28, 34, 35
36, 23, 37
38, 24, 39
8, 40, 41
42, 43, 44
45, 46, 47
48, 49, 50
51, 52, 53
54, 55, 51
56, 57, 48
58, 59, 60
61, 62, 63
64, 65, 58
66, 67, 61
68, 69, 70
71, 72, 73
74, 75, 76
77, 78, 79
80, 81, 82
83, 84, 85
86, 87, 88
89, 90, 91
92, 93, 94
95, 96, 97
98, 99, 100
101, 102, 103
41, 104, 105
106, 107, 108
109, 110, 111
112, 113, 114
115, 116, 117
118, 119, 120
121, 122, 123
124, 125, 126
127, 128, 129
130, 131, 132
133, 134, 135
136, 95, 137
138, 139, 140
141, 140, 139
4, 142, 96
143, 144, 145
127, 146, 4
147, 148, 149
150, 151, 152
153, 154, 155
156, 157, 158
159, 160, 161
162, 163, 164
165, 166, 167
168, 169, 170
171, 172, 173
174, 175, 176
177, 178, 179
180, 181, 182
183, 184, 185
186, 187, 188
189, 190, 191
192, 193, 194
195, 181, 196
197, 198, 199
200, 201, 202
203, 204, 205
206, 207, 208
209, 210, 211
195, 212, 213
200, 214, 215
216, 217, 218
219, 220, 221
222, 223, 224
225, 226, 227
228, 229, 230
231, 232, 233
234, 235, 236
237, 238, 239
240, 241, 242
243, 244, 245
246, 247, 248
237, 249, 250
251, 252, 253
254, 228, 255
256, 257, 258
226, 259, 227
260, 261, 262
263, 248, 247
264, 265, 266
267, 189, 170
268, 207, 204
269, 270, 271
272, 273, 274
275, 276, 277
278, 279, 280
281, 282, 283
284, 285, 286
287, 288, 289
290, 291, 275
292, 293, 294
295, 245, 296
297, 298, 273
299, 300, 301
302, 303, 304
305, 306, 307
308, 309, 310
311, 312, 313
314, 315, 316
317, 318, 319
320, 321, 322
323, 324, 325
326, 327, 328
329, 330, 331
332, 333, 334
335, 336, 337
338, 339, 340
341, 342, 343
344, 345, 346
347, 348, 349
350, 351, 303
309, 352, 353
354, 355, 356
357, 358, 359
360, 361, 362
363, 307, 364
365, 366, 321
367, 317, 319
368, 369, 370
371, 372, 330
373, 374, 375
376, 377, 378
379, 380, 336
342, 381, 382
383, 384, 385
348, 386, 349
387, 388, 389
355, 390, 391
392, 313, 393
361, 394, 362
395, 396, 315
397, 357, 359
398, 399, 327
400, 325, 401
402, 368, 403
374, 404, 405
406, 407, 377
408, 334, 409
410, 338, 340
411, 412, 384
413, 346, 414
389, 415, 416
417, 418, 419
420, 421, 422
423, 424, 425
426, 427, 428
429, 430, 431
12, 432, 433
434, 435, 436
432, 437, 433
438, 439, 440
441, 442, 443
444, 445, 446
446, 447, 448
449, 450, 451
452, 453, 454
455, 456, 457
458, 459, 460
461, 462, 463
464, 465, 466
467, 468, 469
470, 471, 472
473, 474, 475
476, 477, 478
479, 480, 481
482, 483, 484
485, 486, 487
488, 489, 490
491, 492, 493
494, 495, 496
497, 498, 499
500, 501, 494
502, 503, 497
493, 504, 505
490, 506, 507
508, 509, 510
511, 512, 513
514, 515, 516
517, 518, 519
520, 521, 522
523, 524, 525
0, 526, 1
3, 527, 4
6, 528, 7
9, 97, 10
12, 529, 13
17, 530, 15
16, 531, 17
532, 533, 20
20, 534, 18
18, 535, 19
19, 536, 532
532, 20, 19
21, 537, 22
24, 538, 25
27, 539, 28
30, 540, 31
31, 541, 33
28, 539, 34
36, 21, 23
38, 538, 24
542, 543, 6
6, 8, 41
41, 542, 6
544, 545, 44
44, 546, 42
42, 547, 43
43, 548, 544
544, 44, 43
549, 550, 47
47, 551, 45
45, 552, 46
46, 553, 549
549, 47, 46
48, 57, 49
51, 55, 52
54, 554, 55
56, 555, 57
58, 65, 59
61, 67, 62
64, 556, 65
66, 557, 67
558, 559, 70
68, 560, 69
69, 561, 562
70, 559, 68
69, 562, 70
71, 563, 72
564, 565, 566
566, 74, 76
76, 564, 566
77, 567, 78
80, 568, 81
83, 569, 84
86, 570, 87
89, 571, 90
94, 572, 92
573, 92, 572
97, 9, 95
9, 137, 95
96, 574, 97
100, 575, 98
576, 577, 98
98, 578, 579
579, 99, 98
575, 576, 98
580, 103, 102
101, 581, 102
105, 543, 542
41, 40, 104
105, 542, 41
106, 582, 107
109, 583, 110
112, 584, 113
115, 585, 586
117, 587, 588
587, 589, 588
115, 586, 116
117, 588, 115
118, 590, 119
121, 591, 122
124, 592, 125
128, 593, 594
593, 595, 594
596, 597, 129
128, 594, 129
129, 597, 127
130, 598, 131
133, 599, 134
134, 600, 135
136, 601, 527
527, 95, 136
138, 602, 139
141, 603, 140
574, 96, 142
4, 146, 142
143, 604, 144
527, 601, 128
128, 127, 4
4, 527, 128
147, 605, 148
150, 606, 151
153, 607, 154
156, 608, 157
159, 609, 160
610, 611, 612
613, 614, 612
613, 612, 611
164, 615, 616
610, 612, 617
610, 617, 615
618, 619, 620
621, 620, 619
162, 621, 163
621, 619, 163
615, 617, 616
616, 162, 164
622, 623, 165
165, 624, 166
625, 626, 624
627, 301, 287
624, 626, 628
627, 287, 166
624, 628, 627
167, 622, 165
627, 166, 624
267, 170, 169
168, 629, 169
169, 630, 267
171, 631, 172
626, 625, 299
174, 632, 175
633, 634, 295
635, 636, 637
633, 295, 632
299, 625, 174
638, 300, 639
639, 299, 640
295, 635, 298
635, 637, 298
640, 638, 639
176, 640, 174
295, 298, 632
298, 297, 632
640, 299, 174
632, 297, 175
177, 641, 178
642, 182, 181
180, 196, 181
181, 643, 642
183, 644, 184
186, 645, 187
189, 646, 647
648, 190, 189
189, 647, 648
192, 649, 193
195, 650, 181
197, 651, 198
202, 209, 652
200, 653, 201
202, 652, 200
203, 654, 204
206, 655, 207
209, 202, 210
213, 656, 657
650, 195, 213
213, 657, 650
200, 652, 214
216, 658, 217
219, 659, 220
222, 660, 223
225, 661, 226
228, 662, 229
231, 663, 232
664, 665, 666
667, 668, 669
670, 664, 671
672, 673, 670
666, 671, 664
671, 672, 670
668, 674, 675
675, 669, 668
236, 666, 665
667, 669, 235
236, 665, 234
667, 235, 234
237, 250, 238
240, 676, 241
634, 633, 243
243, 677, 678
679, 680, 677
678, 292, 296
677, 680, 293
678, 296, 244
677, 293, 678
245, 634, 243
678, 244, 243
246, 681, 247
237, 682, 249
251, 683, 252
254, 662, 228
256, 684, 257
226, 685, 259
260, 686, 261
263, 687, 248
264, 688, 265
267, 646, 189
205, 204, 207
268, 689, 207
207, 655, 205
269, 690, 270
272, 691, 288
692, 287, 301
272, 288, 692
693, 290, 272
296, 292, 274
274, 693, 272
272, 692, 273
694, 300, 273
692, 301, 694
296, 274, 695
637, 636, 273
695, 274, 273
692, 694, 273
273, 636, 695
300, 638, 273
277, 696, 275
623, 622, 289
697, 288, 691
623, 289, 696
680, 679, 294
294, 679, 277
289, 697, 698
697, 691, 698
699, 294, 291
290, 693, 699
291, 290, 699
289, 698, 696
698, 700, 696
291, 294, 277
276, 291, 277
696, 700, 275
701, 702, 703
278, 704, 705
674, 668, 701
703, 674, 701
706, 619, 618
706, 618, 707
708, 703, 702
709, 710, 279
708, 702, 280
279, 710, 711
711, 708, 280
706, 707, 704
705, 279, 278
711, 280, 279
704, 707, 705
712, 713, 714
715, 670, 716
670, 673, 716
281, 712, 282
717, 718, 719
613, 611, 719
719, 611, 717
715, 716, 713
720, 721, 282
713, 716, 714
721, 722, 282
712, 714, 720
719, 718, 283
720, 282, 712
283, 718, 281
723, 612, 614
723, 614, 724
725, 723, 724
726, 722, 721
725, 724, 726
620, 621, 727
727, 725, 728
726, 721, 729
730, 672, 731
726, 729, 284
620, 727, 728
728, 725, 286
672, 671, 731
725, 284, 286
710, 709, 286
725, 726, 284
730, 731, 284
732, 669, 675
729, 730, 284
284, 732, 733
732, 675, 733
285, 710, 286
284, 733, 285
289, 622, 167
167, 166, 289
287, 692, 288
288, 697, 289
289, 166, 287
275, 700, 698
698, 691, 275
272, 290, 275
291, 276, 275
275, 691, 272
294, 699, 693
693, 274, 294
292, 678, 293
293, 680, 294
294, 274, 292
296, 695, 636
636, 635, 296
295, 634, 245
245, 244, 296
296, 635, 295
273, 638, 640
640, 176, 273
175, 297, 273
298, 637, 273
273, 176, 175
301, 627, 628
628, 626, 301
299, 639, 300
300, 694, 301
301, 626, 299
302, 350, 303
305, 734, 306
308, 735, 309
311, 736, 312
314, 395, 315
317, 737, 318
320, 365, 321
323, 738, 324
326, 398, 327
329, 371, 330
332, 739, 333
335, 379, 336
338, 740, 339
341, 741, 342
344, 742, 345
347, 743, 348
350, 744, 351
309, 735, 352
354, 745, 355
357, 746, 358
360, 747, 361
363, 305, 307
365, 748, 366
367, 749, 317
368, 750, 369
371, 751, 372
373, 752, 374
376, 406, 377
379, 753, 380
342, 741, 381
383, 411, 384
348, 754, 386
387, 755, 388
355, 745, 390
392, 311, 313
361, 756, 394
395, 757, 396
397, 758, 357
398, 759, 399
400, 323, 325
402, 750, 368
374, 752, 404
406, 760, 407
408, 332, 334
410, 761, 338
411, 762, 412
413, 344, 346
389, 388, 415
419, 763, 417
764, 582, 417
582, 765, 417
766, 419, 418
422, 767, 418
764, 417, 763
418, 767, 766
422, 765, 768
582, 106, 769
582, 769, 765
770, 767, 421
765, 769, 771
765, 771, 768
421, 767, 422
420, 772, 421
422, 768, 420
773, 118, 120
120, 774, 773
423, 775, 776
776, 777, 424
775, 778, 776
773, 774, 779
779, 774, 425
423, 776, 424
425, 774, 423
780, 781, 427
782, 775, 426
775, 423, 426
781, 428, 427
774, 120, 427
782, 426, 428
427, 120, 780
429, 783, 430
12, 14, 432
434, 784, 435
432, 785, 437
438, 786, 439
441, 787, 442
444, 788, 445
446, 445, 447
449, 789, 450
454, 790, 791
792, 793, 453
793, 794, 453
454, 791, 452
792, 453, 452
795, 777, 457
776, 778, 455
778, 796, 455
457, 777, 776
797, 798, 799
456, 799, 798
776, 455, 457
798, 457, 456
421, 772, 800
800, 460, 459
772, 801, 800
802, 770, 803
803, 770, 421
421, 800, 803
804, 458, 460
459, 803, 800
463, 805, 806
805, 807, 806
808, 809, 461
463, 806, 461
461, 809, 462
464, 810, 465
467, 811, 468
470, 812, 471
473, 813, 474
476, 814, 477
479, 815, 480
484, 816, 817
817, 818, 484
819, 482, 484
483, 820, 484
484, 818, 819
487, 821, 485
822, 823, 485
485, 824, 825
825, 486, 485
821, 822, 485
488, 826, 489
491, 827, 492
494, 501, 495
497, 503, 498
500, 828, 501
502, 829, 503
493, 492, 504
490, 489, 506
830, 831, 510
510, 832, 508
508, 833, 509
509, 834, 830
830, 510, 509
513, 835, 836
837, 838, 836
836, 511, 513
512, 839, 513
835, 837, 836
840, 841, 516
516, 842, 514
514, 843, 515
515, 844, 840
840, 516, 515
519, 845, 846
846, 847, 519
517, 848, 849
849, 518, 517
519, 847, 517
522, 850, 520
851, 852, 520
520, 853, 521
521, 854, 522
850, 851, 520
525, 855, 856
856, 857, 525
523, 858, 524
524, 859, 525
525, 857, 523
