# Project Zomboid Skinned Mesh
# File Version:
1.0
# Model Name:
Cube
# Vertex Stride Element Count:
3
# Vertex Stride Size (in bytes):
76
# Vertex Stride Data:
# (Int)    Offset
# (String) Type
0
VertexArray
12
NormalArray
24
TextureCoordArray
# Vertex Count:
560
# Vertex Buffer:
-0.01808363, 0.20548473, 0.01764772
-0.66975921, 0.13357952, 0.73043001
0.46259934, 0.61326224
-0.0180836, 0.22490256, 0.01002117
-0.91433454, 0.02557451, 0.40412611
0.48036999, 0.65034011
-0.0180836, 0.23281206, -0.00908641
-0.94451737, 0.00589007, -0.32831812
0.52922457, 0.6666725
-0.01566548, 0.15303732, 0.04227161
-0.57734919, 0.57734919, 0.57734919
0.71629947, 0.34006703
0.0069668, 0.15303732, 0.02477216
0.79262674, 0.57298499, 0.20822778
0.77521217, 0.30716634
-0.01566548, 0.15303732, 0.02477216
-0.79262674, 0.57298499, 0.20822778
0.71629947, 0.30716634
0.00329372, 0.23281206, 0.01567867
0.35291603, 0.02523881, 0.93530077
0.63923836, 0.75950624
0.00969826, 0.22490256, 0.01002117
0.91433454, 0.02557451, 0.40412611
0.65591878, 0.77393357
0.00969826, 0.23281206, 0.01002117
0.9097873, 0.017304, 0.41468552
0.65591806, 0.75906935
-0.00097602, 0.04718087, -0.02245338
0.40836817, -0.1874752, -0.89333779
0.86879534, 0.33989227
-0.00740942, 0.05495051, -0.02245342
-0.43357646, 0.0, -0.90108949
0.85205954, 0.3544609
-0.00097597, 0.05495051, -0.02245342
0.43357646, 0.0, -0.90108949
0.86880523, 0.35446405
0.00163064, 0.39915505, 0.00727151
0.35471663, 0.02551347, 0.9345988
0.63490599, 0.44625151
0.00535136, 0.06326348, -0.01863148
0.57734919, -0.57734919, 0.57734919
0.97064036, 0.43304127
0.00535138, 0.09140242, -0.02988802
0.57734919, 0.57734919, -0.57734919
0.94134599, 0.4859671
0.00535138, 0.09140242, -0.01863146
0.57734919, 0.57734919, 0.57734919
0.97064036, 0.48596692
-0.01167907, 0.21091856, 0.01567867
-0.06573687, 0.24375133, 0.96758932
0.60026574, 0.8006507
-0.0156655, 0.20548473, 0.01764772
0.0, 0.17294839, 0.98492384
0.58988649, 0.81101455
0.0069668, 0.20548473, 0.01764772
0.0, 0.17294839, 0.98492384
0.64879924, 0.81101403
0.00969824, 0.14860047, 0.01764772
0.70708334, 0.0, 0.70708334
0.17646897, 0.4936651
0.00969824, 0.20366652, -0.00908639
0.94375437, 0.0, -0.33057648
0.24012569, 0.38812453
0.00969824, 0.20548473, 0.01764772
0.66975921, 0.13357952, 0.73043001
0.17041679, 0.38676262
-0.0180836, 0.22490256, 0.01002117
-0.91433454, 0.02557451, 0.40412611
0.58360159, 0.77393422
-0.01167907, 0.23281206, 0.01567867
-0.35291603, 0.02523881, 0.93530077
0.60026366, 0.7595066
-0.0180836, 0.23281206, 0.01002117
-0.9097873, 0.017304, 0.41468552
0.58360082, 0.75907002
0.0069668, 0.15037112, 0.04227161
0.57734919, -0.57734919, 0.57734919
0.71483153, 0.30593818
-0.01566548, 0.15037112, 0.02465148
-0.80669576, -0.54374826, 0.23136082
0.65591884, 0.33906704
0.0069668, 0.15037112, 0.02465148
0.80669576, -0.54374826, 0.23136082
0.71483153, 0.33906704
0.0069668, 0.15436004, 0.01764772
0.57734919, 0.57734919, -0.57734919
0.97527641, 0.40826422
-0.01566548, 0.14885522, 0.01764772
-0.57734919, -0.57734919, -0.57734919
0.98956454, 0.36569017
-0.01566548, 0.15436004, 0.01764772
-0.57734919, 0.57734919, -0.57734919
0.97527647, 0.36569792
-0.01566548, 0.15037112, 0.04227161
-0.57734919, -0.57734919, 0.57734919
0.83860886, 0.47834563
0.0069668, 0.15303732, 0.04227161
0.57734919, 0.57734919, 0.57734919
0.84554327, 0.52091384
-0.01566548, 0.15303732, 0.04227161
-0.57734919, 0.57734919, 0.57734919
0.84554327, 0.47834545
0.0069668, 0.1566457, 0.03606882
0.69750053, -0.7158727, 0.03088473
0.77969611, 0.40247726
-0.01566548, 0.1566457, 0.01764772
-0.70708334, -0.70708334, 0.0
0.8386088, 0.36784238
0.0069668, 0.1566457, 0.01764772
0.70708334, -0.70708334, 0.0
0.77969617, 0.36784244
0.0069668, 0.15836783, 0.05598385
0.69566941, -0.71150851, 0.09866634
0.77969611, 0.44000912
-0.01566548, 0.1566457, 0.03606882
-0.69750053, -0.7158727, 0.03088473
0.8386088, 0.40247726
-0.0156655, 0.20126672, 0.01764772
-0.69777519, 0.71568954, 0.02905362
0.86902869, 0.62017626
0.0069668, 0.20055877, 0.03507578
0.72020632, 0.69362468, -0.01156652
0.92794144, 0.6529808
0.0069668, 0.20126666, 0.01764772
0.69777519, 0.71568954, 0.02905362
0.92794144, 0.62017623
0.0069668, 0.16217275, 0.07583826
0.69994199, -0.69673759, 0.15683462
0.77969611, 0.4775337
-0.01566548, 0.15836783, 0.05598385
-0.69566941, -0.71150851, 0.09866634
0.8386088, 0.44000912
-0.0156655, 0.20168708, 0.0502998
-0.72118288, 0.68636125, -0.09356975
0.86902869, 0.68154278
-0.0156655, 0.20055877, 0.03507578
-0.72020632, 0.69362468, -0.01156652
0.86902869, 0.65298083
0.0069668, 0.1681091, 0.09874902
0.57811213, -0.41898862, 0.7001251
0.77969611, 0.52091396
-0.01566548, 0.16217275, 0.07583826
-0.69994199, -0.69673759, 0.15683462
0.8386088, 0.47753376
-0.01566548, 0.15037112, 0.02465148
-0.80669576, -0.54374826, 0.23136082
0.98102373, 0.47279412
-0.01566548, 0.15436004, 0.02319277
-0.63768423, 0.72392958, 0.26310006
0.97064036, 0.47553772
-0.01566548, 0.14885522, 0.02319277
-0.6286813, -0.71556747, 0.30448318
0.98496962, 0.47553772
0.0069668, 0.15303732, 0.02477216
0.79262674, 0.57298499, 0.20822778
0.98532009, 0.65308273
0.0069668, 0.15037112, 0.02465148
0.80669576, -0.54374826, 0.23136082
0.97837985, 0.65330961
0.0069668, 0.15436004, 0.02319277
0.63768423, 0.72392958, 0.26310006
0.98876321, 0.65605268
-0.0156655, 0.20479204, 0.06585421
-0.71340066, 0.6830653, -0.15625477
0.86902875, 0.71061957
0.0069668, 0.20168708, 0.0502998
0.72118288, 0.68636125, -0.09356975
0.92794144, 0.68154275
0.0069668, 0.21061634, 0.08840605
0.57658619, 0.7008881, 0.41981262
0.86902869, 0.51900163
-0.01566548, 0.1681091, 0.09874902
-0.57811213, -0.41898862, 0.7001251
0.92794144, 0.43831509
0.0069668, 0.1681091, 0.09874902
0.57811213, -0.41898862, 0.7001251
0.86902875, 0.43831998
-0.01566548, 0.16217275, 0.07583826
-0.69994199, -0.69673759, 0.15683462
0.65896767, 0.61074767
-0.0156655, 0.20479204, 0.06585421
-0.71340066, 0.6830653, -0.15625477
0.77235574, 0.60263214
-0.0156655, 0.20168708, 0.0502998
-0.72118288, 0.68636125, -0.09356975
0.76964688, 0.57286373
0.0069668, 0.16217275, 0.07583826
0.69994199, -0.69673759, 0.15683462
0.73132163, 0.89015815
0.0069668, 0.15836783, 0.05598385
0.69566941, -0.71150851, 0.09866634
0.7282728, 0.92810874
0.0069668, 0.20168708, 0.0502998
0.72118288, 0.68636125, -0.09356975
0.8420006, 0.92802985
-0.0156655, 0.21061634, 0.08840605
-0.57658619, 0.7008881, 0.41981262
0.86902875, 0.75270589
0.0069668, 0.20479204, 0.06585421
0.71340066, 0.6830653, -0.15625477
0.9279415, 0.71061957
-0.01808363, 0.0815053, 0.08825915
-0.60322887, 0.4313181, 0.67082733
0.77969611, 0.65493065
0.00969824, 0.1047437, 0.03731069
0.66881311, 0.72078615, 0.18195136
0.85201335, 0.55789191
-0.01808363, 0.10474379, 0.03731069
-0.66878259, 0.72081667, 0.18192084
0.77969611, 0.55789194
0.00661241, 0.40851942, 0.0028708
0.71144748, 0.62520218, 0.32081056
0.64787936, 0.42831331
0.00661241, 0.39915505, 0.00287078
0.91317487, 0.01721244, 0.40714744
0.64788026, 0.44591171
-0.00097595, 0.23281206, -0.02245342
0.43403423, 0.00109867, -0.90087587
0.2723839, 0.33231288
0.00661241, 0.39915505, -0.01199203
0.94296092, 0.00579852, -0.33283487
0.22705603, 0.02051675
0.00969826, 0.23281206, -0.00908641
0.94451737, 0.00589007, -0.32831812
0.2370248, 0.33335131
-0.00669481, 0.39915505, -0.02238958
-0.75838494, -0.2959685, -0.58067566
0.85435361, 0.99999753
-0.00097595, 0.23281206, -0.02245342
0.43403423, 0.00109867, -0.90087587
0.86902869, 0.68803808
-0.0074094, 0.23281206, -0.02245342
-0.43403423, 0.00109867, -0.90087587
0.852283, 0.68803498
-0.01001598, 0.39915505, 0.00727151
-0.35471663, 0.02551347, 0.9345988
0.6045894, 0.44625169
0.00661241, 0.39915505, 0.00287078
0.91317487, 0.01721244, 0.40714744
0.188409, 0.02165937
0.00969826, 0.23281206, 0.01002117
0.9097873, 0.017304, 0.41468552
0.18734029, 0.33482015
-0.01499773, 0.39915505, 0.00287078
-0.91317487, 0.01721244, 0.40714744
0.48039848, 0.97835895
-0.0180836, 0.23281206, 0.01002117
-0.9097873, 0.017304, 0.41468552
0.47952893, 0.66520447
-0.01499776, 0.39915505, -0.01199203
-0.94296092, 0.00579852, -0.33283487
0.51905417, 0.97950078
-0.0074094, 0.23281206, -0.02245342
-0.43403423, 0.00109867, -0.90087587
0.56385326, 0.66768849
-0.01499773, 0.40851942, 0.0028708
-0.71144748, 0.62520218, 0.32078004
0.86902875, 0.43004131
-0.01001598, 0.40851942, 0.00727151
-0.27326274, 0.63542587, 0.7221595
0.88199645, 0.43831509
0.00661241, 0.40851942, 0.0028708
0.71144748, 0.62520218, 0.32081056
0.92528081, 0.43004131
-0.00140583, 0.39862239, -0.02623641
0.54359567, -0.79006314, 0.28330332
0.26460353, 0.02041459
-0.00169053, 0.40851942, -0.02238958
0.59840691, 0.79082614, -0.12833034
0.25356385, 0.00211048
-0.00169053, 0.39915505, -0.02238958
0.75838494, -0.2959685, -0.58067566
0.25456017, 0.01970899
-0.01001598, 0.40851942, 0.00727151
-0.27326274, 0.63542587, 0.7221595
0.60458851, 0.42865348
-0.01499773, 0.39915505, 0.00287078
-0.91317487, 0.01721244, 0.40714744
0.59162825, 0.44591206
-0.01499776, 0.40851942, -0.01199204
-0.72539443, 0.63969851, -0.25406659
0.51805848, 0.9970993
-0.00669481, 0.39915505, -0.02238958
-0.75838494, -0.2959685, -0.58067566
0.54599017, 0.98029109
0.00661241, 0.40851942, -0.01199204
0.72539443, 0.63969851, -0.25406659
0.22605976, 0.00291836
0.00163064, 0.40851942, 0.00727151
0.27326274, 0.63542587, 0.7221595
0.6349051, 0.42865306
-0.00697949, 0.39862239, -0.02623641
-0.54359567, -0.79006314, 0.28330332
0.98265952, 0.94048593
-0.00169053, 0.39915505, -0.02238958
0.75838494, -0.2959685, -0.58067566
0.96889216, 0.94774588
-0.00669481, 0.39915505, -0.02238958
-0.75838494, -0.2959685, -0.58067566
0.98191851, 0.94774589
-0.00169053, 0.40851942, -0.02238958
0.59840691, 0.79082614, -0.12833034
0.90366793, 0.38254929
-0.00697949, 0.40905213, -0.02623641
-0.54359567, 0.79006314, 0.28330332
0.88990057, 0.37528819
-0.00669481, 0.40851942, -0.02238958
-0.59840691, 0.79079562, -0.12833034
0.89064157, 0.38254929
-0.00669481, 0.40851942, -0.02238958
-0.59840691, 0.79079562, -0.12833034
0.54499441, 0.99788956
-0.00697949, 0.39862239, -0.02623641
-0.54359567, -0.79006314, 0.28330332
0.55605543, 0.97958604
-0.00697949, 0.39862239, -0.03682398
-0.31910154, -0.62556839, -0.71187472
0.58359194, 0.98039938
-0.00972753, 0.40905213, -0.03374074
-0.72182381, 0.63505965, -0.27497178
0.57449907, 0.99976597
-0.00697949, 0.40905213, -0.03682406
-0.31910154, 0.62556839, -0.71187472
0.58248311, 1.0
-0.00972753, 0.39862239, -0.02931964
-0.72182381, -0.63505965, 0.27497178
0.56410956, 0.97982567
-0.00972753, 0.40905213, -0.02931964
-0.72182381, 0.63505965, 0.27497178
0.5630005, 0.99942628
-0.00697949, 0.40905213, -0.02623641
-0.54359567, 0.79006314, 0.28330332
0.55494636, 0.99918654
-0.00697949, 0.39862239, -0.03682398
-0.31910154, -0.62556839, -0.71187472
0.98265958, 0.92057945
0.00134218, 0.39862239, -0.03374074
0.72182381, -0.63505965, -0.27497178
0.96099794, 0.9263765
-0.00972753, 0.39862239, -0.03374079
-0.72182381, -0.63505965, -0.2750023
0.98981279, 0.92637636
0.00134218, 0.39862239, -0.03374074
0.72182381, -0.63505965, -0.27497178
0.28396186, 0.01984048
0.00134218, 0.40905213, -0.02931964
0.72182381, 0.63505965, 0.27497178
0.2713562, 0.00057977
0.00134218, 0.39862239, -0.02931964
0.72182381, -0.63505965, 0.27497178
0.27246585, 0.02018034
0.00134218, 0.40905213, -0.03374079
0.72182381, 0.63505965, -0.27497178
0.9115622, 0.36117917
-0.00972753, 0.40905213, -0.03374074
-0.72182381, 0.63505965, -0.27497178
0.88274729, 0.36117929
-0.00972753, 0.40905213, -0.02931964
-0.72182381, 0.63505965, 0.27497178
0.88274729, 0.36949134
-0.00140583, 0.40905213, -0.02623641
0.54359567, 0.79006314, 0.28333384
0.26349387, 0.00081402
0.00134218, 0.40905213, -0.03374079
0.72182381, 0.63505965, -0.27497178
0.28285229, 0.00023991
-0.00140583, 0.39862239, -0.03682398
0.31910154, -0.62556839, -0.71190524
0.2921339, 0.01960069
-0.00140583, 0.40905213, -0.03682406
0.31910154, 0.62556839, -0.71187472
0.29102445, 6e-08
-0.00697949, 0.40905213, -0.03682406
-0.31910154, 0.62556839, -0.71187472
0.95094913, 0.42782491
-0.00140583, 0.39862239, -0.03682398
0.31910154, -0.62556839, -0.71190524
0.9654569, 0.40827197
-0.00697949, 0.39862239, -0.03682398
-0.31910154, -0.62556839, -0.71187472
0.95094913, 0.40826422
-0.00032875, 0.39576966, 0.0013177
0.54896694, -0.63023776, 0.54896694
0.95094913, 0.42138582
-0.00410355, 0.39576966, 0.0028813
0.0, -0.63023776, 0.77636033
0.95094913, 0.41370136
-0.00944192, 0.39576966, -0.00245708
-0.77636033, -0.63023776, 0.0
0.93279886, 0.40826422
-0.00410355, 0.46712396, 0.0028813
0.0, 0.63023776, 0.77636033
0.93546152, 0.70673823
0.00123481, 0.46712396, -0.00245708
0.77636033, 0.63023776, 0.0
0.92794144, 0.71985409
-0.00944192, 0.46712396, -0.00245708
-0.77636033, 0.63023776, 0.0
0.95361638, 0.71216661
-0.00032875, 0.39576966, -0.00623189
0.54896694, -0.63023776, -0.54896694
0.94134599, 0.48596716
0.00123481, 0.46712396, -0.00245708
0.77636033, 0.63023776, 0.0
0.95125777, 0.62017623
0.00123481, 0.39576966, -0.00245708
0.77636033, -0.63023776, 0.0
0.95125777, 0.48596811
-0.00787835, 0.39576966, 0.0013177
-0.54896694, -0.63023776, 0.54896694
0.96099764, 0.86578405
-0.00944192, 0.46712396, -0.00245708
-0.77636033, 0.63023776, 0.0
0.95115173, 0.7315748
-0.00944192, 0.39576966, -0.00245708
-0.77636033, -0.63023776, 0.0
0.95115173, 0.86578298
-0.00410355, 0.39576966, -0.00779545
0.0, -0.63023776, -0.77636033
0.97077864, 0.4863534
-0.00032875, 0.46712396, -0.00623189
0.54896694, 0.63023776, -0.54896694
0.98064423, 0.61995885
-0.00032875, 0.39576966, -0.00623189
0.54896694, -0.63023776, -0.54896694
0.98064423, 0.48613602
-0.00410355, 0.39576966, 0.0028813
0.0, -0.63023776, 0.77636033
0.95116961, 1.0
-0.00787835, 0.46712396, 0.0013177
-0.54896694, 0.63023776, 0.54896694
0.94134599, 0.86578405
-0.00787835, 0.39576966, 0.0013177
-0.54896694, -0.63023776, 0.54896694
0.94134599, 0.99987915
-0.00032875, 0.39576966, 0.0013177
0.54896694, -0.63023776, 0.54896694
0.96099788, 0.99987943
-0.00410355, 0.46712396, 0.0028813
0.0, 0.63023776, 0.77636033
0.95116961, 0.865905
-0.00787835, 0.39576966, -0.00623189
-0.54896694, -0.63023776, -0.54896694
0.96099323, 0.48612547
-0.00410355, 0.46712396, -0.00779545
0.0, 0.63023776, -0.77636033
0.97077864, 0.62017623
-0.00032875, 0.46712396, 0.0013177
0.54896694, 0.63023776, 0.54896694
0.96099323, 0.62017518
-0.00032875, 0.39576966, 0.0013177
0.54896694, -0.63023776, 0.54896694
0.96099323, 0.48596704
-0.00787835, 0.46712396, -0.00623189
-0.54896694, 0.63023776, -0.54896694
0.94134599, 0.73157582
-0.00787835, 0.39576966, -0.00623189
-0.54896694, -0.63023776, -0.54896694
0.94134599, 0.86578393
-0.00097595, 0.21232288, -0.02245342
0.43357646, 0.0, -0.90108949
0.86900294, 0.64961123
-0.00097597, 0.20366652, -0.02245342
0.43357646, 0.0, -0.90108949
0.86899203, 0.63337648
0.00535136, 0.06326348, -0.01863148
0.57734919, -0.57734919, 0.57734919
0.97527641, 0.40826422
-0.01385528, 0.09140242, -0.01863146
-0.57734919, 0.57734919, 0.57734919
0.92528081, 0.35538232
-0.0138553, 0.06326348, -0.01863148
-0.57734919, -0.57734919, 0.57734919
0.92528081, 0.40826344
-0.01385528, 0.09140242, -0.02988802
-0.57734919, 0.57734919, -0.57734919
0.9271459, 0.35535538
0.00535136, 0.06326348, -0.02988802
0.57734919, -0.57734919, -0.57734919
0.97713912, 0.30260855
-0.0138553, 0.06326348, -0.02988802
-0.57734919, -0.57734919, -0.57734919
0.9271459, 0.30258161
-0.0138553, 0.06326348, -0.01863148
-0.57734919, -0.57734919, 0.57734919
0.9279415, 0.65381032
-0.01385528, 0.09140242, -0.02988802
-0.57734919, 0.57734919, -0.57734919
0.95724231, 0.706736
-0.0138553, 0.06326348, -0.02988802
-0.57734919, -0.57734919, -0.57734919
0.95724231, 0.65381029
-0.0138553, 0.06326348, -0.02988802
-0.57734919, -0.57734919, -0.57734919
0.99028796, 0.7986822
0.00535136, 0.06326348, -0.01863148
0.57734919, -0.57734919, 0.57734919
0.96099758, 0.76255699
-0.0138553, 0.06326348, -0.01863148
-0.57734919, -0.57734919, 0.57734919
0.96099758, 0.7986822
0.00535138, 0.09140242, -0.02988802
0.57734919, 0.57734919, -0.57734919
0.99028689, 0.83480743
-0.01385528, 0.09140242, -0.01863146
-0.57734919, 0.57734919, 0.57734919
0.96099764, 0.7986822
0.00535138, 0.09140242, -0.01863146
0.57734919, 0.57734919, 0.57734919
0.96099758, 0.83480743
0.00226618, 0.08200984, -0.02460209
0.55510116, 0.33610034, 0.76082647
0.75863624, 0.68015149
-0.0039576, 0.08685522, -0.03369527
0.0, 0.92602313, -0.37739187
0.78265727, 0.66844538
-0.0039576, 0.0844323, -0.02372037
0.0, 0.55870235, 0.82934052
0.75652242, 0.66844538
0.00484414, 0.07616141, -0.02673078
0.7770623, -0.19544053, 0.59828484
0.65590924, 0.31361932
0.00226618, 0.08443274, -0.03457701
0.54222238, 0.71526229, -0.44080934
0.62933451, 0.32331783
0.00226618, 0.08200984, -0.02460209
0.55510116, 0.33610034, 0.76082647
0.65590924, 0.325288
0.00226618, 0.07031301, -0.02885944
0.54222238, -0.71526229, 0.44080934
0.65563691, 0.30187738
0.00484414, 0.07858424, -0.03670563
0.7770623, 0.19544053, -0.59828484
0.62933475, 0.31164902
-0.0039576, 0.06789052, -0.02974112
0.0, -0.92602313, 0.37739187
0.75405651, 0.66844538
0.00226618, 0.07273583, -0.03883428
0.55510116, -0.33610034, -0.76082647
0.73073888, 0.68015149
0.00226618, 0.07031301, -0.02885944
0.54222238, -0.71526229, 0.44080934
0.75652242, 0.68015149
-0.0101814, 0.07273583, -0.03883428
-0.55510116, -0.33610034, -0.76082647
0.73073888, 0.65673923
-0.0039576, 0.07031335, -0.03971602
0.0, -0.55870235, -0.82934052
0.7282728, 0.66844538
-0.0101814, 0.07031301, -0.02885944
-0.54222238, -0.71529281, 0.44080934
0.96106184, 0.86788069
-0.01275936, 0.07858424, -0.03670563
-0.7770623, 0.19544053, -0.59828484
0.98762333, 0.87748347
-0.0101814, 0.07273583, -0.03883428
-0.55510116, -0.33610034, -0.76082647
0.98762333, 0.86578405
-0.0039576, 0.07031335, -0.03971602
0.0, -0.55870235, -0.82934052
1.0, 0.74168527
-0.01275936, 0.07858424, -0.03670563
-0.7770623, 0.19544053, -0.59828484
0.97242129, 0.7315748
-0.0039576, 0.08685522, -0.03369527
0.0, 0.92602313, -0.37739187
0.96099758, 0.75244661
-0.01275936, 0.07616141, -0.02673078
-0.7770623, -0.19544053, 0.59828484
0.96106184, 0.87958013
-0.0101814, 0.08443274, -0.03457701
-0.54222238, 0.71526229, -0.44080934
0.98755962, 0.88919619
-0.0101814, 0.08200984, -0.02460209
-0.55510116, 0.33610034, 0.76082647
0.75863618, 0.65673923
-0.0101814, 0.08443274, -0.03457701
-0.54222238, 0.71526229, -0.44080934
0.78477108, 0.65673923
-0.0039576, 0.06789052, -0.02974112
0.0, -0.92602313, 0.37739187
0.99681407, 0.68579626
0.00226618, 0.07031301, -0.02885944
0.54222238, -0.71526229, 0.44080934
0.98522383, 0.6764698
0.00226618, 0.08200984, -0.02460209
0.55510116, 0.33610034, 0.76082647
0.95724237, 0.68421999
-0.00740942, 0.05495051, -0.02245342
-0.43357646, 0.0, -0.90108949
0.582766, 0.33343333
0.01286052, 0.20698382, -0.02666784
0.39451277, -0.63505965, -0.66405225
0.81181294, 0.68238571
0.01545724, 0.20698382, -0.02339598
0.73384809, -0.63621938, -0.23804438
0.82266808, 0.68196625
0.00744708, 0.20698382, -0.01630504
0.00567644, -0.80748922, 0.58983123
0.82266676, 0.66184828
-0.01808363, 0.14860047, 0.01764772
-0.70708334, 0.0, 0.70708334
0.58359742, 0.91791629
0.00969824, 0.14860047, 0.01764772
0.70708334, 0.0, 0.70708334
0.65591466, 0.91791562
-0.01808363, 0.0815053, 0.08825915
-0.60322887, 0.4313181, 0.67082733
0.85201985, 0.36784244
0.00969824, 0.05630195, 0.08825915
0.64796901, -0.21805476, 0.72975862
0.7797026, 0.32047695
0.00969824, 0.0815053, 0.08825915
0.60322887, 0.4313181, 0.67082733
0.7797026, 0.36784118
-0.01808363, 0.05630195, 0.08825915
-0.64796901, -0.21805476, 0.72975862
0.85201985, 0.3204782
0.00969824, 0.04959917, 0.08386084
0.58732873, -0.77452928, 0.23468734
0.77969611, 0.30822003
0.00969824, 0.10483306, 0.03597188
0.70021665, 0.7134617, 0.02551347
0.13347815, 0.57732576
0.00969824, 0.07067475, 0.0342405
0.76293224, -0.6372875, -0.10855434
0.14161445, 0.64138633
0.00969824, 0.07013556, 0.02585393
0.76751, -0.6093936, 0.19876705
0.163479, 0.64175493
-0.01808363, 0.07013556, 0.02585393
-0.76751, -0.6093936, 0.19876705
0.4556486, 0.35827011
-0.01808363, 0.10483306, 0.03597188
-0.70021665, 0.7134617, 0.02548296
0.42564395, 0.42269975
-0.01808363, 0.07332641, 0.01764772
-1.0, 0.0, 0.0
0.47665226, 0.36489713
-0.01808363, 0.07067475, 0.0342405
-0.76293224, -0.6372875, -0.10855434
0.86902869, 0.96816282
0.00969824, 0.04959917, 0.08386084
0.58732873, -0.77452928, 0.23468734
0.94134599, 0.87594745
-0.01808363, 0.04959917, 0.08386084
-0.58732873, -0.77452928, 0.23468734
0.86902869, 0.87594747
-0.01808363, 0.0648025, 0.01746735
-0.78002256, -0.40522477, 0.47676015
0.86902875, 1.0
0.00969824, 0.07013556, 0.02585393
0.76751, -0.6093936, 0.19876705
0.94134599, 0.98395862
-0.01808363, 0.07013556, 0.02585393
-0.76751, -0.6093936, 0.19876705
0.86902869, 0.98395863
0.00969824, 0.07067475, 0.0342405
0.76293224, -0.6372875, -0.10855434
0.94134593, 0.96816281
0.00969824, 0.05495051, 0.01324946
0.75521106, -0.13165686, 0.64207894
0.65594357, 0.98181094
-0.01808363, 0.0648025, 0.01746735
-0.78002256, -0.40522477, 0.47676015
0.72827286, 0.99998925
-0.01808363, 0.05495051, 0.01324946
-0.75521106, -0.13165686, 0.64207894
0.72826082, 0.98180021
0.0069668, 0.14885522, 0.02319277
0.6286813, -0.71556747, 0.30448318
0.71483153, 0.3418873
-0.01566548, 0.14885522, 0.01764772
-0.57734919, -0.57734919, -0.57734919
0.65591884, 0.35231298
0.0069668, 0.14885522, 0.01764772
0.57734919, -0.57734919, -0.57734919
0.71483153, 0.35231292
-0.01566548, 0.15436004, 0.02319277
-0.63768423, 0.72392958, 0.26310006
0.71629947, 0.30412579
0.0069668, 0.15436004, 0.01764772
0.57734919, 0.57734919, -0.57734919
0.77521217, 0.29370052
-0.01566548, 0.15436004, 0.01764772
-0.57734919, 0.57734919, -0.57734919
0.71629947, 0.29370052
-0.01566548, 0.14885522, 0.02319277
-0.6286813, -0.71556747, 0.30448318
0.65591884, 0.3418873
0.0069668, 0.15436004, 0.02319277
0.63768423, 0.72392958, 0.26310006
0.77521217, 0.30412573
-0.01808363, 0.10483306, 0.03597188
-0.70021665, 0.7134617, 0.02548296
0.77969611, 0.55537003
0.00969824, 0.10492232, 0.01764772
0.90395826, 0.30161443, 0.30307931
0.85201335, 0.52091396
-0.01808363, 0.10492232, 0.01764772
-0.90395826, 0.30161443, 0.30307931
0.77969611, 0.52091396
-0.01312311, 0.10889538, 0.03880873
-0.78221989, 0.18478957, -0.59492785
0.77513748, 0.40762639
0.00473774, 0.13962547, 0.0385851
0.77919859, -0.18762779, -0.59801018
0.7286368, 0.34994286
0.00473774, 0.10889538, 0.03880873
0.78221989, 0.18478957, -0.59492785
0.72864723, 0.40760809
-0.0180836, 0.14610074, 0.01775024
0.13843197, 0.94283885, -0.30310982
0.77862567, 0.50087947
0.00969826, 0.14478476, 0.01773862
-0.22937712, -0.93777275, 0.26056704
0.77521223, 0.44862998
-0.0180836, 0.14478479, 0.01773862
0.03836177, 0.24799341, -0.96798611
0.77521235, 0.50088152
0.00473772, 0.10880611, 0.0401475
0.64470351, -0.226722, 0.73000276
0.84708411, 0.75253183
-0.01312311, 0.13953625, 0.03992382
-0.64781642, 0.22397535, 0.72808009
0.80059016, 0.69476387
-0.01312311, 0.10880611, 0.0401475
-0.64473403, -0.226722, 0.72997224
0.80059171, 0.75253183
-0.01312311, 0.10880611, 0.0401475
-0.64473403, -0.226722, 0.72997224
0.76103038, 0.41957688
-0.01312311, 0.13953625, 0.03992382
-0.64781642, 0.22397535, 0.72808009
0.72834879, 0.47233385
-0.01312311, 0.10889538, 0.03880873
-0.78221989, 0.18478957, -0.59492785
0.76410419, 0.42077512
0.00473772, 0.10483306, 0.03597188
0.54753256, 0.47907957, -0.68602556
0.72872204, 0.41482288
0.00473774, 0.14463077, 0.03515507
0.82729578, -0.4957732, -0.26407665
0.72872198, 0.34006709
-0.01312311, 0.13962553, 0.0385851
-0.77919859, -0.18762779, -0.59797966
0.77512705, 0.34996098
-0.01312311, 0.14463077, 0.03515507
-0.82729578, -0.4957732, -0.26407665
0.77521217, 0.34008539
-0.0180836, 0.14478479, 0.01773862
0.03836177, 0.24799341, -0.96798611
0.77863353, 0.43929768
-0.01312311, 0.14610074, 0.01775024
-0.57744074, 0.57222205, 0.58229315
0.77521229, 0.4299677
-0.0180836, 0.14610074, 0.01775024
0.13843197, 0.94283885, -0.30310982
0.77521223, 0.43929774
0.00473774, 0.14463077, 0.03515507
0.82729578, -0.4957732, -0.26407665
0.583592, 0.2916941
-0.01312311, 0.14478479, 0.01773862
-0.57734919, -0.58241522, 0.57222205
0.62889993, 0.325288
0.00473774, 0.14478476, 0.0177386
0.57731867, -0.58241522, 0.57222205
0.62889999, 0.2916941
0.00473774, 0.13962547, 0.0385851
0.77919859, -0.18762779, -0.59801018
0.80366331, 0.78729101
0.00473774, 0.14594673, 0.03563533
0.61549729, 0.69356364, 0.37430951
0.80381685, 0.77417175
0.00473774, 0.13953625, 0.03992382
0.64781642, 0.22397535, 0.72808009
0.80059016, 0.78848869
0.00473774, 0.14594673, 0.03563533
0.61549729, 0.69356364, 0.37430951
0.92794144, 0.62017623
-0.01312311, 0.14610074, 0.01775024
-0.57744074, 0.57222205, 0.58229315
0.9744339, 0.65381029
-0.01312311, 0.14594673, 0.03563533
-0.61549729, 0.69356364, 0.37430951
0.9744339, 0.62017623
0.00473774, 0.14610074, 0.01775024
0.57744074, 0.57222205, 0.58229315
0.77863365, 0.43929774
0.00473774, 0.14478476, 0.0177386
0.57731867, -0.58241522, 0.57222205
0.77521229, 0.43929785
0.00473774, 0.13953625, 0.03992382
0.64781642, 0.22397535, 0.72808009
0.84708261, 0.69476387
-0.01312311, 0.14594673, 0.03563533
-0.61549729, 0.69356364, 0.37430951
0.80059618, 0.68238571
-0.01312311, 0.10474379, 0.03731065
-0.8026368, -0.34147161, 0.48899809
0.80059618, 0.75994711
0.00473772, 0.1047437, 0.03731065
0.80260628, -0.34150213, 0.4890286
0.84708858, 0.75994726
0.00969824, 0.10483306, 0.03597188
0.70021665, 0.7134617, 0.02551347
0.85201335, 0.55537003
-0.00740952, 0.02471572, -0.01220585
-0.45457318, -0.23465683, -0.85921812
0.55932873, 0.27582574
-0.01808367, 0.04718105, -0.00908632
-0.83257544, 0.06176946, -0.55043185
0.54896325, 0.31781614
-0.00740946, 0.04718087, -0.02245338
-0.40836817, -0.1874752, -0.89333779
0.58359206, 0.3188318
0.00969824, 0.05495051, -0.00908637
0.94375437, 0.0, -0.33057648
0.25594819, 0.66760617
-0.00097602, 0.04718087, -0.02245338
0.40836817, -0.1874752, -0.89333779
0.29213396, 0.68116921
-0.00097597, 0.05495051, -0.02245342
0.43357646, 0.0, -0.90108949
0.29130742, 0.66656771
-0.01808363, 0.05495051, -0.00908637
-0.94375437, 0.0, -0.33057648
0.54813719, 0.33241731
0.00969824, 0.05495051, 0.01324946
0.75521106, -0.13165686, 0.64207894
0.19786941, 0.66932321
0.0096982, 0.04718087, -0.00908632
0.83257544, 0.06176946, -0.55043185
0.25677472, 0.68220767
-0.00882304, 0.04718105, 0.01324951
-0.01284829, 0.49360636, 0.86956388
0.7041505, 0.96720274
0.00043759, 0.04718105, 0.01324951
0.01284829, 0.49360636, 0.86956388
0.68004477, 0.96720631
-0.01808363, 0.05495051, 0.01324946
-0.75521106, -0.13165686, 0.64207894
0.4900454, 0.33070123
0.00043759, 0.04718105, 0.01324951
0.01284829, 0.49360636, 0.86956388
0.86902869, 0.3379643
0.0096982, 0.04718087, -0.00908632
0.83257544, 0.06176946, -0.55043185
0.9271459, 0.35538232
-0.00882304, 0.04718105, 0.01324951
-0.01284829, 0.49360636, 0.86956388
0.86902869, 0.32054627
-0.00097608, 0.02471572, -0.01220585
0.45457318, -0.23465683, -0.85921812
0.86902869, 0.29630011
-0.00740957, -0.10645226, -0.00591491
-0.43784904, -0.04013184, -0.89812922
0.85227877, 0.04939938
-0.00740952, 0.02471572, -0.01220585
-0.45457318, -0.23465683, -0.85921812
0.852283, 0.29629695
-0.00740946, 0.04718087, -0.02245338
-0.40836817, -0.1874752, -0.89333779
0.85204965, 0.33988911
0.0096982, 0.04718087, -0.00908632
0.83257544, 0.06176946, -0.55043185
0.65603507, 0.35240102
-0.01808373, 0.02471572, 0.00116118
-0.75023651, -0.18900113, -0.63356423
0.7282325, 0.39590567
-0.01808367, 0.04718105, -0.00908632
-0.83257544, 0.06176946, -0.55043185
0.72834873, 0.35231298
-0.00097608, 0.02471572, -0.01220585
0.45457318, -0.23465683, -0.85921812
0.26787797, 0.72417569
0.00969809, -0.09353533, 0.02193225
0.80269784, 0.55818355, 0.20987579
0.86902875, 0.6028513
-0.01808376, -0.08522672, 0.01295516
-0.80303353, 0.25147253, 0.54023868
0.94134599, 0.6201762
-0.01808378, -0.09353533, 0.02193225
-0.80269784, 0.55818355, 0.20987579
0.94134599, 0.60285127
0.00969811, -0.03051171, 0.01036385
0.88204598, -0.36780909, -0.29438153
0.21446547, 0.82971038
0.00969811, -0.08736437, 0.00708911
0.93334758, 0.01461837, -0.35859248
0.22902943, 0.93630174
-0.00097612, -0.10645226, -0.00591491
0.43784904, -0.04013184, -0.89812922
0.26547551, 0.97116304
-0.00740957, -0.10645226, -0.00591491
-0.43784904, -0.04013184, -0.89812922
0.55691463, 0.02883846
-0.01808376, -0.08736437, 0.00708911
-0.93334758, 0.01461837, -0.35859248
0.52120036, 0.06372219
-0.01808376, -0.03051171, 0.01036385
-0.88204598, -0.36780909, -0.29438153
0.50663793, 0.17031378
-0.01808376, -0.08522672, 0.01295516
-0.80303353, 0.25147253, 0.54023868
0.583592, 0.42831331
0.00969811, -0.03051171, 0.01036385
0.88204598, -0.36780909, -0.29438153
0.65590924, 0.325288
-0.01808376, -0.03051171, 0.01036385
-0.88204598, -0.36780909, -0.29438153
0.58359206, 0.32528824
-0.01808365, 0.02001276, 0.01522256
-0.80516982, 0.11761834, 0.58122504
0.72824293, 0.91598988
-0.00882304, 0.02001276, 0.01786804
-0.13620411, 0.20892972, 0.96838284
0.70414108, 0.91578924
-0.01808378, -0.09353533, 0.02193225
-0.80269784, 0.55818355, 0.20987579
0.48325202, 0.05098474
-0.01808378, -0.10626102, 0.00745214
-0.94180119, -0.0163274, -0.33570361
0.52226555, 0.02818185
-0.0180838, -0.10305367, 0.07948697
-0.80480361, 0.01916562, 0.5932188
0.33457386, 0.02867502
0.00969809, -0.08838537, 0.07952637
0.73784602, 0.22177801, 0.63744009
0.0407829, 0.94378896
0.00969807, -0.10305367, 0.07948697
0.80480361, 0.01916562, 0.5932188
0.04244599, 0.97135204
0.00969807, -0.09230945, 0.06656583
0.96758932, 0.10611286, -0.22901089
0.0749011, 0.95016717
0.0096982, 0.02001276, 0.01522256
0.80516982, 0.11761834, 0.58119452
0.65592575, 0.91600063
0.0096982, 0.04718087, 0.01324951
0.67000335, 0.35114598, 0.65401167
0.65593904, 0.96720956
0.00043759, 0.02001276, 0.01786804
0.13620411, 0.20892972, 0.96838284
0.68003535, 0.91579282
0.00043752, -0.0127674, 0.02641423
0.12686545, 0.43382061, 0.89199501
0.6800285, 0.85352981
-0.00882308, -0.0127674, 0.02641423
-0.12686545, 0.43382061, 0.89199501
0.70413417, 0.85352623
0.00043746, -0.08838537, 0.08217184
0.129429, 0.30127871, 0.94466996
0.68006521, 0.70711765
-0.01808372, -0.0127674, 0.02376873
-0.82757044, 0.2347789, 0.50987273
0.72823608, 0.85372688
0.00969815, -0.0127674, 0.02376873
0.82757044, 0.2347789, 0.50987273
0.65591884, 0.85373762
-0.01808373, -0.03054461, 0.01706629
-0.8179571, -0.51796013, -0.25022125
0.97843581, 0.94774592
0.00969811, -0.03051171, 0.01036385
0.88204598, -0.36780909, -0.29438153
0.96099794, 0.99999996
0.00969813, -0.03054461, 0.01706629
0.8179571, -0.51796013, -0.25022125
0.97843581, 1.0
0.00969811, -0.03051171, 0.01036385
0.88204598, -0.36780909, -0.29438153
0.65603507, 0.50088152
-0.01808376, -0.03051171, 0.01036385
-0.88204598, -0.36780909, -0.29438153
0.72834873, 0.50079376
-0.01808378, -0.08838537, 0.07952637
-0.73784602, 0.22177801, 0.63744009
0.72827286, 0.7073147
-0.00882317, -0.08838537, 0.08217184
-0.129429, 0.30127871, 0.94466996
0.704171, 0.70711407
-0.01808373, -0.03054461, 0.01706629
-0.8179571, -0.51796013, -0.25022125
0.94134086, 0.7527059
0.00969807, -0.09230945, 0.06656583
0.96758932, 0.10611286, -0.22901089
0.86902869, 0.87594745
-0.0180838, -0.09230945, 0.06656583
-0.96758932, 0.10611286, -0.22901089
0.94134086, 0.87559663
0.00969809, -0.08838537, 0.07952637
0.73784602, 0.22177801, 0.63744009
0.65595561, 0.70732546
-0.01808378, -0.11771754, 0.00833778
-0.74309516, -0.65343183, -0.14419995
0.52118033, 0.00658357
-0.0180838, -0.11616608, 0.01748346
-0.72020632, -0.68947417, 0.07663198
0.49722898, 0.00879657
0.00043744, -0.10305367, 0.08213244
0.13901182, 0.03225806, 0.9897458
0.68005651, 0.67955479
0.00969807, -0.10305367, 0.07948697
0.80480361, 0.01916562, 0.5932188
0.65594685, 0.6797626
-0.00882317, -0.10305367, 0.08213244
-0.13901182, 0.03225806, 0.9897458
0.70416218, 0.67955121
0.00969807, -0.09230945, 0.06656583
0.96758932, 0.10611286, -0.22901089
0.86902875, 0.51900169
0.00969802, -0.11362324, 0.06504954
0.729545, -0.68318737, -0.03131199
0.80059004, 0.71380761
0.00043744, -0.1161183, 0.08301806
0.10342723, -0.70128483, 0.70528275
0.77648437, 0.68015149
-0.00882319, -0.1161183, 0.08301806
-0.10342723, -0.70128483, 0.70528275
0.75237858, 0.68015149
0.00969809, -0.11771754, 0.00833778
0.74309516, -0.65343183, -0.14419995
0.22901198, 0.99344037
0.00969809, -0.10626102, 0.00745214
0.94180119, -0.0163274, -0.33570361
0.23009595, 0.97184208
0.00043744, -0.1161183, 0.08301806
0.10342723, -0.70128483, 0.70528275
0.68005002, 0.65493423
0.00969802, -0.11362324, 0.06504954
0.729545, -0.68318737, -0.03131199
0.08111145, 0.99010558
0.00969807, -0.11616608, 0.01748346
0.72020632, -0.68947417, 0.07663198
0.20506583, 0.99122777
-0.0180838, -0.1161183, 0.08037261
-0.62562943, -0.6342662, 0.45414594
0.7282576, 0.65513131
-0.0180838, -0.10305367, 0.07948697
-0.80480361, 0.01916562, 0.5932188
0.72826409, 0.67975187
-0.00097612, -0.12176057, -0.00502928
0.3531602, -0.73622853, -0.57722712
0.86902785, 0.02056611
-0.00097612, -0.10645226, -0.00591491
0.43784904, -0.04013184, -0.89812922
0.86902446, 0.04940253
0.00969807, -0.1161183, 0.08037261
0.62562943, -0.6342662, 0.45414594
0.65594035, 0.65514204
0.00969809, -0.11771754, 0.00833778
0.74309516, -0.65343183, -0.14419995
0.80059016, 0.8206452
0.00969807, -0.11616608, 0.01748346
0.72020632, -0.68947417, 0.07663198
0.8005901, 0.80337028
-0.01808378, -0.11771754, 0.00833778
-0.74309516, -0.65343183, -0.14419995
0.72827291, 0.82064518
-0.0180838, -0.11616608, 0.01748346
-0.72020632, -0.68947417, 0.07663198
0.72827286, 0.80337027
0.00742328, 0.21232282, -0.02761359
-0.22620319, 0.61882383, -0.75222021
0.78477114, 0.66991901
0.00015254, 0.20698382, -0.02075196
-0.80254525, -0.58803064, -0.10031434
0.79930788, 0.65598279
0.00015254, 0.21232288, -0.02075192
-0.80254525, 0.58803064, -0.10031434
0.78545904, 0.65634462
0.01521344, 0.20698382, -0.01779801
0.70183414, -0.62883389, 0.33457443
0.83342463, 0.6823068
0.01157811, 0.21232282, -0.01457958
0.13040559, 0.60478532, 0.78560746
0.84704095, 0.67554286
0.01157811, 0.20698382, -0.01457955
0.13040559, -0.60478532, 0.78560746
0.83315551, 0.675464
0.01521347, 0.21232282, -0.01779801
0.70183414, 0.62883389, 0.33457443
0.95361787, 0.72351179
0.01545724, 0.20698382, -0.02339598
0.73384809, -0.63621938, -0.23804438
0.96751398, 0.71299431
0.01545726, 0.21232282, -0.02339598
0.73384809, 0.63621938, -0.23804438
0.95361632, 0.71299514
0.00015254, 0.20698382, -0.02075196
-0.80254525, -0.58803064, -0.10031434
0.92528081, 0.42702019
0.0039528, 0.21232288, -0.01476554
-0.23569445, 0.58568072, 0.77547532
0.93917859, 0.43831277
0.00015254, 0.21232288, -0.02075192
-0.80254525, 0.58803064, -0.10031434
0.93917859, 0.42701805
0.01545726, 0.21232282, -0.02339598
0.73384809, 0.63621938, -0.23804438
0.98307496, 0.83522649
0.01286052, 0.21232282, -0.02666784
0.39451277, 0.63505965, -0.66405225
0.97222006, 0.83480743
0.00744708, 0.21232288, -0.01630504
0.00567644, 0.80748922, 0.58983123
0.98307389, 0.85534418
0.01286052, 0.21232282, -0.02666784
0.39451277, 0.63505965, -0.66405225
0.7854591, 0.68015149
0.00742328, 0.20698382, -0.02761359
-0.22620319, -0.61882383, -0.75222021
0.79861981, 0.66955718
0.01286052, 0.20698382, -0.02666784
0.39451277, -0.63505965, -0.66405225
0.96751547, 0.70673603
0.01286052, 0.21232282, -0.02666784
0.39451277, 0.63505965, -0.66405225
0.95361787, 0.70673686
-0.00097597, 0.20366652, -0.02245342
0.43357646, 0.0, -0.90108949
0.27548486, 0.38708603
-0.00097595, 0.21232288, -0.02245342
0.43357646, 0.0, -0.90108949
0.27456385, 0.37081814
0.00744708, 0.20698382, -0.01630504
0.00567644, -0.80748922, 0.58983123
0.83342463, 0.66769722
0.00744708, 0.21232288, -0.01630504
0.00567644, 0.80748922, 0.58983123
0.84731019, 0.66777608
0.0039528, 0.21232288, -0.01476554
-0.23569445, 0.58568072, 0.77547532
0.84721744, 0.66120142
0.0039528, 0.20698382, -0.01476549
-0.23569445, -0.58568072, 0.77550584
0.83333182, 0.66112256
-0.01808363, 0.06854464, 0.01324946
-1.0, 0.0, 0.0
0.48859987, 0.35624868
-0.01808363, 0.10492232, 0.01764772
-0.90395826, 0.30161443, 0.30307931
0.47329256, 0.42427534
-0.01808363, 0.14860047, 0.01764772
-0.70708334, 0.0, 0.70708334
0.46864808, 0.50635967
0.0069668, 0.15303732, 0.04227161
0.57734919, 0.57734919, 0.57734919
0.77521217, 0.34006709
0.00329372, 0.21091856, 0.01567867
0.06573687, 0.24375133, 0.96758932
0.63924044, 0.80065034
0.00535136, 0.06326348, -0.02988802
0.57734919, -0.57734919, -0.57734919
0.94134605, 0.43304139
0.00969824, 0.20548473, 0.01764772
0.66975921, 0.13357952, 0.73043001
0.65590924, 0.81101394
-0.01808363, 0.20548473, 0.01764772
-0.66975921, 0.13357952, 0.73043001
0.583592, 0.81101458
0.00969824, 0.06854464, 0.01324946
1.0, 0.0, 0.0
0.19642305, 0.64377582
0.00969824, 0.10492232, 0.01764772
0.90395826, 0.30161443, 0.30307931
0.18111609, 0.57574937
0.00969824, 0.21232288, -0.00908639
0.94375437, 0.0, -0.33057648
0.23920469, 0.37185657
0.00969826, 0.22490256, 0.01002117
0.91433454, 0.02557451, 0.40412611
0.18818182, 0.34968448
0.00969824, 0.07332641, 0.01764772
1.0, 0.0, 0.0
0.18447772, 0.63512754
-0.01566548, 0.15037112, 0.04227161
-0.57734919, -0.57734919, 0.57734919
0.65591884, 0.30593818
0.0069668, 0.14885522, 0.01764772
0.57734919, -0.57734919, -0.57734919
0.98956454, 0.40825653
0.0069668, 0.15037112, 0.04227161
0.57734919, -0.57734919, 0.57734919
0.8386088, 0.52091396
-0.01566548, 0.1681091, 0.09874902
-0.57811213, -0.41898862, 0.7001251
0.83860874, 0.52091396
-0.01566548, 0.15436004, 0.01764772
-0.57734919, 0.57734919, -0.57734919
0.97064036, 0.4859671
-0.01566548, 0.14885522, 0.01764772
-0.57734919, -0.57734919, -0.57734919
0.98496962, 0.4859671
-0.01566548, 0.15037112, 0.04227161
-0.57734919, -0.57734919, 0.57734919
0.98102367, 0.43965334
-0.01566548, 0.15303732, 0.02477216
-0.79262674, 0.57298499, 0.20822778
0.97408348, 0.47256708
-0.01566548, 0.15303732, 0.04227161
-0.57734919, 0.57734919, 0.57734919
0.97408342, 0.43965334
0.0069668, 0.14885522, 0.01764772
0.57734919, -0.57734919, -0.57734919
0.97443396, 0.66647968
0.0069668, 0.15436004, 0.01764772
0.57734919, 0.57734919, -0.57734919
0.98876321, 0.66647974
0.0069668, 0.15303732, 0.04227161
0.57734919, 0.57734919, 0.57734919
0.98532009, 0.62017626
0.0069668, 0.15037112, 0.04227161
0.57734919, -0.57734919, 0.57734919
0.97837985, 0.62017623
0.0069668, 0.14885522, 0.02319277
0.6286813, -0.71556747, 0.30448318
0.97443396, 0.65605259
-0.0156655, 0.21061634, 0.08840605
-0.57658619, 0.7008881, 0.41981262
0.92794144, 0.5189968
-0.0156655, 0.20055877, 0.03507578
-0.72020632, 0.69362468, -0.01156652
0.7719264, 0.54419839
-0.0156655, 0.20126672, 0.01764772
-0.69777519, 0.71568954, 0.02905362
0.77969611, 0.51187581
-0.01566548, 0.1566457, 0.01764772
-0.70708334, -0.70708334, 0.0
0.66454673, 0.50088152
-0.01566548, 0.1566457, 0.03606882
-0.69750053, -0.7158727, 0.03088473
0.65826541, 0.53523022
-0.01566548, 0.15836783, 0.05598385
-0.69566941, -0.71150851, 0.09866634
0.65591884, 0.57278886
-0.01566548, 0.1681091, 0.09874902
-0.57811213, -0.41898862, 0.7001251
0.66647482, 0.65493065
-0.0156655, 0.21061634, 0.08840605
-0.57658619, 0.7008881, 0.41981262
0.77969605, 0.64611822
0.0069668, 0.1566457, 0.01764772
0.70708334, -0.70708334, 0.0
0.73690087, 1.0
0.0069668, 0.20126666, 0.01764772
0.69777519, 0.71568954, 0.02905362
0.85204965, 0.98900402
0.0069668, 0.20055877, 0.03507578
0.72020632, 0.69362468, -0.01156652
0.84428012, 0.95668879
0.0069668, 0.1566457, 0.03606882
0.69750053, -0.7158727, 0.03088473
0.73061949, 0.96565907
0.0069668, 0.1681091, 0.09874902
0.57811213, -0.41898862, 0.7001251
0.73882872, 0.84598465
0.0069668, 0.20479204, 0.06585421
0.71340066, 0.6830653, -0.15625477
0.84470934, 0.89826789
0.0069668, 0.21061634, 0.08840605
0.57658619, 0.7008881, 0.41981262
0.85204965, 0.85479107
0.0069668, 0.21061634, 0.08840605
0.57658619, 0.7008881, 0.41981262
0.9279415, 0.75270587
0.00969824, 0.0815053, 0.08825915
0.60322887, 0.4313181, 0.67082733
0.85201341, 0.65493065
-0.00169053, 0.39915505, -0.02238958
0.75838494, -0.2959685, -0.58067566
0.86737931, 1.0
0.00661241, 0.40851942, -0.01199204
0.72539443, 0.63969851, -0.25406659
0.92528081, 0.40209764
-0.01499776, 0.40851942, -0.01199204
-0.72539443, 0.63969851, -0.25406659
0.86902869, 0.40209764
0.00163064, 0.40851942, 0.00727151
0.27326274, 0.63542587, 0.7221595
0.91231304, 0.43831509
-0.01499773, 0.40851942, 0.0028708
-0.71144748, 0.62520218, 0.32078004
0.59162736, 0.42831385
0.00661241, 0.40851942, 0.0028708
0.71144748, 0.62520218, 0.32081056
0.18741262, 0.00406086
-0.01499773, 0.40851942, 0.0028708
-0.71144748, 0.62520218, 0.32078004
0.47940266, 0.99595742
-0.00140583, 0.39862239, -0.02623641
0.54359567, -0.79006314, 0.28330332
0.96815109, 0.94048593
-0.00140583, 0.40905213, -0.02623641
0.54359567, 0.79006314, 0.28333384
0.90440899, 0.37528819
-0.00972753, 0.39862239, -0.03374079
-0.72182381, -0.63505965, -0.2750023
0.57560825, 0.98016535
-0.00972753, 0.39862239, -0.02931964
-0.72182381, -0.63505965, 0.27497178
0.98981279, 0.93468893
-0.00140583, 0.39862239, -0.03682398
0.31910154, -0.62556839, -0.71190524
0.96815109, 0.92057945
0.00134218, 0.39862239, -0.02931964
0.72182381, -0.63505965, 0.27497178
0.96099788, 0.93468893
0.00134218, 0.40905213, -0.02931964
0.72182381, 0.63505965, 0.27497178
0.9115622, 0.36949134
-0.00140583, 0.40905213, -0.03682406
0.31910154, 0.62556839, -0.71187472
0.90440899, 0.35538232
-0.00697949, 0.40905213, -0.03682406
-0.31910154, 0.62556839, -0.71187472
0.88990057, 0.35538232
-0.00140583, 0.40905213, -0.03682406
0.31910154, 0.62556839, -0.71187472
0.9654569, 0.42783272
-0.00787835, 0.39576966, -0.00623189
-0.54896694, -0.63023776, -0.54896694
0.92528081, 0.41369659
-0.00410355, 0.39576966, -0.00779545
0.0, -0.63023776, -0.77636033
0.92528081, 0.42138106
-0.00032875, 0.39576966, -0.00623189
0.54896694, -0.63023776, -0.54896694
0.93279892, 0.42681617
0.00123481, 0.39576966, -0.00245708
0.77636033, -0.63023776, 0.0
0.94343114, 0.42681813
-0.00787835, 0.39576966, 0.0013177
-0.54896694, -0.63023776, 0.54896694
0.94343096, 0.40826625
-0.00410355, 0.46712396, -0.00779545
0.0, 0.63023776, -0.77636033
0.9460963, 0.72528252
-0.00787835, 0.46712396, -0.00623189
-0.54896694, 0.63023776, -0.54896694
0.95361638, 0.71984887
-0.00787835, 0.46712396, 0.0013177
-0.54896694, 0.63023776, 0.54896694
0.94609642, 0.70673603
-0.00032875, 0.46712396, 0.0013177
0.54896694, 0.63023776, 0.54896694
0.9279415, 0.71217191
-0.00032875, 0.46712396, -0.00623189
0.54896694, 0.63023776, -0.54896694
0.9354614, 0.72528473
-0.00032875, 0.46712396, -0.00623189
0.54896694, 0.63023776, -0.54896694
0.94134599, 0.62017527
-0.00787835, 0.46712396, 0.0013177
-0.54896694, 0.63023776, 0.54896694
0.96099764, 0.73157588
-0.00032875, 0.46712396, 0.0013177
0.54896694, 0.63023776, 0.54896694
0.96099788, 0.86578438
-0.00787835, 0.46712396, -0.00623189
-0.54896694, 0.63023776, -0.54896694
0.96099323, 0.61994839
0.00535138, 0.09140242, -0.01863146
0.57734919, 0.57734919, 0.57734919
0.97527641, 0.35538316
0.00535138, 0.09140242, -0.02988802
0.57734919, 0.57734919, -0.57734919
0.97713912, 0.35538232
-0.01385528, 0.09140242, -0.01863146
-0.57734919, 0.57734919, 0.57734919
0.92794144, 0.70673603
0.00535136, 0.06326348, -0.02988802
0.57734919, -0.57734919, -0.57734919
0.99028796, 0.76255699
-0.01385528, 0.09140242, -0.02988802
-0.57734919, 0.57734919, -0.57734919
0.99028689, 0.7986822
0.00226618, 0.08443274, -0.03457701
0.54222238, 0.71526229, -0.44080934
0.78477108, 0.68015149
0.00226618, 0.07273583, -0.03883428
0.55510116, -0.33610034, -0.76082647
0.62906247, 0.29990709
-0.0101814, 0.07031301, -0.02885944
-0.54222238, -0.71529281, 0.44080934
0.75652242, 0.65673923
0.00226618, 0.08443274, -0.03457701
0.54222238, 0.71526229, -0.44080934
0.97242105, 0.7618245
0.00484414, 0.07858424, -0.03670563
0.7770623, 0.19544053, -0.59828484
0.98857647, 0.76255697
0.00226618, 0.07273583, -0.03883428
0.55510116, -0.33610034, -0.76082647
1.0, 0.75421506
-0.0101814, 0.07273583, -0.03883428
-0.55510116, -0.33610034, -0.76082647
0.98857653, 0.73230731
-0.0101814, 0.08443274, -0.03457701
-0.54222238, 0.71526229, -0.44080934
0.96099758, 0.73991677
-0.0101814, 0.08200984, -0.02460209
-0.55510116, 0.33610034, 0.76082647
0.96099788, 0.89129277
-0.0039576, 0.0844323, -0.02372037
0.0, 0.55870235, 0.82934052
0.95724237, 0.69675666
-0.0101814, 0.07031301, -0.02885944
-0.54222238, -0.71529281, 0.44080934
0.99681407, 0.69833297
-0.0101814, 0.08200984, -0.02460209
-0.55510116, 0.33610034, 0.76082647
0.96883255, 0.70608315
-0.01275936, 0.07616141, -0.02673078
-0.7770623, -0.19544053, 0.59828484
0.98522377, 0.70673603
0.00484414, 0.07616141, -0.02673078
0.7770623, -0.19544053, 0.59828484
0.96883267, 0.67581692
0.0039528, 0.20698382, -0.01476549
-0.23569445, -0.58568072, 0.77550584
0.81963861, 0.6550082
0.00015254, 0.20698382, -0.02075196
-0.80254525, -0.58803064, -0.10031434
0.80141765, 0.65711501
0.00742328, 0.20698382, -0.02761359
-0.22620319, -0.61882383, -0.75222021
0.80059016, 0.67590582
0.01521344, 0.20698382, -0.01779801
0.70183414, -0.62883389, 0.33457443
0.83315551, 0.67464751
0.01157811, 0.20698382, -0.01457955
0.13040559, -0.60478532, 0.78560746
0.83315551, 0.66551676
0.00969824, 0.10492232, 0.01764772
0.90395826, 0.30161443, 0.30307931
0.65591878, 0.9999993
-0.01808363, 0.10492232, 0.01764772
-0.90395826, 0.30161443, 0.30307931
0.58360159, 1.0
-0.01808363, 0.04959917, 0.08386084
-0.58732873, -0.77452928, 0.23468734
0.85201329, 0.30822128
0.00969824, 0.0648025, 0.01746735
0.78002256, -0.40522477, 0.47676015
0.18585365, 0.65113264
0.00969824, 0.1047437, 0.03731069
0.66881311, 0.72078615, 0.18195136
0.1300064, 0.57759663
0.00969824, 0.0815053, 0.08825915
0.60322887, 0.4313181, 0.67082733
0.0, 0.6251851
0.00969824, 0.05630195, 0.08825915
0.64796901, -0.21805476, 0.72975862
0.00268151, 0.67254966
0.00969824, 0.04959917, 0.08386084
0.58732873, -0.77452928, 0.23468734
0.01483136, 0.68480811
-0.01808363, 0.0648025, 0.01746735
-0.78002256, -0.40522477, 0.47676015
0.47802779, 0.34889203
-0.01808363, 0.0815053, 0.08825915
-0.60322887, 0.4313181, 0.67082733
0.29213396, 0.3748427
-0.01808363, 0.10474379, 0.03731069
-0.66878259, 0.72081667, 0.18192084
0.42217141, 0.42242914
-0.01808363, 0.07067475, 0.0342405
-0.76293224, -0.6372875, -0.10855434
0.43377918, 0.35863906
-0.01808363, 0.04959917, 0.08386084
-0.58732873, -0.77452928, 0.23468734
0.30696598, 0.31521946
-0.01808363, 0.05630195, 0.08825915
-0.64796901, -0.21805476, 0.72975862
0.29481396, 0.32747805
0.00969824, 0.0648025, 0.01746735
0.78002256, -0.40522477, 0.47676015
0.94134599, 0.99999998
0.00969824, 0.0648025, 0.01746735
0.78002256, -0.40522477, 0.47676015
0.65595561, 1.0
0.00969826, 0.14610074, 0.01775024
0.0, -0.95104831, 0.30896938
0.77862567, 0.44862789
-0.01312311, 0.10483306, 0.03597192
-0.54750204, 0.47907957, -0.68605608
0.77521223, 0.41603929
-0.01312311, 0.10474379, 0.03731065
-0.8026368, -0.34147161, 0.48899809
0.77213854, 0.41484112
-0.01312311, 0.14594673, 0.03563533
-0.61549729, 0.69356364, 0.37430951
0.73157609, 0.48665166
-0.01312311, 0.14610074, 0.01775024
-0.57744074, 0.57222205, 0.58229315
0.77376252, 0.50088152
-0.01312311, 0.14463077, 0.03515507
-0.82729578, -0.4957732, -0.26407665
0.73413557, 0.48477501
-0.01312311, 0.14478479, 0.01773862
-0.57734919, -0.58241522, 0.57222205
0.77521223, 0.49863887
-0.01312311, 0.13962553, 0.0385851
-0.77919859, -0.18762779, -0.59797966
0.73142242, 0.47353202
-0.01312311, 0.10483306, 0.03597192
-0.54750204, 0.47907957, -0.68605608
0.77521223, 0.41484112
-0.01312311, 0.14478479, 0.01773862
-0.57734919, -0.58241522, 0.57222205
0.77863359, 0.42996764
-0.01312311, 0.14463077, 0.03515507
-0.82729578, -0.4957732, -0.26407665
0.58359206, 0.325288
0.00473772, 0.10880611, 0.0401475
0.64470351, -0.226722, 0.73000276
0.8332656, 0.8412476
0.00473772, 0.1047437, 0.03731065
0.80260628, -0.34150213, 0.4890286
0.84437174, 0.84598465
0.00473774, 0.10889538, 0.03880873
0.78221989, 0.18478957, -0.59492785
0.83633882, 0.84004982
0.00473772, 0.10483306, 0.03597188
0.54753256, 0.47907957, -0.68602556
0.84744489, 0.8447867
0.00473774, 0.14478476, 0.0177386
0.57731867, -0.58241522, 0.57222205
0.84744489, 0.76219006
0.00473774, 0.14610074, 0.01775024
0.57744074, 0.57222205, 0.58229315
0.84599537, 0.75994727
0.00473774, 0.14463077, 0.03515507
0.82729578, -0.4957732, -0.26407665
0.80637592, 0.77604868
0.00473774, 0.14610074, 0.01775024
0.57744074, 0.57222205, 0.58229315
0.92794144, 0.65381029
0.00473774, 0.14594673, 0.03563533
0.61549729, 0.69356364, 0.37430951
0.84708858, 0.68238571
-0.01808373, 0.02471572, 0.00116118
-0.75023651, -0.18900113, -0.63356423
0.52469999, 0.27480972
0.0096982, 0.04718087, 0.01324951
0.67000335, 0.35114598, 0.65401167
0.19869594, 0.68392467
-0.01808365, 0.04718105, 0.01324951
-0.67000335, 0.35114598, 0.65401167
0.72825623, 0.96719915
-0.01808365, 0.04718105, 0.01324951
-0.67000335, 0.35114598, 0.65401167
0.49087143, 0.31610006
-0.01808367, 0.04718105, -0.00908632
-0.83257544, 0.06176946, -0.55043185
0.9271459, 0.30312824
-0.01808365, 0.04718105, 0.01324951
-0.67000335, 0.35114598, 0.65401167
0.86902869, 0.3031283
0.0096982, 0.04718087, 0.01324951
0.67000335, 0.35114598, 0.65401167
0.86902869, 0.35538232
0.00969813, 0.02471572, 0.00116118
0.75020599, -0.18900113, -0.63356423
0.65591884, 0.39599341
0.00969813, 0.02471572, 0.00116118
0.75020599, -0.18900113, -0.63356423
0.23251882, 0.72521412
0.00969811, -0.08522672, 0.01295516
0.80303353, 0.25147253, 0.54023868
0.86902869, 0.62017623
0.00969811, -0.08522672, 0.01295516
0.80303353, 0.25147253, 0.54023868
0.21354878, 0.93273539
-0.01808376, -0.08522672, 0.01295516
-0.80303353, 0.25147253, 0.54023868
0.50571644, 0.06728882
0.00969811, -0.08522672, 0.01295516
0.80303353, 0.25147253, 0.54023868
0.65590924, 0.42831314
-0.01808365, 0.02001276, 0.01522256
-0.80516982, 0.11761834, 0.58122504
0.48862877, 0.26489115
-0.01808372, -0.0127674, 0.02376873
-0.82757044, 0.2347789, 0.50987273
0.46988723, 0.20263082
-0.01808378, -0.08838537, 0.07952637
-0.73784602, 0.22177801, 0.63744009
0.33291167, 0.05623817
-0.0180838, -0.09230945, 0.06656583
-0.96758932, 0.10611286, -0.22901089
0.36703712, 0.04985934
-0.01808373, -0.03054461, 0.01706629
-0.8179571, -0.51796013, -0.25022125
0.4892095, 0.16973704
0.00969815, -0.0127674, 0.02376873
0.82757044, 0.2347789, 0.50987273
0.17772147, 0.79739399
0.00969813, -0.03054461, 0.01706629
0.8179571, -0.51796013, -0.25022125
0.19704092, 0.83028744
0.0096982, 0.02001276, 0.01522256
0.80516982, 0.11761834, 0.58119452
0.19645604, 0.73513335
0.00969809, -0.09353533, 0.02193225
0.80269784, 0.55818355, 0.20987579
0.19109006, 0.94903984
-0.01808376, -0.03051171, 0.01036385
-0.88204598, -0.36780909, -0.29438153
0.96099788, 0.94774588
0.00969813, -0.03054461, 0.01706629
0.8179571, -0.51796013, -0.25022125
0.86902869, 0.75305672
-0.01808382, -0.11362279, 0.06504954
-0.729545, -0.68315685, -0.03131199
0.37324709, 0.00992173
-0.0180838, -0.1161183, 0.08037261
-0.62562943, -0.6342662, 0.45414594
0.33365968, 0.00405461
-0.0180838, -0.09230945, 0.06656583
-0.96758932, 0.10611286, -0.22901089
0.94134599, 0.51900163
-0.0180838, -0.1161183, 0.08037261
-0.62562943, -0.6342662, 0.45414594
0.72827291, 0.68512535
-0.01808382, -0.11362279, 0.06504954
-0.729545, -0.68315685, -0.03131199
0.7282728, 0.71380758
0.00969807, -0.1161183, 0.08037261
0.62562943, -0.6342662, 0.45414594
0.80059016, 0.68512538
-0.00097612, -0.12176057, -0.00502928
0.3531602, -0.73622853, -0.57722712
0.26480138, 1.0
-0.00882319, -0.1161183, 0.08301806
-0.10342723, -0.70128483, 0.70528275
0.70415574, 0.65493068
-0.00740957, -0.12176057, -0.00502928
-0.3531602, -0.73622853, -0.57722712
0.55623907, 1.49e-06
0.00969807, -0.1161183, 0.08037261
0.62562943, -0.6342662, 0.45414594
0.04153311, 0.99597248
-0.00740957, -0.12176057, -0.00502928
-0.3531602, -0.73622853, -0.57722712
0.85228217, 0.02056295
-0.00740957, -0.12176057, -0.00502928
-0.3531602, -0.73622853, -0.57722712
0.75605828, 0.84598465
-0.00097612, -0.12176057, -0.00502928
0.3531602, -0.73622853, -0.57722712
0.7728048, 0.84598465
0.01521347, 0.21232282, -0.01779801
0.70183414, 0.62883389, 0.33457443
0.84731019, 0.68238571
0.01521344, 0.20698382, -0.01779801
0.70183414, -0.62883389, 0.33457443
0.96751547, 0.72351095
0.0039528, 0.20698382, -0.01476549
-0.23569445, -0.58568072, 0.77550584
0.92528081, 0.43831509
0.00015254, 0.21232288, -0.02075192
-0.80254525, 0.58803064, -0.10031434
0.96182531, 0.8600781
0.0039528, 0.21232288, -0.01476554
-0.23569445, 0.58568072, 0.77547532
0.9800458, 0.86218417
0.01157811, 0.21232282, -0.01457958
0.13040559, 0.60478532, 0.78560746
0.99356234, 0.85167538
0.01521347, 0.21232282, -0.01779801
0.70183414, 0.62883389, 0.33457443
0.99356234, 0.84254479
0.00742328, 0.21232282, -0.02761359
-0.22620319, 0.61882383, -0.75222021
0.96099758, 0.84128758
0.01286052, 0.20698382, -0.02666784
0.39451277, -0.63505965, -0.66405225
0.79930788, 0.67978969
# Number of Faces:
480
# Face Data:
0, 1, 2
3, 4, 5
6, 7, 8
9, 10, 11
8, 12, 6
13, 14, 15
16, 17, 18
19, 20, 21
22, 23, 24
16, 6, 23
25, 26, 27
28, 29, 30
31, 32, 33
34, 35, 36
37, 38, 34
39, 40, 41
42, 43, 37
44, 40, 45
46, 47, 42
48, 49, 50
51, 52, 53
54, 55, 44
56, 57, 58
59, 60, 61
62, 63, 64
65, 66, 54
67, 68, 69
70, 12, 71
72, 73, 74
75, 76, 77
78, 24, 23
12, 23, 6
74, 79, 80
81, 2, 82
83, 84, 2
85, 86, 87
88, 89, 90
91, 92, 78
93, 94, 83
90, 95, 73
95, 79, 73
96, 78, 12
81, 93, 83
97, 98, 99
100, 101, 102
103, 104, 94
105, 106, 107
106, 108, 109
109, 104, 110
111, 112, 113
114, 115, 116
117, 118, 119
116, 120, 88
121, 122, 123
124, 125, 126
127, 128, 129
130, 131, 132
133, 134, 135
136, 137, 138
139, 140, 141
142, 143, 144
145, 146, 142
147, 148, 139
135, 149, 150
138, 151, 152
77, 153, 154
155, 156, 157
158, 159, 160
161, 162, 163
164, 165, 166
167, 168, 169
170, 171, 172
173, 174, 175
176, 177, 173
178, 179, 180
178, 181, 182
183, 184, 185
186, 187, 188
189, 190, 184
191, 171, 192
193, 194, 195
196, 2, 84
197, 198, 199
18, 200, 201
202, 203, 204
205, 206, 203
207, 208, 209
210, 211, 212
213, 214, 215
216, 217, 218
218, 219, 213
220, 221, 222
223, 224, 225
226, 227, 228
27, 229, 223
5, 230, 226
231, 232, 233
234, 235, 236
237, 238, 239
240, 241, 242
243, 244, 245
246, 234, 236
247, 248, 249
250, 251, 252
253, 254, 255
256, 257, 258
259, 260, 261
238, 262, 263
264, 265, 241
240, 266, 267
231, 68, 268
269, 270, 271
272, 273, 274
271, 275, 196
276, 277, 272
278, 279, 222
270, 280, 275
281, 282, 283
284, 285, 286
284, 287, 9
288, 289, 290
277, 291, 273
292, 293, 294
295, 296, 297
298, 299, 300
301, 302, 303
278, 304, 305
306, 307, 308
309, 310, 311
279, 312, 313
278, 314, 279
305, 315, 314
316, 317, 315
305, 318, 316
314, 319, 312
320, 321, 322
289, 323, 324
316, 325, 326
327, 328, 329
315, 330, 319
307, 331, 332
330, 333, 334
326, 333, 317
325, 335, 326
294, 336, 292
337, 338, 339
340, 297, 341
335, 342, 333
298, 331, 307
343, 344, 341
345, 335, 346
347, 285, 348
333, 349, 334
350, 351, 352
337, 353, 351
354, 355, 356
357, 358, 359
360, 361, 362
363, 364, 365
366, 367, 368
369, 370, 354
362, 371, 372
20, 373, 374
375, 358, 376
375, 377, 378
275, 280, 379
379, 212, 380
381, 0, 2
379, 380, 275
2, 275, 381
1, 82, 2
380, 381, 275
3, 382, 4
6, 383, 7
9, 287, 10
8, 71, 12
13, 384, 14
385, 7, 383
16, 22, 386
385, 383, 18
386, 17, 16
18, 383, 16
387, 276, 272
272, 19, 388
389, 74, 390
390, 21, 389
74, 80, 390
387, 272, 388
388, 391, 387
21, 20, 389
20, 19, 272
22, 16, 23
16, 383, 6
25, 392, 26
28, 393, 29
31, 394, 32
34, 38, 35
37, 43, 38
39, 45, 40
42, 47, 43
44, 55, 40
46, 395, 47
396, 397, 50
48, 398, 399
396, 50, 49
399, 49, 48
398, 400, 399
401, 402, 53
51, 403, 404
401, 53, 405
52, 405, 53
51, 404, 52
54, 66, 55
56, 406, 57
407, 408, 409
409, 410, 407
411, 59, 61
412, 413, 60
61, 407, 411
412, 60, 59
410, 411, 407
414, 415, 416
414, 416, 417
63, 416, 64
418, 62, 419
419, 420, 418
416, 63, 417
62, 64, 419
65, 421, 66
67, 422, 68
70, 96, 12
72, 90, 73
75, 423, 76
78, 92, 24
12, 78, 23
74, 73, 79
81, 83, 2
83, 94, 84
87, 424, 425
100, 102, 425
425, 85, 87
86, 426, 87
424, 100, 425
88, 120, 89
91, 427, 92
93, 103, 94
90, 89, 95
95, 428, 79
96, 91, 78
81, 429, 93
97, 430, 98
100, 431, 101
103, 110, 104
105, 432, 106
106, 432, 108
109, 108, 104
430, 97, 433
433, 113, 112
111, 434, 112
112, 435, 433
430, 433, 435
114, 121, 115
119, 101, 431
431, 436, 119
117, 437, 438
438, 118, 117
119, 436, 117
116, 115, 120
121, 114, 122
124, 439, 125
129, 440, 441
441, 442, 443
443, 127, 129
128, 444, 129
129, 441, 443
445, 446, 132
132, 447, 130
130, 448, 131
131, 449, 445
445, 132, 131
133, 450, 134
136, 451, 137
139, 148, 140
142, 146, 143
145, 452, 146
147, 453, 148
135, 134, 149
138, 137, 151
11, 10, 154
77, 76, 153
154, 10, 77
155, 454, 156
158, 455, 159
161, 456, 162
164, 457, 165
167, 458, 168
170, 459, 171
173, 177, 174
176, 460, 177
178, 182, 179
178, 461, 181
183, 189, 184
188, 462, 463
463, 464, 186
186, 465, 187
187, 466, 188
188, 463, 186
189, 467, 190
191, 172, 171
195, 468, 469
470, 471, 469
469, 193, 195
194, 472, 195
468, 470, 469
196, 275, 2
473, 474, 199
475, 197, 199
198, 476, 199
199, 474, 475
476, 477, 199
478, 201, 200
18, 17, 200
201, 385, 18
200, 479, 478
17, 386, 200
202, 205, 203
205, 480, 206
276, 387, 481
391, 388, 207
207, 482, 208
483, 484, 208
484, 485, 208
391, 207, 209
481, 387, 391
483, 208, 482
209, 481, 391
212, 379, 486
379, 280, 486
211, 380, 212
487, 488, 489
490, 491, 489
489, 491, 487
488, 211, 489
212, 486, 210
210, 489, 211
213, 219, 214
216, 492, 217
218, 217, 219
220, 493, 221
223, 229, 224
226, 230, 227
27, 26, 229
5, 4, 230
231, 268, 232
234, 248, 235
237, 494, 238
240, 264, 241
245, 495, 496
497, 498, 499
498, 500, 499
245, 496, 243
497, 499, 501
501, 245, 244
244, 497, 501
246, 502, 234
247, 235, 248
250, 503, 251
253, 504, 254
505, 506, 507
506, 508, 507
509, 510, 511
511, 510, 257
258, 505, 507
256, 511, 257
258, 507, 256
259, 512, 260
238, 494, 262
264, 513, 265
240, 242, 266
231, 69, 68
269, 514, 270
272, 277, 273
271, 270, 275
276, 515, 277
220, 222, 279
516, 278, 222
279, 313, 220
270, 517, 280
518, 519, 283
281, 520, 282
518, 283, 282
284, 348, 285
284, 286, 287
288, 521, 289
277, 522, 291
292, 523, 293
291, 522, 295
295, 524, 296
296, 341, 297
297, 291, 295
514, 269, 300
298, 307, 299
299, 525, 300
300, 269, 298
301, 526, 302
278, 516, 304
527, 517, 514
514, 300, 528
517, 270, 514
308, 529, 530
528, 527, 514
300, 531, 528
306, 525, 299
528, 531, 529
306, 299, 307
529, 531, 530
530, 306, 308
277, 515, 522
532, 309, 533
515, 534, 522
533, 295, 532
522, 534, 532
341, 296, 535
296, 524, 535
295, 522, 532
341, 535, 310
311, 533, 309
310, 535, 311
279, 314, 312
278, 305, 314
305, 316, 315
316, 326, 317
305, 304, 318
314, 315, 319
320, 536, 321
289, 521, 323
316, 318, 325
327, 537, 328
315, 317, 330
538, 539, 308
308, 307, 538
332, 538, 307
330, 317, 333
326, 335, 333
325, 346, 335
294, 540, 336
339, 541, 542
542, 337, 339
543, 338, 337
340, 544, 297
335, 545, 342
298, 546, 331
310, 547, 343
344, 340, 341
310, 343, 341
345, 545, 335
347, 548, 285
333, 342, 349
352, 549, 550
550, 350, 352
351, 353, 352
337, 542, 353
354, 370, 355
357, 551, 358
360, 552, 361
363, 553, 364
554, 555, 368
368, 556, 557
557, 366, 368
367, 558, 368
554, 368, 558
369, 559, 370
362, 361, 371
374, 72, 74
74, 389, 374
20, 272, 274
274, 373, 20
374, 389, 20
375, 359, 358
375, 376, 377
