# Project Zomboid Skinned Mesh
# File Version:
1.0
# Model Name:
pCube6
# Vertex Stride Element Count:
3
# Vertex Stride Size (in bytes):
76
# Vertex Stride Data:
# (Int)    Offset
# (String) Type
0
VertexArray
12
NormalArray
24
TextureCoordArray
# Vertex Count:
114
# Vertex Buffer:
0.00762048, 0.01975165, 0.05878684
0.61824399, 0.09817804, 0.77980894
0.17077599, 0.973642
-0.00669609, 0.01975165, 0.05878684
-0.61824399, 0.09817804, 0.77980894
0.17077599, 0.973642
-0.00669609, -0.00533915, 0.0498317
-0.5975219, -0.6553545, 0.46195868
0.0428, 0.927966
-0.00669609, -0.00533915, 0.04172304
-0.65465254, -0.73162025, -0.18997772
0.0428, 0.886607
-0.00669609, 0.02633038, 0.04685333
-0.77135533, 0.61400187, 0.16733299
0.20433199, 0.912775
-0.0066961, 0.01679187, 0.00198551
-0.82522047, -0.56443983, -0.02002014
0.15568, 0.683925
0.00762047, 0.01679187, 0.00198551
0.82522047, -0.56443983, -0.02002014
0.15568, 0.683925
0.00762048, 0.02633038, 0.04685333
0.77135533, 0.61400187, 0.16733299
0.20433199, 0.912775
0.00762048, -0.00533915, 0.04172304
0.65465254, -0.73162025, -0.18997772
0.0428, 0.886607
0.00762048, 0.02633037, 0.05435003
0.61513108, 0.69609666, 0.370159
0.20433199, 0.951012
-0.00669609, 0.02633037, 0.05435003
-0.61513108, 0.69609666, 0.370159
0.20433199, 0.951012
0.00762048, -0.00533915, 0.0498317
0.5975219, -0.6553545, 0.46195868
0.0428, 0.927966
-0.0066961, 0.05855898, -0.00787756
-0.83748895, 0.27115697, 0.47437972
0.36871499, 0.63361701
0.00762047, 0.05855898, -0.00787757
0.83748895, 0.27115697, 0.47437972
0.36871499, 0.63361701
0.00762047, 0.01207308, -0.00811209
0.82778406, -0.34003723, 0.44618061
0.131612, 0.63242099
-0.0066961, 0.01207308, -0.00811209
-0.82778406, -0.34003723, 0.44618061
0.131612, 0.63242099
-0.00669611, 0.09175864, -0.01843413
-0.70766318, 0.70653403, 0.0
0.53805101, 0.57977301
-0.00669611, -0.00248533, -0.01866867
-0.64790797, -0.7412641, 0.17520677
0.057356, 0.57857701
0.00762047, 0.09175864, -0.00787753
0.57734919, 0.57734919, 0.57734919
0.53805101, 0.633618
0.00762047, 0.09175864, -0.01843413
0.70766318, 0.70653403, 0.0
0.53805101, 0.57977301
0.00762047, -0.00248533, -0.01866867
0.64790797, -0.7412641, 0.17520677
0.057356, 0.57857701
-0.0066961, -0.00049642, -0.010254
-0.60139775, -0.54676962, 0.58250678
0.0675, 0.62149599
0.00762047, -0.00049642, -0.010254
0.60139775, -0.54676962, 0.58250678
0.0675, 0.62149599
-0.0066961, 0.09175864, -0.00787753
-0.57734919, 0.57734919, 0.57734919
0.53805101, 0.633618
-0.00902437, 0.09535772, -0.01758602
-0.57734919, 0.57734919, 0.57734919
0.463507, 0.104954
-0.00902438, 0.09535772, -0.03408616
-0.57734919, 0.57734919, -0.57734919
0.463507, 0.03355497
-0.00902438, -0.00480791, -0.03408617
-0.57734919, -0.57734919, -0.57734919
0.030069, 0.03355497
0.00971011, 0.09535772, -0.03408616
0.57734919, 0.57734919, -0.57734919
0.463507, 0.03355497
0.00971011, -0.00480791, -0.03408617
0.57734919, -0.57734919, -0.57734919
0.030069, 0.03355497
0.00971011, 0.09535772, -0.01758602
0.57734919, 0.57734919, 0.57731867
0.463507, 0.104954
0.00971011, -0.00480791, -0.01758603
0.57734919, -0.57734919, 0.57734919
0.030069, 0.104954
-0.00902437, -0.00480791, -0.01758603
-0.57734919, -0.57734919, 0.57734919
0.030069, 0.104954
0.0082933, 0.19528119, -0.01883384
0.57734919, 0.57734919, 0.57734919
0.93661702, 0.56129199
0.0082933, 0.19528119, -0.03283833
0.57734919, 0.57734919, -0.57734919
0.93661702, 0.408032
-0.00760757, 0.19528119, -0.03283832
-0.57734919, 0.57734919, -0.57734919
0.78334898, 0.408032
0.00715149, 0.09535772, -0.01983949
0.30149236, 0.90450758, 0.30149236
0.463507, 0.09520298
0.00715149, 0.09535772, -0.0318327
0.30149236, 0.90450758, -0.30149236
0.463507, 0.04330599
-0.00646576, 0.09535772, -0.0318327
-0.30149236, 0.90450758, -0.30149236
0.463507, 0.04330599
-0.00646576, 0.09535772, -0.01983949
-0.30149236, 0.90450758, 0.30149236
0.463507, 0.09520298
0.00715149, 0.17841098, -0.01983949
0.30149236, -0.90450758, 0.30149236
0.822896, 0.09520298
-0.00646576, 0.17841098, -0.01983948
-0.30149236, -0.90450758, 0.30149236
0.822896, 0.09520298
0.00715149, 0.17841098, -0.0318327
0.30149236, -0.90450758, -0.30152288
0.822896, 0.04330599
-0.00646576, 0.17841098, -0.03183269
-0.30149236, -0.90450758, -0.30149236
0.822896, 0.04330599
0.0082933, 0.17841098, -0.01883384
0.57734919, -0.57734919, 0.57734919
0.822896, 0.09955502
-0.00760757, 0.17841098, -0.01883384
-0.57734919, -0.57734919, 0.57734919
0.822896, 0.09955502
0.0082933, 0.17841098, -0.03283833
0.57731867, -0.57731867, -0.57734919
0.822896, 0.03895402
-0.00760757, 0.17841098, -0.03283832
-0.57734919, -0.57734919, -0.57734919
0.822896, 0.03895402
0.0082933, 0.19528119, -0.01883384
0.57734919, 0.57734919, 0.57734919
0.89589697, 0.09955502
-0.00760757, 0.19528119, -0.01883383
-0.57734919, 0.57734919, 0.57734919
0.89589697, 0.09955502
0.0082933, 0.19528119, -0.03283833
0.57734919, 0.57734919, -0.57734919
0.89589697, 0.03895402
-0.00760757, 0.19528119, -0.03283832
-0.57734919, 0.57734919, -0.57734919
0.89589697, 0.03895402
-0.00542122, 0.01055625, -0.03360831
-0.70708334, -0.70708334, 0.0
0.59984797, 0.37308002
-0.00542122, 0.01998262, -0.03919196
-0.66270941, 0.15732291, -0.73213905
0.72593898, 0.37308002
-0.00542122, 0.01055626, -0.03919196
-0.57734919, -0.57734919, -0.57734919
0.59984797, 0.37308002
0.00627615, 0.01998262, -0.03919196
0.66270941, 0.15732291, -0.73213905
0.72593898, 0.21661103
0.00627615, 0.01055626, -0.03919196
0.57734919, -0.57734919, -0.57734919
0.59984797, 0.21661103
0.00627616, 0.01055625, -0.03360831
0.70708334, -0.70708334, 0.0
0.59984797, 0.21661103
0.00627616, 0.03215313, -0.03360831
0.70708334, 0.70708334, 0.0
0.88873702, 0.21661103
0.00627615, 0.03215313, -0.03783334
0.57734919, 0.57734919, -0.57734919
0.88873702, 0.21661103
-0.00542122, 0.03215313, -0.03783334
-0.57734919, 0.57734919, -0.57734919
0.88873702, 0.37308002
0.00627615, 0.02299789, -0.03783335
0.75759149, 0.13711967, -0.63814205
0.76627302, 0.21661103
-0.00542122, 0.02299789, -0.03783334
-0.75759149, 0.13711967, -0.63814205
0.76627302, 0.37308002
-0.00542122, 0.03215313, -0.0336083
-0.70708334, 0.70708334, 0.0
0.88873702, 0.37308002
-0.0024002, 0.04466798, 0.01520505
-0.45582446, 0.22791223, 0.86037779
0.27439699, 0.935208
-0.0024002, 0.0531276, 0.01296385
-0.75951415, 0.02575762, 0.64995271
0.346342, 0.916147
-0.0024002, 0.0553688, 0.00674543
-0.83541369, 0.46507156, -0.29279459
0.365403, 0.863262
0.00322218, 0.0553688, 0.00674543
0.83541369, 0.46507156, -0.29279459
0.365403, 0.863262
0.00322218, 0.05486931, -0.00314676
0.33460495, 0.9411298, -0.04751732
0.361155, 0.77913301
0.00322218, 0.0531276, 0.01296385
0.75951415, 0.02575762, 0.64995271
0.346342, 0.916147
0.00322218, 0.04466798, 0.01520505
0.45582446, 0.22791223, 0.86037779
0.27439699, 0.935208
0.00322218, 0.06707209, 0.01549713
0.63490707, 0.14221625, 0.75936157
0.464935, 0.937692
-0.0024002, 0.06707209, 0.01549713
-0.63490707, 0.14221625, 0.75936157
0.464935, 0.937692
0.00322218, 0.06692763, 0.01302239
0.83901489, -0.01501511, -0.54387033
0.46370599, 0.916645
-0.0024002, 0.06692763, 0.01302239
-0.83901489, -0.01501511, -0.54387033
0.46370599, 0.916645
0.00322218, 0.078486, 0.00849918
0.61647391, 0.67488635, 0.40549943
0.562006, 0.878177
-0.0024002, 0.078486, 0.00849918
-0.61647391, 0.67488635, 0.40549943
0.562006, 0.878177
0.00322218, 0.0763801, 0.00719138
0.83065277, -0.48185673, -0.27893919
0.54409599, 0.867055
-0.0024002, 0.0763801, 0.00719139
-0.83065277, -0.48185673, -0.27893919
0.54409599, 0.867055
0.00322218, 0.07913075, -0.00200871
0.80010378, 0.54307687, 0.25464645
0.56748903, 0.788812
0.00322218, 0.07666275, -0.00177601
0.81032747, -0.54316843, 0.21982482
0.54650003, 0.790791
-0.0024002, 0.07666275, -0.00177601
-0.81032747, -0.54316843, 0.21982482
0.54650003, 0.790791
-0.0024002, 0.07913075, -0.00200871
-0.80010378, 0.54307687, 0.25464645
0.56748903, 0.788812
0.00322217, 0.0867335, -0.00916386
0.43287453, 0.61778617, 0.65645313
0.63214701, 0.72795999
0.00322218, 0.06906001, -0.00915004
0.4405652, -0.62498856, 0.64439833
0.481841, 0.72807801
-0.0024002, 0.06906001, -0.00915004
-0.4405652, -0.62498856, 0.64439833
0.481841, 0.72807801
-0.0024002, 0.0867335, -0.00916386
-0.43287453, 0.61778617, 0.65645313
0.63214701, 0.72795999
-0.00219434, 0.19278076, -0.03161431
-0.73958558, 0.6533097, -0.16171758
0.51229799, 0.33805001
-0.00096358, 0.19278078, -0.03724274
-0.63603628, 0.72573018, -0.26221502
0.51229799, 0.31563997
-0.00096358, 0.18427777, -0.03724274
-0.86812949, -0.33109531, -0.36973175
0.35746801, 0.31563997
0.00068031, 0.18427777, -0.03724274
0.86812949, -0.33109531, -0.36973175
0.35746801, 0.28570598
0.00068031, 0.19278078, -0.03724274
0.63603628, 0.72573018, -0.26221502
0.51229799, 0.28570598
0.00191107, 0.19278076, -0.03161431
0.73958558, 0.6533097, -0.16171758
0.51229799, 0.26329499
0.00191107, 0.16696356, -0.03161431
0.19614246, -0.29050568, -0.93652147
0.042196, 0.26329499
-0.00219434, 0.16696356, -0.03161431
-0.19614246, -0.29050568, -0.93652147
0.042196, 0.33805001
-0.00014163, 0.19100326, -0.04141602
0.0, 0.34391308, -0.93899351
0.47993201, 0.30067301
-0.00014163, 0.18250026, -0.04141602
0.0, -0.72469252, -0.68904692
0.325102, 0.30067301
-0.00676514, 0.02796577, -0.01179159
-1.0, 0.0, 0.0
0.836474, 0.65322199
-0.00676514, 3.103e-05, 0.03672698
-1.0, 0.0, 0.0
0.71150303, 0.870279
-0.00676513, 0.02364374, 0.04522872
-1.0, 0.0, 0.0
0.81713903, 0.908314
-0.00676513, -0.00410488, 0.04356185
-1.0, 0.0, 0.0
0.69300002, 0.900856
-0.00676513, -0.00251688, 0.04940641
-1.0, 0.0, 0.0
0.700104, 0.927003
-0.00676513, 0.01845872, 0.05695866
-1.0, 0.0, 0.0
0.79394299, 0.96079
0.00772502, 0.02796577, -0.01179159
1.0, 0.0, 0.0
0.836474, 0.65322199
0.00772502, 0.05542783, -0.01127846
1.0, 0.0, 0.0
0.95933098, 0.65551701
0.00772503, 0.02364374, 0.04522872
1.0, 0.0, 0.0
0.81713903, 0.908314
0.00772503, 0.02457974, 0.05388973
0.99996948, 0.0, 0.0
0.82132602, 0.94706
0.00772503, -0.00410488, 0.04356185
1.0, 0.0, 0.0
0.69300002, 0.900856
0.00772503, 0.01845872, 0.05695866
1.0, 0.0, 0.0
0.79394299, 0.96079
0.00772503, -0.00251688, 0.0494064
1.0, 0.0, 0.0
0.700104, 0.927003
-0.00760757, 0.19528119, -0.01883383
-0.57734919, 0.57734919, 0.57734919
0.78334898, 0.56129199
-0.0024002, 0.05486931, -0.00314676
-0.33460495, 0.9411298, -0.04751732
0.361155, 0.77913301
-0.00676514, 0.05542783, -0.01127846
-1.0, 0.0, 0.0
0.95933098, 0.65551701
-0.00676513, 0.02457974, 0.05388974
-1.0, 0.0, 0.0
0.82132602, 0.94706
0.00772503, 3.103e-05, 0.03672698
1.0, 0.0, 0.0
0.71150303, 0.870279
# Number of Faces:
170
# Face Data:
0, 1, 2
3, 4, 5
6, 7, 8
8, 3, 5
8, 7, 9
4, 10, 9
4, 3, 10
0, 11, 8
9, 10, 1
3, 2, 1
11, 2, 3
5, 4, 12
7, 13, 12
6, 14, 13
6, 5, 15
12, 16, 17
18, 19, 16
13, 14, 20
21, 17, 20
15, 21, 22
15, 17, 21
20, 14, 22
13, 18, 23
13, 19, 18
16, 12, 23
24, 25, 26
25, 27, 28
27, 29, 30
29, 24, 31
32, 33, 34
31, 26, 28
24, 29, 35
27, 36, 35
25, 37, 36
25, 24, 38
35, 39, 40
36, 41, 39
37, 42, 41
37, 38, 40
39, 43, 44
39, 41, 45
41, 42, 46
40, 44, 46
43, 47, 48
45, 49, 47
46, 50, 49
44, 48, 50
51, 52, 53
52, 54, 55
55, 54, 56
57, 58, 59
51, 53, 55
56, 54, 60
52, 61, 60
52, 51, 61
60, 58, 57
61, 59, 58
61, 51, 62
63, 64, 65
65, 66, 67
66, 68, 69
68, 64, 63
68, 70, 71
68, 66, 72
66, 65, 73
64, 71, 73
70, 74, 75
72, 76, 74
72, 73, 77
73, 71, 75
75, 74, 78
76, 79, 78
77, 80, 79
77, 75, 81
81, 78, 82
78, 79, 83
80, 84, 83
81, 85, 84
86, 87, 88
89, 90, 91
91, 90, 87
92, 93, 88
88, 87, 94
87, 90, 94
89, 95, 94
89, 88, 95
96, 97, 98
98, 97, 99
99, 100, 101
102, 103, 104
104, 105, 106
107, 108, 106
11, 0, 2
6, 8, 5
7, 4, 9
9, 0, 8
0, 9, 1
10, 3, 1
8, 11, 3
15, 5, 12
4, 7, 12
7, 6, 13
14, 6, 15
15, 12, 17
23, 18, 16
19, 13, 20
22, 21, 20
14, 15, 22
12, 13, 23
31, 24, 26
26, 25, 28
28, 27, 30
30, 29, 31
109, 32, 34
30, 31, 28
38, 24, 35
29, 27, 35
27, 25, 36
37, 25, 38
38, 35, 40
35, 36, 39
36, 37, 41
42, 37, 40
40, 39, 44
43, 39, 45
45, 41, 46
42, 40, 46
44, 43, 48
43, 45, 47
45, 46, 49
46, 44, 50
53, 52, 55
62, 57, 59
56, 51, 55
54, 52, 60
56, 60, 57
60, 61, 58
59, 61, 62
110, 63, 65
110, 65, 67
67, 66, 69
69, 68, 63
64, 68, 71
70, 68, 72
72, 66, 73
65, 64, 73
71, 70, 75
70, 72, 74
76, 72, 77
77, 73, 75
81, 75, 78
74, 76, 78
76, 77, 79
80, 77, 81
85, 81, 82
82, 78, 83
79, 80, 83
80, 81, 84
93, 86, 88
92, 89, 91
86, 91, 87
89, 92, 88
95, 88, 94
90, 89, 94
111, 96, 98
112, 98, 99
112, 99, 101
113, 102, 104
113, 104, 106
105, 107, 106
