# Project Zomboid Skinned Mesh
# File Version:
1.0
# Model Name:
Cube
# Vertex Stride Element Count:
3
# Vertex Stride Size (in bytes):
76
# Vertex Stride Data:
# (Int)    Offset
# (String) Type
0
VertexArray
12
NormalArray
24
TextureCoordArray
# Vertex Count:
378
# Vertex Buffer:
-0.00978526, 0.08868441, -0.01195175
-0.67448956, 0.11197241, 0.72969759
0.29925689, 0.36092705
0.00950755, 0.05226795, -0.01195174
0.57387006, 0.66472363, 0.47831661
0.3789137, 0.50864115
0.00950754, 0.08868442, -0.01195175
0.67448956, 0.11197241, 0.72969759
0.37892479, 0.36093754
-0.01224654, 0.01014828, -0.04843666
-0.80361336, -0.55027926, -0.22656941
0.65960377, 0.18604022
0.01189308, 0.00151867, -0.03973365
0.6598407, -0.63878292, -0.39561144
0.6981613, 0.28410631
-0.01224654, 0.00151865, -0.03973365
-0.6598407, -0.63878292, -0.39561144
0.6981613, 0.18603784
-0.01146299, 0.18377921, -0.02972734
-0.66823328, 0.74391919, 0.00338755
0.67619854, 0.46606719
-0.00612553, 0.08047915, -0.04560037
-0.80669576, 0.45466477, 0.37748346
0.61022854, 0.88511998
-0.01146297, 0.07859422, -0.0295472
-0.98193306, 0.04760887, -0.18305002
0.67694229, 0.89326397
-0.01224656, 0.05395967, -0.02595764
-0.99478132, 0.0794702, 0.0638142
0.84445328, 0.23104978
-0.01136547, 0.05606943, -0.03572361
-0.85781425, 0.51390117, -0.00347911
0.84081513, 0.27137715
-0.01224655, 0.05746547, -0.04843668
-0.61836606, 0.56004518, -0.55131686
0.84445715, 0.32333201
0.01189307, 0.05746549, -0.04843668
0.62504959, 0.54817349, -0.55565047
0.29923579, 0.35829359
0.01189306, 0.05395968, -0.02595764
0.99502546, 0.06897183, 0.07153539
0.29923579, 0.45057583
0.01189306, 0.05055799, -0.01818867
0.91183203, 0.40293589, 0.07843257
0.29923052, 0.48334777
-0.01224656, 0.05395967, -0.02595764
-0.99478132, 0.0794702, 0.0638142
0.69182628, 0.9933838
-0.00978526, 0.05226794, -0.01818867
-0.8705405, 0.4608295, 0.17258216
0.72369987, 1.0
-0.00978526, 0.10852581, -0.01818868
-0.63542587, 0.09118931, 0.76671654
0.72369981, 0.77151501
0.01189305, 0.15119247, -0.02640016
0.99850458, 3.052e-05, 0.05410932
0.80896229, 0.59846091
0.00950753, 0.17802721, -0.01818869
0.50236517, 0.42085025, 0.75530261
0.77520174, 0.48923534
0.00950753, 0.1481896, -0.01818869
0.60042113, 0.0, 0.79967648
0.77520174, 0.61041927
-0.00862316, 0.07996506, -0.04434015
-0.73284096, 0.60615861, -0.3089999
0.61563575, 0.88744853
-0.0056403, 0.05881116, -0.04843668
-0.29081088, 0.15463729, -0.94418162
0.59847885, 0.97308034
-0.00862316, 0.05744029, -0.04428011
-0.68254644, 0.71080661, -0.16971344
0.61588365, 0.97893029
0.01131645, 0.07859422, -0.0295472
0.98760951, 0.04553362, -0.15002899
0.82199132, 0.89326463
0.01124153, 0.05606944, -0.03572361
0.89483321, 0.44630268, -0.00354015
0.84749806, 0.9847493
0.01124152, 0.07927965, -0.0358437
0.74129462, 0.66969818, -0.04412977
0.84799385, 0.89048242
0.01189306, 0.05395968, -0.02595764
0.99502546, 0.06897183, 0.07153539
0.80713522, 0.9933662
-0.01224657, 0.15119246, -0.02640016
-0.99960327, 0.0, 0.02804651
0.68999922, 0.59848452
0.00384654, 0.00151867, -0.03973365
0.62764364, -0.30329296, -0.71694082
0.01761804, 0.29646814
0.01189308, -0.00279147, -0.02706146
0.70354319, -0.67632067, -0.21811579
0.07115374, 0.32915747
0.00384654, -0.00279148, -0.02706146
0.09924619, -0.98178047, -0.1619007
0.0711543, 0.29646796
-0.00978527, 0.17802721, -0.01818869
-0.4990997, 0.42103335, 0.75734735
0.72369975, 0.48924273
-0.00978527, 0.14818957, -0.01818869
-0.5970031, 0.0, 0.80220956
0.72369981, 0.61042497
0.00950754, 0.10852582, -0.01818868
0.63878292, 0.09143345, 0.7639088
0.7752018, 0.77151157
0.00887127, 0.07996508, -0.04391731
0.73589283, 0.61561936, -0.28177741
0.881473, 0.88748494
0.00582711, 0.05881117, -0.04843668
0.30072939, 0.16147344, -0.93990904
0.90031755, 0.97311804
0.0058271, 0.08065051, -0.04843668
0.2120426, -0.17307046, -0.9617908
0.90031755, 0.88441869
0.00887127, 0.05744031, -0.04385727
0.70250559, 0.69298381, -0.16187018
0.88122511, 0.97896805
-0.01136547, 0.05606943, -0.03572361
-0.85781425, 0.51390117, -0.00347911
0.65143442, 0.98474835
-0.01146297, 0.05469856, -0.02936708
-0.7340312, 0.67751092, 0.04660176
0.67768598, 0.99031321
-0.01136547, 0.07927965, -0.0358437
-0.74150825, 0.66853845, -0.05648976
0.65093857, 0.89048284
0.01131644, 0.18377921, -0.02972734
0.67561877, 0.73686939, 0.0225837
0.82273495, 0.46606159
0.00628455, 0.08047915, -0.04560037
0.79363382, 0.46119571, 0.3967101
0.88857883, 0.88515409
0.00628453, 0.18377921, -0.04561539
0.28699607, 0.93548387, 0.20609149
0.88864076, 0.46560633
-0.00612553, 0.08047915, -0.04560037
-0.80669576, 0.45466477, 0.37748346
0.28259242, 0.28861219
-0.00862316, 0.07996506, -0.04434015
-0.73284096, 0.60615861, -0.3089999
0.27448791, 0.29682815
-0.01136547, 0.07927965, -0.0358437
-0.74150825, 0.66853845, -0.05648976
0.27477276, 0.33319873
-0.0042, -0.00279148, -0.02706146
-0.09924619, -0.98178047, -0.1619007
0.07115484, 0.26377851
0.01189308, -0.00549808, -0.01818867
0.8519547, -0.33732107, -0.40043336
0.1085404, 0.32915747
-0.01224654, 0.00151865, -0.03973365
-0.6598407, -0.63878292, -0.39561144
0.01761915, 0.23108912
-0.01224654, -0.00279149, -0.02706146
-0.70354319, -0.67632067, -0.21811579
0.07115541, 0.231089
-0.0042, -0.00689734, -0.04139558
-0.58940399, -0.74413282, -0.31431013
0.01343284, 0.263776
0.00384654, -0.00689734, -0.04139558
0.58940399, -0.74413282, -0.31431013
0.0134323, 0.29646552
-0.0042, -0.0045951, -0.04263092
-0.61833555, -0.01959288, -0.78563797
0.4104318, 0.18639493
0.00384654, -0.00689734, -0.04139558
0.58940399, -0.74413282, -0.31431013
0.44365957, 0.17669833
-0.0042, -0.00689734, -0.04139558
-0.58940399, -0.74413282, -0.31431013
0.4104321, 0.17669833
-0.0042, 0.00151866, -0.03973365
-0.62764364, -0.30329296, -0.71694082
0.37892482, 0.19213951
-0.0042, -0.00689734, -0.04139558
-0.58940399, -0.74413282, -0.31431013
0.4104318, 0.20805478
-0.0042, -0.00279148, -0.02706146
-0.09924619, -0.98178047, -0.1619007
0.4104318, 0.14748448
0.00384654, 0.00151867, -0.03973365
0.62764364, -0.30329296, -0.71694082
0.76099545, 0.172934
0.00384654, -0.00689734, -0.04139558
0.58940399, -0.74413282, -0.31431013
0.79250419, 0.15702266
0.00384654, -0.0045951, -0.04263092
0.61833555, -0.01959288, -0.78563797
0.78196383, 0.15477574
0.00384654, 0.00151867, -0.03973365
0.62764364, -0.30329296, -0.71694082
0.4436602, 0.21030009
-0.0042, 0.00151866, -0.03973365
-0.62764364, -0.30329296, -0.71694082
0.41043273, 0.21030003
-0.00978527, 0.14818957, -0.01818869
-0.5970031, 0.0, 0.80220956
0.29924783, 0.12102026
0.00950753, 0.1481896, -0.01818869
0.60042113, 0.0, 0.79967648
0.37891576, 0.12103057
0.00950753, 0.17802721, -0.01818869
0.50236517, 0.42085025, 0.75530261
0.37892482, 1.055e-05
-0.00978526, 0.10852581, -0.01818868
-0.63542587, 0.09118931, 0.76671654
0.29923579, 0.28189474
0.00950754, 0.10852582, -0.01818868
0.63878292, 0.09143345, 0.7639088
0.37890369, 0.28190517
-0.01224655, 0.05055798, -0.01818867
-0.90905482, 0.40891752, 0.07971434
0.84445715, 0.19827789
-0.00978526, 0.05226794, -0.01195174
-0.56788844, 0.6692099, 0.47917113
0.83428591, 0.17375028
-0.00978526, 0.05226794, -0.01818867
-0.8705405, 0.4608295, 0.17258216
0.83428931, 0.19896442
-0.01224654, -0.01299713, -0.01724274
-0.68474382, -0.16473891, -0.7098605
0.32840836, 0.67392972
-0.01224654, -0.02049618, -0.01466881
-0.54033023, -0.83697015, 0.08661153
0.29923579, 0.68852067
-0.01224654, -0.01315006, -0.0137504
-0.73168129, -0.15558337, 0.663625
0.32979658, 0.68806222
0.00950755, 0.05226795, -0.01195174
0.57387006, 0.66472363, 0.47831661
0.28938618, 0.5078764
0.01189306, 0.05055799, -0.01195174
0.86272776, 0.4867397, 0.13681448
0.29923287, 0.50856188
0.01189308, -0.01315006, -0.0137504
0.73168129, -0.15558337, 0.663625
0.21707058, 0.29913139
-0.01224655, -0.00753565, -0.01178829
-0.6807459, -0.15585802, 0.71572006
0.11739059, 0.27592492
-0.01224654, -0.01315006, -0.0137504
-0.73168129, -0.15558337, 0.663625
0.11738818, 0.29915082
0.01189308, -0.00753565, -0.01178829
0.6807459, -0.15585802, 0.71572006
0.05464404, 0.81580684
0.01189308, -0.01315006, -0.0137504
0.73168129, -0.15558337, 0.663625
0.0305607, 0.82052201
0.01189308, -0.01299713, -0.01724274
0.68474382, -0.16473891, -0.7098605
0.02917194, 0.83465582
0.01189308, -0.01299713, -0.01724274
0.68474382, -0.16473891, -0.7098605
0.72982544, 0.22580504
-0.01224654, -0.02049618, -0.01466881
-0.54033023, -0.83697015, 0.08661153
0.6981613, 0.32387298
-0.01224654, -0.01299713, -0.01724274
-0.68474382, -0.16473891, -0.7098605
0.7298255, 0.32387358
-0.01224655, -0.00549809, -0.01159903
-0.76161993, -0.18247017, 0.62175357
0.11738922, 0.26761681
0.01189308, -0.00753565, -0.01178829
0.6807459, -0.15585802, 0.71572006
0.21707299, 0.27590543
0.01189308, -0.00549808, -0.01159903
0.76161993, -0.18247017, 0.62175357
0.21707164, 0.26759738
0.01189308, -0.02049617, -0.01466881
0.54033023, -0.83697015, 0.08661153
0.21707448, 0.32913947
-0.01224654, -0.02049618, -0.01466881
-0.54033023, -0.83697015, 0.08661153
0.11739208, 0.32915896
0.01189308, -0.00549808, -0.01818867
0.8519547, -0.33732107, -0.40043336
0.76099545, 0.22580516
-0.01224655, -0.00549809, -0.01818867
-0.8519547, -0.33732107, -0.40043336
0.76099545, 0.3238737
-0.01224655, 0.05055798, -0.01195174
-0.85882139, 0.49305704, 0.13882869
0.59127527, 0.65928647
-0.00978525, 0.0486034, -0.00385735
-0.52531511, 0.79293191, 0.30860317
0.58816463, 0.69271708
-0.00978526, 0.05226794, -0.01195174
-0.56788844, 0.6692099, 0.47917113
0.59847885, 0.65809041
0.01189307, 0.02872914, 0.0654904
0.72167116, 0.14242989, 0.67738885
0.24746001, 0.52548951
0.01189308, -0.00580842, 0.06484
0.70586258, -0.45170447, 0.54557937
0.10589468, 0.50856188
0.01189308, 0.01268047, 0.00709685
0.91586047, -0.40116581, -0.01504563
0.14817855, 0.75128472
0.01189307, 0.01421901, -0.04843666
0.90450758, 0.30149236, -0.30149236
0.12244329, 0.97552809
0.01189307, 0.00935579, -0.00723115
0.9436323, -0.25113681, 0.21549119
0.12632456, 0.80703497
0.01189308, 0.00151867, -0.03973365
0.6598407, -0.63878292, -0.39561144
0.07554285, 0.93333519
-0.00978526, 0.05226794, -0.01195174
-0.56788844, 0.6692099, 0.47917113
0.51881087, 0.18801403
0.00950755, 0.04860341, -0.00385735
0.53138828, 0.78960538, 0.30674154
0.59847474, 0.22220045
0.00950755, 0.05226795, -0.01195174
0.57387006, 0.66472363, 0.47831661
0.59847879, 0.18800753
0.01189306, 0.05055799, -0.01195174
0.86272776, 0.4867397, 0.13681448
0.29203779, 0.84933773
0.00950755, 0.04860341, -0.00385735
0.53138828, 0.78960538, 0.30674154
0.28892288, 0.81584574
0.01189307, 0.04389293, -0.00598888
0.9848628, 0.15109713, 0.08465835
0.26822954, 0.82158174
-0.01224655, 0.00935578, -0.00723115
-0.9436323, -0.25113681, 0.21549119
0.42556015, 0.70156136
-0.01224655, 0.05055798, -0.01818867
-0.90905482, 0.40891752, 0.07971434
0.58767951, 0.63420177
-0.01224654, 0.014219, -0.04843666
-0.90450758, 0.30149236, -0.30149236
0.42168507, 0.5330855
0.00384654, 0.0039, -0.00509961
0.25376141, -0.73442793, 0.62941372
0.18386194, 0.22798133
-0.00420001, 0.0039, -0.00509961
-0.25376141, -0.73442793, 0.62941372
0.15063448, 0.22798783
0.01189308, -0.00580842, 0.06484
0.70586258, -0.45170447, 0.54557937
0.59847879, 0.30623591
0.01189307, 0.02872914, 0.0654904
0.72167116, 0.14242989, 0.67738885
0.59847885, 0.44646931
-0.01224654, -0.00580843, 0.06484
-0.70586258, -0.45170447, 0.54557937
0.69816124, 0.30623978
-0.01224655, 0.01268046, 0.00709685
-0.91586047, -0.40116581, -0.01504563
0.4474121, 0.75730878
-0.01224655, 0.04389292, -0.00598888
-0.98400831, 0.15527818, 0.08700827
0.56746596, 0.68703616
-0.00978525, 0.0334396, 0.06549039
-0.40787989, 0.61616868, 0.67372662
0.51881087, 0.50864115
0.00950755, 0.03343961, 0.06549039
0.41294596, 0.61409342, 0.67253637
0.59847879, 0.50863466
0.00384654, 0.00722467, 0.00709685
0.31431013, -0.94888151, -0.02826014
0.41215393, 0.26900023
0.01189308, -0.00580842, 0.06484
0.70586258, -0.45170447, 0.54557937
0.37892669, 0.50694597
0.00384654, -0.01126422, 0.06484
0.23603015, -0.81350136, 0.53144932
0.41215584, 0.50864077
-0.01224655, 0.02872913, 0.0654904
-0.72154909, 0.14661092, 0.67662585
0.54668546, 0.98309412
-0.00978525, 0.0334396, 0.06549039
-0.40787989, 0.61616868, 0.67372662
0.5661552, 0.98020208
0.01189307, 0.00935579, -0.00723115
0.9436323, -0.25113681, 0.21549119
0.37892675, 0.21030009
0.00384654, 0.0039, -0.00509961
0.25376141, -0.73442793, 0.62941372
0.41215575, 0.22062904
-0.01224655, 0.00935578, -0.00723115
-0.9436323, -0.25113681, 0.21549119
0.47860917, 0.21030104
-0.0042, 0.00722467, 0.00709685
-0.31431013, -0.94888151, -0.02826014
0.44538143, 0.26900053
-0.01224655, 0.01268046, 0.00709685
-0.91586047, -0.40116581, -0.01504563
0.47860724, 0.26730633
-0.00420001, 0.0039, -0.00509961
-0.25376141, -0.73442793, 0.62941372
0.44538322, 0.22062933
-0.01224654, -0.00580843, 0.06484
-0.70586258, -0.45170447, 0.54557937
0.47860914, 0.50694692
-0.0042, -0.01126422, 0.06484
-0.23603015, -0.81350136, 0.53144932
0.44538331, 0.50864115
-0.00694111, 0.08659948, -0.01195175
-0.70708334, -0.70708334, 0.0
0.85402226, 0.36933523
0.00666339, 0.08659948, 0.01180796
0.90450758, -0.30149236, -0.30149236
0.79784369, 0.46557826
-0.00694111, 0.08659948, 0.01180796
-0.90450758, -0.30149236, -0.30149236
0.85402226, 0.4655779
-0.00694111, 0.08929218, 0.01433619
-0.57734919, 0.57734919, 0.57734919
0.81717396, 0.21759915
0.00666339, 0.08929219, -0.01195175
0.70708334, 0.70708334, 0.0
0.76099545, 0.32387042
-0.00694111, 0.08929218, -0.01195175
-0.70708334, 0.70708334, 0.0
0.81717396, 0.3238737
-0.00694108, 0.04512056, 0.01433619
-0.57734919, -0.57734919, 0.57734919
0.27325302, 0.32940364
0.00666339, 0.08929219, 0.01433619
0.57734919, 0.57734919, 0.57734919
0.21707454, 0.50855857
-0.00694111, 0.08929218, 0.01433619
-0.57734919, 0.57734919, 0.57734919
0.27325308, 0.50856188
-0.00694111, 0.08659948, 0.01180796
-0.90450758, -0.30149236, -0.30149236
0.20663646, 0.34009987
-0.00694108, 0.04512056, 0.01433619
-0.57734919, -0.57734919, 0.57734919
0.21707448, 0.50855699
-0.00694111, 0.08929218, 0.01433619
-0.57734919, 0.57734919, 0.57734919
0.21707448, 0.3291589
-0.00694111, 0.08659948, 0.01180796
-0.90450758, -0.30149236, -0.30149236
0.27325305, 0.16134596
0.00666341, 0.04512056, 0.01180797
0.57734919, -0.57734919, -0.57734919
0.21707453, 0.32940018
-0.00694108, 0.04512056, 0.01180797
-0.57734919, -0.57734919, -0.57734919
0.27325308, 0.32940036
-0.00978526, 0.08868441, -0.01195175
-0.67448956, 0.11197241, 0.72969759
0.74944967, 0.85208654
0.00666341, 0.04512056, 0.01433619
0.57734919, -0.57734919, 0.57734919
0.10854206, 0.32916111
0.00666341, 0.04512056, 0.01180797
0.57734919, -0.57734919, -0.57734919
0.09810311, 0.32915759
0.00666339, 0.08659948, 0.01180796
0.90450758, -0.30149236, -0.30149236
0.09810311, 0.49762207
-0.00694108, 0.04512056, 0.01180797
-0.57734919, -0.57734919, -0.57734919
0.01040951, 0.32915765
0.00666341, 0.04512056, 0.01433619
0.57734919, -0.57734919, 0.57734919
2e-08, 0.27388859
-0.00694108, 0.04512056, 0.01433619
-0.57734919, -0.57734919, 0.57734919
0.0, 0.32915759
0.00950754, 0.08868442, -0.01195175
0.67448956, 0.11197241, 0.72969759
0.74944967, 0.85208778
0.00950755, 0.05226795, -0.01818867
0.87405014, 0.45533615, 0.16925566
0.7752018, 1.0
0.01189304, 0.18234122, -0.02684268
0.75362408, 0.59819329, 0.2723777
0.6981613, 0.36058939
-0.01224658, 0.18234119, -0.02684268
-0.76409191, 0.59852898, 0.2405469
0.79784369, 0.36058933
-0.00978527, 0.17802721, -0.01818869
-0.4990997, 0.42103335, 0.75734735
0.78768837, 0.3238737
-0.00541743, 0.16430159, -0.03792909
0.77636033, 0.63023776, 0.0
0.81002188, 0.3238737
0.00392427, 0.16430159, -0.03405964
-0.54896694, 0.63023776, -0.54896694
0.81002194, 0.36492324
0.00552705, 0.16430159, -0.03792909
-0.77636033, 0.63023776, 0.0
0.82724446, 0.36498117
-0.00181785, 0.17241111, -0.04843669
-0.06494339, -0.10773034, -0.99203467
0.94338208, 0.95392146
0.00200462, 0.18155974, -0.05273422
0.66118354, -0.16339611, -0.73216957
0.95916539, 0.99227109
0.00200462, 0.17241111, -0.04843669
0.06704917, -0.10779138, -0.99188209
0.95916665, 0.95392152
0.00200462, 0.18313117, -0.05273422
0.58561969, 0.52870268, -0.61439866
0.95916539, 0.99863792
-0.00181785, 0.18155974, -0.05273422
-0.66118354, -0.16339611, -0.73216957
0.94338089, 0.99227115
-0.00181785, 0.18313117, -0.05273422
-0.58561969, 0.52870268, -0.61439866
0.94338083, 0.99863786
-0.00181785, 0.18377921, -0.04843669
-0.27167577, 0.89858699, -0.34449294
0.07658835, 0.1849187
-0.00181785, 0.18155974, -0.05273422
-0.66118354, -0.16339611, -0.73216957
0.05884556, 0.19394124
-0.00181785, 0.17241111, -0.04843669
-0.06494339, -0.10773034, -0.99203467
0.07658835, 0.23108894
0.00200462, 0.18377921, -0.04843669
0.27167577, 0.89858699, -0.34449294
0.29923576, 0.25968528
0.00200462, 0.18155974, -0.05273422
0.66118354, -0.16339611, -0.73216957
0.28149143, 0.25066501
0.00200462, 0.18313117, -0.05273422
0.58561969, 0.52870268, -0.61439866
0.2814914, 0.2570473
0.00200462, 0.18377921, -0.04843669
0.27167577, 0.89858699, -0.34449294
0.73899633, 0.44846445
-0.00181785, 0.18313117, -0.05273422
-0.58561969, 0.52870268, -0.61439866
0.75478345, 0.46557826
-0.00181785, 0.18377921, -0.04843669
-0.27167577, 0.89858699, -0.34449294
0.75478089, 0.44846445
-0.0042, 0.014219, -0.04979668
0.30149236, 0.90450758, -0.30149236
0.63181996, 0.26757205
-0.0042, 0.01014829, -0.05248687
0.57734919, -0.57734919, -0.57734919
0.64292771, 0.28410876
-0.0042, 0.014219, -0.05248688
0.57734919, 0.57734919, -0.57734919
0.64292771, 0.26757574
0.00384654, 0.014219, -0.04979668
-0.30149236, 0.90450758, -0.30149236
0.2824716, 0.21351427
-0.0042, 0.01014829, -0.04979668
0.30149236, -0.90450758, -0.30149236
0.29923576, 0.1808247
-0.0042, 0.014219, -0.04979668
0.30149236, 0.90450758, -0.30149236
0.2824716, 0.18082476
-0.01224654, 0.01014828, -0.05248687
-0.57734919, -0.57734919, -0.57734919
0.40270871, 0.51909664
-0.01224654, 0.01014828, -0.04843666
-0.80361336, -0.55027926, -0.22656941
0.40504375, 0.53538641
0.01189308, 0.01014829, -0.04843666
0.80361336, -0.55027926, -0.22656941
0.65960377, 0.28410876
0.00384654, 0.01014829, -0.04979668
-0.30149236, -0.90450758, -0.30149236
0.6540041, 0.25141925
0.01189307, 0.01421901, -0.05248688
0.57734919, 0.57734919, -0.57734919
0.71228033, 0.22580451
0.00384654, 0.01014829, -0.05248687
-0.57734919, -0.57734919, -0.57734919
0.72904456, 0.19311494
0.00384654, 0.014219, -0.05248688
-0.57734919, 0.57734919, -0.57734919
0.71228039, 0.193115
-0.0042, 0.014219, -0.05248688
0.57734919, 0.57734919, -0.57734919
0.80926841, 0.18490636
-0.01224654, 0.01014828, -0.05248687
-0.57734919, -0.57734919, -0.57734919
0.79250419, 0.21759588
-0.01224654, 0.014219, -0.05248688
-0.57734919, 0.57731867, -0.57734919
0.80926841, 0.21759582
-0.0042, 0.014219, -0.04979668
0.30149236, 0.90450758, -0.30149236
0.2881811, 0.29237539
-0.01224654, 0.014219, -0.04843666
-0.90450758, 0.30149236, -0.30149236
0.28259245, 0.25968623
0.01189307, 0.01421901, -0.04843666
0.90450758, 0.30149236, -0.30149236
0.28259242, 0.35775471
0.00384654, 0.014219, -0.04979668
-0.30149236, 0.90450758, -0.30149236
0.0, 0.27388859
0.00384654, 0.01014829, -0.05248687
-0.57734919, -0.57734919, -0.57734919
0.01110677, 0.25735062
0.00384654, 0.01014829, -0.04979668
-0.30149236, -0.90450758, -0.30149236
3e-08, 0.25735581
0.01189308, 0.01014829, -0.05248687
0.57734919, -0.57734919, -0.57734919
0.10346643, 0.98951577
0.01189307, 0.01421901, -0.05248688
0.57734919, 0.57734919, -0.57734919
0.12010762, 0.99181929
-0.00789038, 0.18377919, -0.04568297
-0.63792843, 0.57075715, 0.51695305
0.49035874, 0.08909947
-0.00740514, 0.08065046, -0.04850426
-0.51286358, -0.5648976, -0.64638203
0.47860917, 0.50790179
-0.00789036, 0.08047912, -0.04566795
-0.63307595, -0.58836633, 0.50297558
0.49035874, 0.50864115
0.00582711, 0.05881117, -0.04843668
0.30072939, 0.16147344, -0.93990904
0.97495121, 0.49366415
-0.00564031, 0.08065051, -0.04843668
-0.20273446, -0.1686758, -0.96456802
0.92759752, 0.58214745
0.0058271, 0.08065051, -0.04843668
0.2120426, -0.17307046, -0.9617908
0.97495121, 0.58214769
-0.00612553, 0.08047915, -0.04560037
-0.80669576, 0.45466477, 0.37748346
0.2753619, 0.27610368
-0.00740514, 0.08065046, -0.04850426
-0.51286358, -0.5648976, -0.64638203
0.28259242, 0.26533157
-0.00564031, 0.08065051, -0.04843668
-0.20273446, -0.1686758, -0.96456802
0.2753619, 0.2643944
-0.00789038, 0.18377919, -0.04568297
-0.63792843, 0.57075715, 0.51695305
0.49764681, 0.50862584
-0.00612553, 0.08047915, -0.04560037
-0.80669576, 0.45466477, 0.37748346
0.49035877, 0.08966398
-0.00612555, 0.18377921, -0.04561539
-0.28919339, 0.93591112, 0.20102543
0.4903588, 0.50864115
0.0080469, 0.18377919, -0.04565949
0.63206887, 0.57057405, 0.52430797
0.51880682, 0.50859991
0.00758947, 0.08065048, -0.04848078
0.5200659, -0.5648976, -0.64061403
0.50706816, 0.08978927
0.00758946, 0.18377919, -0.04848079
0.51887572, 0.58607745, -0.62227243
0.50713009, 0.50864115
0.00804692, 0.08047913, -0.04564446
0.6273995, -0.58818322, 0.51023895
0.49764681, 0.08965337
0.00628453, 0.18377921, -0.04561539
0.28699607, 0.93548387, 0.20609149
0.50492424, 0.50864115
0.00628455, 0.08047915, -0.04560037
0.79363382, 0.46119571, 0.3967101
0.50492418, 0.08966404
0.00758947, 0.08065048, -0.04848078
0.5200659, -0.5648976, -0.64061403
0.63181996, 0.25588125
0.00628455, 0.08047915, -0.04560037
0.79363382, 0.46119571, 0.3967101
0.63903379, 0.26661021
0.0058271, 0.08065051, -0.04843668
0.2120426, -0.17307046, -0.9617908
0.63903379, 0.25491947
0.00392426, 0.18376794, -0.04179855
-0.42136905, 0.8031556, 0.42109439
0.73106778, 0.42162383
0.00628453, 0.18377921, -0.04561539
0.28699607, 0.93548387, 0.20609149
0.72132212, 0.43705875
5.481e-05, 0.18376794, -0.04340133
0.0, 0.80336922, 0.59544665
0.74704671, 0.42810339
0.00628455, 0.08047915, -0.04560037
0.79363382, 0.46119571, 0.3967101
0.11738818, 0.3175928
0.01124152, 0.07927965, -0.0358437
0.74129462, 0.66969818, -0.04412977
0.10990869, 0.27348691
0.00887127, 0.07996508, -0.04391731
0.73589283, 0.61561936, -0.28177741
0.10930856, 0.30777568
5.481e-05, 0.18376794, -0.03245686
0.0, 0.80291146, -0.59608752
0.74704409, 0.38385803
-0.00381465, 0.18376794, -0.03405964
0.42069766, 0.80364388, -0.42085025
0.76302308, 0.39033765
-0.01146299, 0.18377921, -0.02972734
-0.66823328, 0.74391919, 0.00338755
0.79460514, 0.37282795
5.481e-05, 0.18376794, -0.03245686
0.0, 0.80291146, -0.59608752
0.61445695, 0.20523953
-0.00381465, 0.16430159, -0.03405964
0.54896694, 0.63023776, -0.54896694
0.63043594, 0.28363019
-0.00381465, 0.18376794, -0.03405964
0.42069766, 0.80364388, -0.42085025
0.630436, 0.20476097
5.481e-05, 0.16430159, -0.04340133
0.0, 0.63023776, 0.77636033
0.02940393, 0.23108894
0.00392426, 0.18376794, -0.04179855
-0.42136905, 0.8031556, 0.42109439
0.04538944, 0.15176427
5.481e-05, 0.18376794, -0.04340133
0.0, 0.80336922, 0.59544665
0.02940393, 0.1521343
-0.00381465, 0.18376794, -0.03405964
0.42069766, 0.80364388, -0.42085025
0.10854207, 0.23094231
-0.00541743, 0.16430159, -0.03792909
0.77636033, 0.63023776, 0.0
0.09246822, 0.15202743
-0.00541743, 0.18376794, -0.03792909
0.59581286, 0.80309457, 0.00057985
0.09246824, 0.23108894
0.00392427, 0.16430159, -0.04179855
-0.54896694, 0.63023776, 0.54896694
0.76099539, 0.14658046
0.00552705, 0.18376794, -0.03792909
-0.59584337, 0.80306405, 0.00054933
0.7451511, 0.22580451
0.00392426, 0.18376794, -0.04179855
-0.42136905, 0.8031556, 0.42109439
0.76099539, 0.22564095
-0.00381465, 0.18376794, -0.04179855
0.42139959, 0.8031556, 0.42112491
0.07658836, 0.23093152
0.00552705, 0.16430159, -0.03792909
-0.77636033, 0.63023776, 0.0
0.7451511, 0.14674395
0.00392426, 0.18376794, -0.03405964
-0.42069766, 0.80364388, -0.42085025
0.72904456, 0.22565591
-0.00381465, 0.18376794, -0.04179855
0.42139959, 0.8031556, 0.42112491
0.0134323, 0.15176237
0.00392427, 0.16430159, -0.03405964
-0.54896694, 0.63023776, -0.54896694
0.59847879, 0.28363001
0.00392426, 0.18376794, -0.03405964
-0.42069766, 0.80364388, -0.42085025
0.59847885, 0.20476085
-0.00978526, 0.05226794, -0.01195174
-0.56788844, 0.6692099, 0.47917113
0.2992458, 0.50863069
-0.00612555, 0.18377921, -0.04561539
-0.28919339, 0.93591112, 0.20102543
0.61016643, 0.46557826
-0.01146297, 0.05469856, -0.02936708
-0.7340312, 0.67751092, 0.04660176
0.84121758, 0.2451297
-0.00862316, 0.05744029, -0.04428011
-0.68254644, 0.71080661, -0.16971344
0.82949245, 0.30651921
-0.0056403, 0.05881116, -0.04843668
-0.29081088, 0.15463729, -0.94418162
0.81717396, 0.3238737
0.00582711, 0.05881117, -0.04843668
0.30072939, 0.16147344, -0.93990904
0.27419019, 0.35775471
0.00887127, 0.05744031, -0.04385727
0.70250559, 0.69298381, -0.16187018
0.2867592, 0.37681735
0.01124153, 0.05606944, -0.03572361
0.89483321, 0.44630268, -0.00354015
0.29654673, 0.41024882
0.01131646, 0.05469858, -0.02936708
0.72969759, 0.6797998, 0.07339702
0.29685524, 0.4364962
0.00950755, 0.05226795, -0.01818867
0.87405014, 0.45533615, 0.16925566
0.28938386, 0.48266232
0.01189304, 0.18234122, -0.02684268
0.75362408, 0.59819329, 0.2723777
0.81078941, 0.4719525
-0.00564031, 0.08065051, -0.04843668
-0.20273446, -0.1686758, -0.96456802
0.59847879, 0.88438225
0.01131646, 0.05469858, -0.02936708
0.72969759, 0.6797998, 0.07339702
0.82124764, 0.99031525
-0.01224658, 0.18234119, -0.02684268
-0.76409191, 0.59852898, 0.2405469
0.68817228, 0.47197831
0.01189308, 0.00151867, -0.03973365
0.6598407, -0.63878292, -0.39561144
0.01761748, 0.32915765
-0.01146297, 0.07859422, -0.0295472
-0.98193306, 0.04760887, -0.18305002
0.28259242, 0.35775471
-0.00564031, 0.08065051, -0.04843668
-0.20273446, -0.1686758, -0.96456802
0.2808176, 0.27704084
-0.01224655, -0.00549809, -0.01818867
-0.8519547, -0.33732107, -0.40043336
0.10854207, 0.23108894
-0.0042, 0.00151866, -0.03973365
-0.62764364, -0.30329296, -0.71694082
0.01761859, 0.26377863
0.00384654, -0.0045951, -0.04263092
0.61833555, -0.01959288, -0.78563797
0.44365928, 0.18639493
-0.0042, -0.0045951, -0.04263092
-0.61833555, -0.01959288, -0.78563797
0.399892, 0.21030009
0.00384654, -0.00279148, -0.02706146
0.09924619, -0.98178047, -0.1619007
0.79250419, 0.21759588
-0.00978527, 0.17802721, -0.01818869
-0.4990997, 0.42103335, 0.75734735
0.29925692, 0.0
-0.01224655, 0.05055798, -0.01195174
-0.85882139, 0.49305704, 0.13882869
0.84445375, 0.17306376
-0.01224655, -0.00753565, -0.01178829
-0.6807459, -0.15585802, 0.71572006
0.35387981, 0.69278032
-0.01224655, -0.00549809, -0.01159903
-0.76161993, -0.18247017, 0.62175357
0.36231858, 0.69238979
-0.01224655, -0.00549809, -0.01818867
-0.8519547, -0.33732107, -0.40043336
0.35851946, 0.66588652
0.01189308, -0.00549808, -0.01818867
0.8519547, -0.33732107, -0.40043336
0.05928269, 0.84270412
0.01189308, -0.00549808, -0.01159903
0.76161993, -0.18247017, 0.62175357
0.06308278, 0.81619857
0.01189308, -0.02049617, -0.01466881
0.54033023, -0.83697015, 0.08661153
0.0, 0.82005922
0.01189308, -0.02049617, -0.01466881
0.54033023, -0.83697015, 0.08661153
0.6981613, 0.22580445
0.01189308, 0.01014829, -0.04843666
0.80361336, -0.55027926, -0.22656941
0.1058021, 0.97322458
0.01189307, 0.05746549, -0.04843668
0.62504959, 0.54817349, -0.55565047
0.29923579, 1.0
0.01189306, 0.05055799, -0.01818867
0.91183203, 0.40293589, 0.07843257
0.28844109, 0.87442456
0.01189308, -0.00279147, -0.02706146
0.70354319, -0.67632067, -0.21811579
0.06523064, 0.87992478
-0.00978525, 0.0486034, -0.00385735
-0.52531511, 0.79293191, 0.30860317
0.51880682, 0.22220695
0.00950755, 0.05226795, -0.01195174
0.57387006, 0.66472363, 0.47831661
0.29923576, 0.85047752
-0.01224654, 0.00151865, -0.03973365
-0.6598407, -0.63878292, -0.39561144
0.37478295, 0.57526731
-0.01224654, -0.00279149, -0.02706146
-0.70354319, -0.67632067, -0.21811579
0.36446875, 0.62867063
-0.01224655, 0.05746547, -0.04843668
-0.61836606, 0.56004518, -0.55131686
0.59847885, 0.50864115
-0.01224655, 0.00935578, -0.00723115
-0.9436323, -0.25113681, 0.21549119
0.11739209, 0.20635921
0.01189307, 0.00935579, -0.00723115
0.9436323, -0.25113681, 0.21549119
0.21707448, 0.20633978
-0.00978525, 0.0334396, 0.06549039
-0.40787989, 0.61616868, 0.67372662
0.68799794, 0.46557826
-0.01224655, 0.02872913, 0.0654904
-0.72154909, 0.14661092, 0.67662585
0.69816124, 0.44647318
-0.0042, -0.01126422, 0.06484
-0.23603015, -0.81350136, 0.53144932
0.66493332, 0.28411007
0.00384654, -0.01126422, 0.06484
0.23603015, -0.81350136, 0.53144932
0.63170582, 0.28410876
0.00950755, 0.03343961, 0.06549039
0.41294596, 0.61409342, 0.67253637
0.60833001, 0.46557516
0.00950755, 0.03343961, 0.06549039
0.41294596, 0.61409342, 0.67253637
0.26692417, 0.52832726
-0.01224654, -0.00580843, 0.06484
-0.70586258, -0.45170447, 0.54557937
0.40511918, 1.0
0.01189308, 0.01268047, 0.00709685
0.91586047, -0.40116581, -0.01504563
0.37892482, 0.26730537
0.00666339, 0.08659948, -0.01195175
0.70708334, -0.70708334, 0.0
0.79784369, 0.36933559
0.00666339, 0.08929219, 0.01433619
0.57734919, 0.57734919, 0.57734919
0.76099545, 0.21759588
0.00666341, 0.04512056, 0.01433619
0.57734919, -0.57734919, 0.57734919
0.21707448, 0.32940036
-0.00694111, 0.08929218, -0.01195175
-0.70708334, 0.70708334, 0.0
0.10854208, 0.32920963
-0.00694111, 0.08659948, -0.01195175
-0.70708334, -0.70708334, 0.0
0.10854207, 0.34014577
-0.00694108, 0.04512056, 0.01180797
-0.57734919, -0.57734919, -0.57734919
0.20663646, 0.50856188
0.00666339, 0.08659948, 0.01180796
0.90450758, -0.30149236, -0.30149236
0.21707448, 0.16134566
-0.00978526, 0.05226794, -0.01195174
-0.56788844, 0.6692099, 0.47917113
0.74944967, 0.99998798
0.00666339, 0.08659948, -0.01195175
0.70708334, -0.70708334, 0.0
0.0, 0.49758905
0.00666339, 0.08929219, -0.01195175
0.70708334, 0.70708334, 0.0
0.0, 0.50852537
0.00666339, 0.08929219, 0.01433619
0.57734919, 0.57734919, 0.57734919
0.10854207, 0.50856188
0.00666341, 0.04512056, 0.01180797
0.57734919, -0.57734919, -0.57734919
0.01040953, 0.27388865
0.00950755, 0.05226795, -0.01195174
0.57387006, 0.66472363, 0.47831661
0.74944973, 0.99999134
0.00950753, 0.17802721, -0.01818869
0.50236517, 0.42085025, 0.75530261
0.70802045, 0.32387364
0.01131644, 0.18377921, -0.02972734
0.67561877, 0.73686939, 0.0225837
0.70053953, 0.37282789
0.00392427, 0.16430159, -0.04179855
-0.54896694, 0.63023776, 0.54896694
0.83942264, 0.35299897
5.481e-05, 0.16430159, -0.04340133
0.0, 0.63023776, 0.77636033
0.83942264, 0.33599573
-0.00381465, 0.16430159, -0.04179855
0.54896694, 0.63023776, 0.54896694
0.8272444, 0.32393163
-0.00381465, 0.16430159, -0.03405964
0.54896694, 0.63023776, -0.54896694
0.79784369, 0.33585584
5.481e-05, 0.16430159, -0.03245685
0.0, 0.63023776, -0.77636033
0.79784375, 0.35285914
-0.00181785, 0.18313117, -0.05273422
-0.58561969, 0.52870268, -0.61439866
0.05884555, 0.18755901
0.00200462, 0.17241111, -0.04843669
0.06704917, -0.10779138, -0.99188209
0.29923576, 0.21351427
0.00200462, 0.18313117, -0.05273422
0.58561969, 0.52870268, -0.61439866
0.73899889, 0.4655782
-0.0042, 0.01014829, -0.04979668
0.30149236, -0.90450758, -0.30149236
0.63181996, 0.28410506
0.00384654, 0.01014829, -0.04979668
-0.30149236, -0.90450758, -0.30149236
0.29923576, 0.21351421
-0.01224654, 0.014219, -0.05248688
-0.57734919, 0.57731867, -0.57734919
0.41935003, 0.51679569
-0.01224654, 0.01014828, -0.05248687
-0.57734919, -0.57734919, -0.57734919
0.64292777, 0.18604016
-0.0042, 0.01014829, -0.04979668
0.30149236, -0.90450758, -0.30149236
0.6540041, 0.21872973
-0.0042, 0.01014829, -0.05248687
0.57734919, -0.57734919, -0.57734919
0.64292771, 0.21872967
0.00384654, 0.01014829, -0.05248687
-0.57734919, -0.57734919, -0.57734919
0.64292777, 0.25141919
0.01189308, 0.01014829, -0.05248687
0.57734919, -0.57734919, -0.57734919
0.64292771, 0.28410864
0.01189308, 0.01014829, -0.05248687
0.57734919, -0.57734919, -0.57734919
0.72904456, 0.22580445
-0.0042, 0.01014829, -0.05248687
0.57734919, -0.57734919, -0.57734919
0.79250425, 0.18490642
-0.0042, 0.014219, -0.05248688
0.57734919, 0.57734919, -0.57734919
0.29923579, 0.29237473
-0.01224654, 0.014219, -0.05248688
-0.57734919, 0.57731867, -0.57734919
0.29923579, 0.25968528
0.01189307, 0.01421901, -0.05248688
0.57734919, 0.57734919, -0.57734919
0.29923576, 0.35775375
0.00384654, 0.014219, -0.04979668
-0.30149236, 0.90450758, -0.30149236
0.2881811, 0.3250649
0.00384654, 0.014219, -0.05248688
-0.57734919, 0.57734919, -0.57734919
0.29923576, 0.32506424
0.00384654, 0.014219, -0.05248688
-0.57734919, 0.57734919, -0.57734919
0.01110677, 0.2738834
-0.00740515, 0.18377919, -0.04850427
-0.51234472, 0.58653522, -0.6272164
0.47867101, 0.0890559
0.00200462, 0.18377921, -0.04843669
0.27167577, 0.89858699, -0.34449294
0.95916665, 0.99998002
0.00582709, 0.18377921, -0.04843669
-0.01058992, 0.71169162, -0.70238352
0.97495121, 0.99998014
0.00758946, 0.18377919, -0.04848079
0.51887572, 0.58607745, -0.62227243
0.9822287, 0.99999334
0.00758947, 0.08065048, -0.04848078
0.5200659, -0.5648976, -0.64061403
0.9822287, 0.58216074
0.01189307, 0.05746549, -0.04843668
0.62504959, 0.54817349, -0.55565047
1.0, 0.48821223
0.01189307, 0.01421901, -0.04843666
0.90450758, 0.30149236, -0.30149236
1.0, 0.31299633
-0.0056403, 0.05881116, -0.04843668
-0.29081088, 0.15463729, -0.94418162
0.92759752, 0.49366391
-0.01224654, 0.014219, -0.04843666
-0.90450758, 0.30149236, -0.30149236
0.90031761, 0.31299585
-0.01224655, 0.05746547, -0.04843668
-0.61836606, 0.56004518, -0.55131686
0.90031761, 0.48821163
-0.00564032, 0.18377921, -0.04843669
0.01614429, 0.71413314, -0.6997894
0.92759752, 0.99997996
-0.00181785, 0.18377921, -0.04843669
-0.27167577, 0.89858699, -0.34449294
0.94338208, 0.99998002
-0.00740514, 0.08065046, -0.04850426
-0.51286358, -0.5648976, -0.64638203
0.92030978, 0.58216739
-0.00740515, 0.18377919, -0.04850427
-0.51234472, 0.58653522, -0.6272164
0.92030978, 1.0
-0.00789036, 0.08047912, -0.04566795
-0.63307595, -0.58836633, 0.50297558
0.28259242, 0.27704084
-0.00789036, 0.08047912, -0.04566795
-0.63307595, -0.58836633, 0.50297558
0.49764675, 0.08964872
0.00804692, 0.08047913, -0.04564446
0.6273995, -0.58818322, 0.51023895
0.51880682, 0.08905214
0.0080469, 0.18377919, -0.04565949
0.63206887, 0.57057405, 0.52430797
0.49764687, 0.50863042
0.00804692, 0.08047913, -0.04564446
0.6273995, -0.58818322, 0.51023895
0.63181996, 0.26757205
0.00582709, 0.18377921, -0.04843669
-0.01058992, 0.71169162, -0.70238352
0.72321177, 0.44846445
-0.00564032, 0.18377921, -0.04843669
0.01614429, 0.71413314, -0.6997894
0.77056539, 0.44846445
-0.00740515, 0.18377919, -0.04850427
-0.51234472, 0.58653522, -0.6272164
0.77785313, 0.44873768
-0.00612555, 0.18377921, -0.04561539
-0.28919339, 0.93591112, 0.20102543
0.7725684, 0.43705875
-0.00789038, 0.18377919, -0.04568297
-0.63792843, 0.57075715, 0.51695305
0.77985615, 0.43733197
-0.00541743, 0.18376794, -0.03792909
0.59581286, 0.80309457, 0.00057985
0.76964253, 0.40598071
-0.00381465, 0.18376794, -0.04179855
0.42139959, 0.8031556, 0.42112491
0.76302493, 0.42162377
0.0080469, 0.18377919, -0.04565949
0.63206887, 0.57057405, 0.52430797
0.71404457, 0.43723696
0.00758946, 0.18377919, -0.04848079
0.51887572, 0.58607745, -0.62227243
0.71593422, 0.44864273
0.00552705, 0.18376794, -0.03792909
-0.59584337, 0.80306405, 0.00054933
0.72444826, 0.40598071
0.0058271, 0.08065051, -0.04843668
0.2120426, -0.17307046, -0.9617908
0.11570646, 0.32915896
0.01131645, 0.07859422, -0.0295472
0.98760951, 0.04553362, -0.15002899
0.11738818, 0.24882984
0.00392426, 0.18376794, -0.03405964
-0.42069766, 0.80364388, -0.42085025
0.73106593, 0.39033765
5.481e-05, 0.16430159, -0.03245685
0.0, 0.63023776, -0.77636033
0.61445695, 0.28410876
0.00392427, 0.16430159, -0.04179855
-0.54896694, 0.63023776, 0.54896694
0.04538945, 0.23071909
-0.00381465, 0.16430159, -0.03405964
0.54896694, 0.63023776, -0.54896694
0.10854207, 0.1518808
-0.00381465, 0.16430159, -0.04179855
0.54896694, 0.63023776, 0.54896694
0.07658835, 0.15187001
0.00392427, 0.16430159, -0.03405964
-0.54896694, 0.63023776, -0.54896694
0.7290445, 0.14659542
-0.00381465, 0.16430159, -0.04179855
0.54896694, 0.63023776, 0.54896694
0.0134323, 0.23071712
# Number of Faces:
292
# Face Data:
0, 1, 2
3, 4, 5
6, 7, 8
9, 10, 11
12, 13, 14
15, 16, 17
18, 19, 20
21, 22, 23
24, 25, 26
18, 27, 24
8, 15, 28
29, 30, 31
32, 28, 33
18, 20, 34
35, 36, 37
26, 38, 35
8, 39, 40
41, 23, 39
42, 43, 44
45, 46, 47
48, 31, 49
50, 48, 51
31, 52, 53
54, 55, 56
57, 58, 59
60, 61, 62
63, 54, 64
65, 66, 67
68, 2, 69
70, 71, 72
73, 74, 75
14, 76, 77
78, 79, 80
81, 82, 83
84, 85, 86
87, 88, 89
90, 80, 91
92, 86, 93
94, 95, 96
97, 98, 99
100, 101, 102
103, 104, 105
106, 107, 108
109, 110, 111
89, 112, 113
114, 115, 116
107, 97, 108
109, 117, 118
104, 119, 120
121, 122, 123
95, 124, 125
126, 121, 127
128, 129, 130
127, 129, 131
129, 132, 130
121, 133, 129
134, 135, 136
137, 138, 139
140, 141, 142
143, 144, 145
146, 147, 148
16, 149, 17
150, 151, 152
153, 154, 155
156, 157, 34
158, 159, 160
161, 162, 163
164, 165, 166
167, 168, 169
170, 171, 172
173, 174, 175
176, 177, 178
179, 180, 181
182, 183, 184
111, 185, 186
187, 3, 188
189, 190, 191
192, 193, 194
195, 196, 197
198, 199, 200
100, 201, 202
203, 204, 205
206, 207, 208
209, 210, 211
212, 213, 214
215, 216, 217
218, 219, 220
221, 222, 223
224, 225, 226
227, 228, 229
230, 231, 232
233, 234, 235
236, 237, 238
239, 240, 241
242, 243, 244
240, 245, 241
246, 247, 243
248, 236, 238
249, 233, 250
0, 251, 1
3, 187, 4
6, 252, 7
70, 72, 9
9, 253, 10
254, 255, 11
70, 9, 11
10, 254, 11
12, 256, 257
258, 259, 13
12, 257, 258
13, 260, 14
12, 258, 13
17, 33, 28
28, 15, 17
18, 261, 19
21, 262, 22
24, 263, 25
24, 42, 18
261, 18, 42
27, 263, 24
28, 264, 6
6, 8, 28
40, 15, 8
29, 265, 30
32, 264, 28
34, 157, 27
27, 18, 34
35, 38, 36
26, 25, 38
8, 41, 39
41, 21, 23
42, 24, 43
47, 266, 45
45, 267, 46
49, 268, 48
268, 51, 48
31, 30, 49
50, 269, 48
31, 48, 52
54, 270, 55
57, 271, 58
60, 272, 61
63, 270, 54
67, 273, 65
65, 68, 69
69, 66, 65
68, 0, 2
70, 274, 71
275, 276, 277
277, 73, 275
75, 275, 73
14, 260, 76
78, 88, 79
83, 278, 81
279, 81, 278
82, 280, 83
84, 281, 85
87, 79, 88
90, 78, 80
92, 84, 86
94, 118, 95
99, 101, 108
108, 97, 99
102, 282, 100
100, 283, 284
284, 106, 108
108, 101, 284
279, 278, 101
285, 102, 101
100, 284, 101
101, 278, 285
103, 286, 104
106, 287, 107
186, 288, 111
289, 277, 109
276, 109, 277
118, 94, 110
110, 290, 111
111, 288, 109
289, 109, 288
118, 110, 109
291, 87, 113
89, 292, 112
113, 87, 89
293, 294, 115
116, 295, 296
296, 114, 116
115, 297, 293
294, 116, 115
107, 298, 97
124, 118, 117
117, 299, 124
104, 286, 119
121, 300, 122
95, 118, 124
126, 300, 121
128, 131, 129
127, 121, 129
129, 133, 132
121, 123, 133
134, 301, 135
137, 302, 138
140, 303, 141
304, 305, 143
143, 306, 144
145, 304, 143
146, 307, 147
16, 308, 149
309, 310, 152
311, 150, 152
152, 310, 311
153, 312, 154
156, 313, 157
160, 314, 158
158, 315, 232
232, 159, 158
163, 316, 317
317, 318, 161
161, 319, 320
320, 162, 161
163, 317, 161
164, 168, 165
167, 165, 168
170, 321, 171
173, 322, 174
176, 323, 177
179, 324, 180
182, 325, 183
111, 326, 185
3, 327, 328
327, 329, 328
330, 331, 188
3, 328, 188
188, 331, 187
189, 332, 190
192, 333, 193
195, 334, 335
197, 336, 337
336, 338, 337
195, 335, 196
197, 337, 195
198, 339, 199
100, 282, 201
203, 340, 204
341, 342, 166
343, 344, 166
206, 345, 346
342, 343, 166
206, 346, 347
344, 208, 166
166, 208, 207
346, 348, 347
348, 349, 347
164, 166, 207
350, 351, 164
352, 353, 164
206, 347, 207
207, 352, 164
350, 164, 353
209, 354, 210
212, 355, 213
215, 356, 216
218, 357, 219
221, 358, 222
359, 176, 225
360, 361, 362
176, 178, 226
361, 363, 362
362, 232, 364
362, 364, 365
178, 360, 362
366, 367, 225
368, 315, 225
225, 367, 359
178, 362, 226
362, 365, 226
368, 225, 224
176, 226, 225
229, 369, 227
227, 370, 228
315, 368, 371
315, 371, 230
231, 364, 232
232, 315, 230
233, 372, 234
236, 373, 237
239, 374, 240
242, 246, 243
240, 375, 245
246, 376, 247
248, 377, 236
249, 372, 233
