# Project Zomboid Skinned Mesh
# File Version:
1.0
# Model Name:
Cube
# Vertex Stride Element Count:
3
# Vertex Stride Size (in bytes):
76
# Vertex Stride Data:
# (Int)    Offset
# (String) Type
0
VertexArray
12
NormalArray
24
TextureCoordArray
# Vertex Count:
278
# Vertex Buffer:
-0.00508905, 0.30378169, 0.0079429
-0.24835964, 0.67607653, 0.69368571
0.66289788, 0.47646898
-0.01376606, 0.13381052, 0.01784413
-0.72023684, -0.61040074, 0.32959992
0.64032513, 0.87896637
-0.00508902, 0.13381052, 0.02612382
-0.52632219, -0.09814753, 0.84456921
0.66289723, 0.87995119
-0.01376608, 0.28212535, -0.04969479
-0.57338178, -0.0249031, -0.81887263
0.78901911, 0.12473744
0.01226502, 0.30378169, -0.02657367
0.63295388, 0.71996218, -0.28452405
0.73089653, 0.18627363
0.01226503, 0.28212535, -0.04969479
0.57338178, -0.0249031, -0.81887263
0.78901899, 0.18627751
-0.01376606, 0.13381052, 0.01784413
-0.72023684, -0.61040074, 0.32959992
0.49705303, 0.40183884
-0.01376608, 0.30378169, 0.00109235
-0.70256662, 0.63603628, 0.31904051
0.45346865, 1.067e-05
-0.01376607, 0.26256308, -0.02358687
-0.89049959, -0.18829921, -0.41410565
0.38925925, 0.09745538
-0.00417103, 0.28364632, -0.01221216
-0.54869229, -0.63414413, -0.5447554
0.71512729, 0.53371093
0.00267802, 0.28364626, -0.01221216
0.54908901, -0.6339305, -0.54460281
0.73146081, 0.52723747
0.00267803, 0.28364632, -0.00539876
0.54750204, -0.6317026, 0.54878384
0.72438556, 0.5124979
0.01226505, 0.13378814, 0.0079429
0.90432447, -0.30152288, 0.30204168
0.90808535, 0.18767971
-0.01376605, 0.08836275, 0.0079429
-0.72365487, 0.04968413, 0.68831444
0.8403585, 0.2949332
0.01226506, 0.08836275, 0.0079429
0.72365487, 0.04968413, 0.68831444
0.90808529, 0.29493374
0.01226505, 0.13381052, 0.01784413
0.71990114, -0.61079746, 0.32959992
0.91635668, 0.47881764
-0.00508902, 0.13381052, 0.02612382
-0.52632219, -0.09814753, 0.84456921
0.89485085, 0.51984441
0.01226505, 0.13378814, 0.0079429
0.90432447, -0.30152288, 0.30204168
0.94207096, 0.47881764
-0.005089, 0.0653554, -0.02657367
-0.14218573, 0.43644521, -0.88839382
0.75320268, 1.0
-0.01376607, 0.26256308, -0.02358687
-0.89049959, -0.18829921, -0.41410565
0.77577889, 0.53377962
-0.00508904, 0.26256308, -0.02657367
-0.14093448, -0.44901884, -0.88232064
0.75320274, 0.53399119
-0.00508904, 0.26256308, -0.02657367
-0.14093448, -0.44901884, -0.88232064
0.82093012, 0.53738701
-0.01376608, 0.28212535, -0.04969479
-0.57338178, -0.0249031, -0.81887263
0.84350574, 0.48014539
0.01226503, 0.28212535, -0.04969479
0.57338178, -0.0249031, -0.81887263
0.77577889, 0.48014545
-0.005089, 0.01309262, -0.01557144
-0.33317056, -0.45445111, -0.82607502
0.93066096, 0.20906717
-0.01376604, 0.04435514, -0.05014382
-0.57600635, 0.00238044, -0.81740773
0.90808535, 0.29493374
0.01226508, 0.04435514, -0.05014382
0.57600635, 0.00238044, -0.81740773
0.9758122, 0.29493374
-0.01376604, 0.04435514, -0.05014382
-0.57600635, 0.00238044, -0.81740773
0.90511388, 0.12613446
-0.005089, 0.0653554, -0.02657367
-0.14218573, 0.43644521, -0.88839382
0.8481071, 0.14665246
0.00358804, 0.0653554, -0.02657367
0.14218573, 0.43644521, -0.88839382
0.8481071, 0.16716582
-0.01043477, 0.08064705, 0.07291551
-0.57856989, 0.56990266, 0.58345288
0.78901976, 0.3186745
0.00929752, 0.08141008, 0.04042922
0.72875148, 0.68004394, 0.08001953
0.84035784, 0.24195772
-0.01043477, 0.08141008, 0.04042922
-0.72875148, 0.68004394, 0.08001953
0.78901911, 0.2419579
0.00267802, 0.28364626, -0.01221216
0.54908901, -0.6339305, -0.54460281
0.9687652, 0.55973336
-0.00075016, 0.32833144, -0.01373841
-0.00030519, 0.6259346, -0.77983946
0.97768414, 0.45424885
0.00267798, 0.32833144, -0.01221213
0.54908901, 0.6339305, -0.54460281
0.9687652, 0.45414066
-0.00417103, 0.28364632, -0.01221216
-0.54869229, -0.63414413, -0.5447554
0.98658484, 0.5597333
-0.00075012, 0.28364626, -0.01373843
-0.00030519, -0.6259346, -0.77986997
0.97768414, 0.55984142
-0.00417103, 0.28364632, -0.00539876
-0.54710531, -0.63191628, 0.54893643
0.99713993, 0.89435323
-0.0056452, 0.32833144, -0.00884336
-0.77843565, 0.62767416, -0.00314341
0.9881826, 0.78870834
-0.00564516, 0.28364632, -0.0088434
-0.77843565, -0.62767416, -0.00314341
0.98818254, 0.89434829
-0.00417107, 0.32833144, -0.01221213
-0.54866177, 0.63414413, -0.5447554
0.71512592, 0.47571427
-0.00417107, 0.32833144, -0.00539874
-0.54710531, 0.63191628, 0.54893643
0.70805198, 0.49043316
0.00267798, 0.32833144, -0.01221213
0.54908901, 0.6339305, -0.54460281
0.73145628, 0.4821943
-0.00075012, 0.28364632, -0.00394835
-0.00027467, -0.62895596, 0.77742851
0.984712, 0.29493374
-0.00417107, 0.32833144, -0.00539874
-0.54710531, 0.63191628, 0.54893643
0.9758122, 0.18925506
-0.00417103, 0.28364632, -0.00539876
-0.54710531, -0.63191628, 0.54893643
0.9758122, 0.29476112
0.00267803, 0.28364632, -0.00539876
0.54750204, -0.6317026, 0.54878384
0.99713993, 0.89435336
0.00414488, 0.32833144, -0.00884336
0.77822196, 0.62794888, -0.00314341
0.98818111, 1.0
0.00267799, 0.32833144, -0.00539874
0.54750204, 0.6317026, 0.54878384
0.99713993, 0.99999317
0.00414492, 0.28364626, -0.0088434
0.77819145, -0.6279794, -0.00314341
0.98818105, 0.89436013
0.00267798, 0.32833144, -0.01221213
0.54908901, 0.6339305, -0.54460281
0.97941315, 0.9999931
0.00267803, 0.28364632, -0.00539876
0.54750204, -0.6317026, 0.54878384
0.99363184, 0.2947613
-0.00075016, 0.32833144, -0.00394833
-0.00027467, 0.62895596, 0.77742851
0.984712, 0.18942761
-0.00417107, 0.32833144, -0.01221213
-0.54866177, 0.63414413, -0.5447554
0.97941315, 0.78871328
-0.00417103, 0.28364632, -0.01221216
-0.54869229, -0.63414413, -0.5447554
0.97941309, 0.89435315
-0.00508905, 0.30378169, 0.0079429
-0.24835964, 0.67607653, 0.69368571
0.95323658, 0.10918885
0.01226503, 0.30378169, 0.00109235
0.70256662, 0.63603628, 0.31904051
0.90808535, 0.1253373
-0.01376608, 0.30378169, 0.00109235
-0.70256662, 0.63603628, 0.31904051
0.97581214, 0.12533766
0.00358804, 0.01309262, -0.01557144
0.33295694, -0.45393232, -0.82644123
0.08993005, 0.31274337
0.00929349, -0.1043082, -0.00772775
0.93807793, -0.01077303, -0.34617144
0.11035004, 0.03522378
0.00272127, -0.1043082, -0.01557149
0.4221015, -0.00152593, -0.9065218
0.08992802, 0.03519285
0.01226508, -0.02168918, 0.01338778
0.72179329, -0.01568651, 0.69191563
0.16529416, 0.23055667
0.01226508, 0.01309262, -0.00772772
0.94909513, -0.12729271, -0.28809473
0.11035664, 0.31278414
-0.01043475, -0.01499291, 0.05764724
-0.73177284, -0.06839198, 0.67809075
0.89484602, 0.77600059
0.00929752, 0.04121051, 0.07291551
0.678518, -0.09714042, 0.72811061
0.84351212, 0.90688534
-0.01043476, 0.0412105, 0.07291551
-0.678518, -0.09714042, 0.72811061
0.89485085, 0.90688627
-0.01042316, -0.1191946, -0.00772778
-0.72383803, -0.63771474, -0.26331371
0.43051064, 0.99997814
-0.0104347, -0.1191946, 0.06178467
-0.68578142, -0.60975981, 0.39728996
0.61136562, 0.99997828
-0.0104347, -0.1043082, 0.01338774
-0.96856594, -0.01010163, 0.24851222
0.48544824, 0.96478528
0.01226508, -0.02168918, 0.01338778
0.72179329, -0.01568651, 0.69191563
0.84350729, 0.80492803
0.00929752, 0.0508524, 0.01338778
0.39582506, -0.26438186, 0.87942135
0.83578485, 0.63364989
-0.01043476, 0.0508524, 0.01338778
-0.39582506, -0.26438186, 0.87942135
0.78444612, 0.63364992
0.00543399, 0.0429935, 0.07291551
0.73125398, -0.67772454, -0.07702872
0.64032513, 0.32663405
0.00543398, 0.06647334, 0.14531125
0.58351392, 0.54081851, 0.6057924
0.72229737, 0.16284835
0.00543399, 0.03476395, 0.14531125
0.5716117, -0.61204869, 0.54643393
0.64032513, 0.15438128
0.01226506, 0.08836275, 0.0079429
0.72365487, 0.04968413, 0.68831444
0.84350723, 0.5444364
0.01226507, 0.0508524, 0.01338778
0.69124424, 0.05203406, 0.72072512
0.84350568, 0.63364989
0.00929348, -0.1043082, 0.01338774
0.96859646, -0.00903348, 0.24842067
0.16528755, 0.03522366
0.00929349, -0.1191946, -0.00772778
0.72392958, -0.63765371, -0.26319164
0.11034998, 3.093e-05
0.00272015, -0.1043082, 0.06555584
0.24997711, 0.03375347, 0.96765035
0.86062622, 0.56417653
0.00929753, -0.0149929, 0.05764724
0.7142247, -0.07721183, 0.69560838
0.84350729, 0.77599965
-0.01376604, 0.0508524, 0.01338778
-0.69124424, 0.05203406, 0.72072512
0.77577889, 0.63364992
-0.01043477, 0.08836275, 0.0079429
-0.42643514, 0.61790824, 0.66054261
0.78444761, 0.5444364
-0.01376605, 0.08836275, 0.0079429
-0.72365487, 0.04968413, 0.68831444
0.77578038, 0.5444364
-0.00508902, 0.08303171, 0.02742523
-0.57704395, -0.56422621, 0.5904721
0.66289872, 1.0
0.00358801, 0.13381052, 0.02612382
0.52653587, -0.09820856, 0.84441662
0.68547279, 0.87995102
0.00929757, -0.1191946, 0.06178467
0.68581194, -0.60975981, 0.39728996
0.89485085, 0.72292984
0.00272015, -0.1191946, 0.06555584
0.19479965, -0.65349287, 0.73140657
0.91196376, 0.73183039
-0.0104347, -0.1191946, 0.06178467
-0.68578142, -0.60975981, 0.39728996
0.94618964, 0.72292987
-0.00385728, -0.1043082, 0.06555584
-0.24997711, 0.03375347, 0.96765035
0.87773913, 0.56417689
-0.0104347, -0.1191946, 0.06178467
-0.68578142, -0.60975981, 0.39728996
0.89485085, 0.52947748
-0.00385728, -0.1191946, 0.06555584
-0.19479965, -0.65349287, 0.73140657
0.87773961, 0.52902853
0.00272127, -0.1191946, -0.01557149
0.33075961, -0.62312692, -0.70870084
0.08992803, 0.0
0.01226505, 0.13381052, 0.01784413
0.71990114, -0.61079746, 0.32959992
0.70805192, 0.87896591
0.00358799, 0.30378169, 0.0079429
0.24835964, 0.67607653, 0.69368571
0.6854735, 0.4764688
0.00358804, 0.0653554, -0.02657367
0.14218573, 0.43644521, -0.88839382
0.73062706, 0.99999998
0.01226504, 0.26256308, -0.02358687
0.89049959, -0.18829921, -0.41410565
0.70805204, 0.53377947
0.01226507, 0.06535541, -0.02358687
0.88848537, 0.18527786, -0.4197821
0.70805198, 0.99978825
0.003588, 0.26256308, -0.02657367
0.14093448, -0.44901884, -0.88232064
0.73062712, 0.53399125
-0.00385094, -0.1043082, -0.01557149
-0.4217658, -0.00219733, -0.90667439
0.4100821, 0.96480712
-0.01042316, -0.1043082, -0.00772775
-0.9378643, -0.01251259, -0.34672078
0.4305107, 0.96478528
0.00272127, -0.1043082, -0.01557149
0.4221015, -0.00152593, -0.9065218
0.96650964, 0.45440805
-0.00385094, -0.1191946, -0.01557149
-0.33075961, -0.62312692, -0.70870084
0.94941026, 0.41923094
-0.00385094, -0.1043082, -0.01557149
-0.4217658, -0.00219733, -0.90667439
0.94941032, 0.45440805
-0.005089, 0.01309262, -0.01557144
-0.33317056, -0.45445111, -0.82607502
0.41008604, 0.68725625
-0.01376603, 0.01309261, -0.00772772
-0.94891202, -0.12814721, -0.28830835
0.43052134, 0.6872274
0.00358804, 0.01309262, -0.01557144
0.33295694, -0.45393232, -0.82644123
0.9687652, 0.73183039
-0.005089, 0.01309262, -0.01557144
-0.33317056, -0.45445111, -0.82607502
0.94618958, 0.73183036
0.00929757, -0.1191946, 0.06178467
0.68581194, -0.60975981, 0.39728996
0.84351218, 0.52947655
0.00929757, -0.1043082, 0.06178468
0.8620258, 0.01178014, 0.50666827
0.8435117, 0.56462488
0.00272015, -0.1191946, 0.06555584
0.19479965, -0.65349287, 0.73140657
0.8606267, 0.52902824
0.00929752, 0.04201039, 0.06897289
0.92645037, -0.21509445, -0.30881679
0.73768032, 0.3186745
-0.01043476, 0.04421249, 0.04118035
-0.69002348, -0.71486557, -0.11301004
0.78901905, 0.25277919
0.00929752, 0.0442125, 0.04118035
0.69002348, -0.71486557, -0.11301004
0.73768032, 0.25277913
-0.01043477, 0.08836275, 0.0079429
-0.42643514, 0.61790824, 0.66054261
0.78901976, 0.16413224
0.00929751, 0.08836275, 0.0079429
0.42643514, 0.61790824, 0.66054261
0.84035856, 0.16413206
-0.01043475, -0.01499291, 0.05764724
-0.73177284, -0.06839198, 0.67809075
0.60060084, 0.75363551
-0.01043476, 0.0412105, 0.07291551
-0.678518, -0.09714042, 0.72811061
0.64032513, 0.62076533
-0.01043476, 0.04201039, 0.06897289
-0.92645037, -0.2151555, -0.30881679
0.63006741, 0.61887431
0.00929752, 0.04201039, 0.06897289
0.92645037, -0.21509445, -0.30881679
0.30990693, 0.38113421
0.00929751, 0.08064692, 0.07291551
0.57856989, 0.56990266, 0.58345288
0.32016468, 0.47247452
0.00929752, 0.04121051, 0.07291551
0.678518, -0.09714042, 0.72811061
0.32016468, 0.3792432
-0.00913366, -0.00609806, 0.01338992
-0.3859981, 0.66936249, 0.63475448
0.8403585, 0.47565365
-0.008879, -0.0703051, 0.03031787
-0.54811245, 0.83468121, 0.05331584
0.84035844, 0.3186745
-0.00913367, -0.01430784, 0.05311479
-0.26227608, 0.56105226, -0.78508866
0.74586397, 0.43294483
0.00826761, -0.00608768, 0.01339206
0.38758507, 0.66856897, 0.63463241
0.74586397, 0.33510107
0.00826761, -0.01429746, 0.05311695
0.26227608, 0.55989259, -0.78594315
0.64032513, 0.33510107
0.00775787, -0.07029446, 0.03032
0.55265969, 0.83172095, 0.05261391
0.66892403, 0.47565365
-0.01068938, -0.00610857, 0.01338778
-0.16452529, 0.25083163, 0.95391703
0.99018067, 0.29494399
-0.008879, -0.0703051, 0.03031787
-0.54811245, 0.83468121, 0.05331584
0.99422842, 0.44854808
-0.00913366, -0.00609806, 0.01338992
-0.3859981, 0.66936249, 0.63475448
0.99422836, 0.29493374
0.00929751, 0.08064692, 0.07291551
0.57856989, 0.56990266, 0.58345288
0.84351087, 0.99999877
0.00543398, 0.06647334, 0.14531125
0.58351392, 0.54081851, 0.6057924
0.97941315, 0.75299795
-0.00657123, 0.03476395, 0.14531125
-0.5716117, -0.61204869, 0.54643393
0.94817835, 0.82786681
0.00543399, 0.03476395, 0.14531125
0.5716117, -0.61204869, 0.54643393
0.97941309, 0.82786705
-0.00657123, 0.0429935, 0.07291551
-0.73125398, -0.67772454, -0.07702872
0.99999994, 0.55984142
0.00543399, 0.03476395, 0.14531125
0.5716117, -0.61204869, 0.54643393
0.9687652, 0.73183039
-0.00657123, 0.03476395, 0.14531125
-0.5716117, -0.61204869, 0.54643393
0.99999994, 0.73183039
0.00543398, 0.07470289, 0.07291551
0.68019652, 0.72832423, 0.0827662
0.94817835, 1.0
-0.00657124, 0.06647341, 0.14531125
-0.58351392, 0.54081851, 0.6057924
0.97941315, 0.82786705
0.00543398, 0.06647334, 0.14531125
0.58351392, 0.54081851, 0.6057924
0.94817835, 0.82786715
-0.00657123, 0.0429935, 0.07291551
-0.73125398, -0.67772454, -0.07702872
0.8403585, 0.30340087
-0.00657124, 0.06647341, 0.14531125
-0.58351392, 0.54081851, 0.6057924
0.92233104, 0.46718651
-0.00657124, 0.07470296, 0.07291551
-0.68019652, 0.72832423, 0.0827662
0.92233104, 0.29493374
-0.00508902, 0.08298403, 0.02502166
-0.57765436, -0.59016693, -0.56392103
0.73145628, 0.47639984
0.00358801, 0.08303171, 0.02742523
0.57704395, -0.56422621, 0.5904721
0.73769218, 0.49691319
-0.00508902, 0.08303171, 0.02742523
-0.57704395, -0.56422621, 0.5904721
0.73769218, 0.47639984
0.00358801, 0.08298403, 0.02502166
0.57765436, -0.59016693, -0.56392103
0.99018067, 0.2949338
-0.00508902, 0.13376284, 0.02372025
-0.57704395, 0.56422621, -0.5904721
0.96760505, 0.41483361
0.00358801, 0.13376284, 0.02372025
0.57704395, 0.56422621, -0.5904721
0.99018067, 0.41483366
0.00358801, 0.08298403, 0.02502166
0.57765436, -0.59016693, -0.56392103
0.73480672, 0.33506823
0.00358801, 0.13381052, 0.02612382
0.52653587, -0.09820856, 0.84441662
0.72855204, 0.21501589
0.00358801, 0.08303171, 0.02742523
0.57704395, -0.56422621, 0.5904721
0.72855204, 0.33510113
0.00358801, 0.13376284, 0.02372025
0.57704395, 0.56422621, -0.5904721
0.73768699, 0.53301126
-0.00508902, 0.13381052, 0.02612382
-0.52632219, -0.09814753, 0.84456921
0.73146087, 0.51249793
0.00358801, 0.13381052, 0.02612382
0.52653587, -0.09820856, 0.84441662
0.73146087, 0.53301132
-0.00508902, 0.13381052, 0.02612382
-0.52632219, -0.09814753, 0.84456921
0.72855204, 0.21501577
-0.00508902, 0.08298403, 0.02502166
-0.57765436, -0.59016693, -0.56392103
0.72229743, 0.33506817
-0.00508902, 0.08303171, 0.02742523
-0.57704395, -0.56422621, 0.5904721
0.72855204, 0.33510113
0.00929752, 0.0508524, 0.01338778
0.39582506, -0.26438186, 0.87942135
0.73768032, 0.18627751
0.0098073, -0.00610857, 0.01338778
0.16711935, 0.25009918, 0.95367289
0.99363184, 0.29491359
0.00775787, -0.07029446, 0.03032
0.55265969, 0.83172095, 0.05261391
0.99763805, 0.14131641
0.00929755, -0.07031548, 0.0303157
0.98535109, 0.16959135, 0.0168157
0.99363184, 0.14129597
0.00826761, -0.01429746, 0.05311695
0.26227608, 0.55989259, -0.78594315
0.9441725, 0.86581886
-0.00913367, -0.01430784, 0.05311479
-0.26227608, 0.56105226, -0.78508866
0.89889848, 0.86579418
0.00929752, 0.04201039, 0.06897289
0.92645037, -0.21509445, -0.30881679
0.94684935, 1.0
0.00826761, -0.01429746, 0.05311695
0.26227608, 0.55989259, -0.78594315
0.92233104, 0.29493374
-0.00913366, -0.00609806, 0.01338992
-0.3859981, 0.66936249, 0.63475448
0.96760505, 0.39005083
-0.00913367, -0.01430784, 0.05311479
-0.26227608, 0.56105226, -0.78508866
0.96760505, 0.29493654
-0.01376608, 0.30378169, 0.00109235
-0.70256662, 0.63603628, 0.31904051
0.64032519, 0.47565413
-0.01376608, 0.30378169, -0.02657367
-0.63295388, 0.71996218, -0.28452405
0.73089653, 0.12473357
-0.01376603, -0.02168919, 0.01338778
-0.72356331, -0.01770074, 0.68999296
0.48545888, 0.76945496
-0.01376604, 0.0508524, 0.01338778
-0.69124424, 0.05203406, 0.72072512
0.48545879, 0.5979597
-0.01376604, 0.0653554, -0.02358687
-0.88848537, 0.18527786, -0.4197821
0.38925952, 0.56367314
-0.01376604, 0.04435514, -0.05014382
-0.57600635, 0.00238044, -0.81740773
0.32016468, 0.61331969
-0.01376608, 0.30378169, -0.02657367
-0.63295388, 0.71996218, -0.28452405
0.38148823, 1.067e-05
-0.01376608, 0.28212535, -0.04969479
-0.57338178, -0.0249031, -0.81887263
0.3213326, 0.05120826
-0.01376605, 0.13378814, 0.0079429
-0.90435499, -0.30152288, 0.30198064
0.47129238, 0.40189171
-0.01376605, 0.08836275, 0.0079429
-0.72365487, 0.04968413, 0.68831444
0.47129244, 0.50928164
0.00414492, 0.28364626, -0.0088434
0.77819145, -0.6279794, -0.00314341
0.73146081, 0.51856333
-0.00075012, 0.28364632, -0.00394835
-0.00027467, -0.62895596, 0.77742851
0.71470398, 0.51260033
-0.00417103, 0.28364632, -0.00539876
-0.54710531, -0.63191628, 0.54893643
0.70805198, 0.51897132
-0.00564516, 0.28364632, -0.0088434
-0.77843565, -0.62767416, -0.00314341
0.70811355, 0.5278165
-0.00075012, 0.28364626, -0.01373843
-0.00030519, -0.6259346, -0.77986997
0.72487038, 0.53377944
-0.01376605, 0.13378814, 0.0079429
-0.90435499, -0.30152288, 0.30198064
0.84035856, 0.18767917
-0.01376605, 0.13378814, 0.0079429
-0.90435499, -0.30152288, 0.30198064
0.94207096, 0.54035777
0.00358801, 0.13381052, 0.02612382
0.52653587, -0.09820856, 0.84441662
0.89485085, 0.49933106
-0.01376606, 0.13381052, 0.01784413
-0.72023684, -0.61040074, 0.32959992
0.91635674, 0.5403578
-0.01376604, 0.0653554, -0.02358687
-0.88848537, 0.18527786, -0.4197821
0.77577883, 0.9997884
0.01226504, 0.26256308, -0.02358687
0.89049959, -0.18829921, -0.41410565
0.77577889, 0.54443637
0.003588, 0.26256308, -0.02657367
0.14093448, -0.44901884, -0.88232064
0.79835451, 0.53738704
-0.01376607, 0.26256308, -0.02358687
-0.89049959, -0.18829921, -0.41410565
0.84350574, 0.54443631
0.01226508, 0.01309262, -0.00772772
0.94909513, -0.12729271, -0.28809473
0.9758122, 0.1905548
0.00358804, 0.01309262, -0.01557144
0.33295694, -0.45393232, -0.82644123
0.95323658, 0.20906717
-0.01376603, 0.01309261, -0.00772772
-0.94891202, -0.12814721, -0.28830835
0.90808535, 0.19055486
0.01226507, 0.06535541, -0.02358687
0.88848537, 0.18527786, -0.4197821
0.8403585, 0.18767923
0.01226508, 0.04435514, -0.05014382
0.57600635, 0.00238044, -0.81740773
0.90511388, 0.18767458
-0.01376604, 0.0653554, -0.02358687
-0.88848537, 0.18527786, -0.4197821
0.8403585, 0.1261391
0.00929751, 0.08064692, 0.07291551
0.57856989, 0.56990266, 0.58345288
0.8403585, 0.31867439
-0.00417107, 0.32833144, -0.01221213
-0.54866177, 0.63414413, -0.5447554
0.98658484, 0.45414066
-0.00417107, 0.32833144, -0.00539874
-0.54710531, 0.63191628, 0.54893643
0.99713993, 0.78871328
-0.00075016, 0.32833144, -0.00394833
-0.00027467, 0.62895596, 0.77742851
0.71470267, 0.49680305
0.00267799, 0.32833144, -0.00539874
0.54750204, 0.6317026, 0.54878384
0.72438234, 0.49691319
0.00414488, 0.32833144, -0.00884336
0.77822196, 0.62794888, -0.00314341
0.73145628, 0.49085963
-0.00075016, 0.32833144, -0.01373841
-0.00030519, 0.6259346, -0.77983946
0.72486711, 0.47565365
-0.0056452, 0.32833144, -0.00884336
-0.77843565, 0.62767416, -0.00314341
0.70811355, 0.48159701
0.00267802, 0.28364626, -0.01221216
0.54908901, -0.6339305, -0.54460281
0.97941309, 0.89435323
0.00267799, 0.32833144, -0.00539874
0.54750204, 0.6317026, 0.54878384
0.99363184, 0.18925518
-0.01376608, 0.30378169, -0.02657367
-0.63295388, 0.71996218, -0.28452405
0.97581214, 0.1905548
0.00358799, 0.30378169, 0.0079429
0.24835964, 0.67607653, 0.69368571
0.93066096, 0.10918868
0.01226502, 0.30378169, -0.02657367
0.63295388, 0.71996218, -0.28452405
0.90808535, 0.19055444
0.01226503, 0.30378169, 0.00109235
0.70256662, 0.63603628, 0.31904051
0.1333043, 1.0
0.01226505, 0.13381052, 0.01784413
0.71990114, -0.61079746, 0.32959992
0.17688848, 0.59817237
0.01226504, 0.26256308, -0.02358687
0.89049959, -0.18829921, -0.41410565
0.06909481, 0.90255545
0.01226506, 0.08836275, 0.0079429
0.72365487, 0.04968413, 0.68831444
0.15112785, 0.49072969
0.01226507, 0.0508524, 0.01338778
0.69124424, 0.05203406, 0.72072512
0.16529414, 0.40205169
0.01226507, 0.06535541, -0.02358687
0.88848537, 0.18527786, -0.4197821
0.06909487, 0.43633825
0.01226505, 0.13378814, 0.0079429
0.90432447, -0.30152288, 0.30204168
0.15112783, 0.59811947
0.01226503, 0.28212535, -0.04969479
0.57338178, -0.0249031, -0.81887263
0.00116819, 0.94880259
0.01226502, 0.30378169, -0.02657367
0.63295388, 0.71996218, -0.28452405
0.06132384, 1.0
0.01226508, 0.04435514, -0.05014382
0.57600635, 0.00238044, -0.81740773
0.0, 0.38669181
-0.01043471, -0.1043082, 0.06178468
-0.8620258, 0.01181066, 0.50669879
0.61136562, 0.96478542
-0.01376603, -0.02168919, 0.01338778
-0.72356331, -0.01770074, 0.68999296
0.7757805, 0.80492805
-0.0104347, -0.1043082, 0.01338774
-0.96856594, -0.01010163, 0.24851222
0.78444958, 1.0
0.00929348, -0.1043082, 0.01338774
0.96859646, -0.00903348, 0.24842067
0.83577764, 1.0
0.00543398, 0.07470289, 0.07291551
0.68019652, 0.72832423, 0.0827662
0.72229737, 0.33510113
0.00929751, 0.08836275, 0.0079429
0.42643514, 0.61790824, 0.66054261
0.83578634, 0.54443637
0.00929757, -0.1043082, 0.06178468
0.8620258, 0.01178014, 0.50666827
0.29120496, 0.03522354
0.00929757, -0.1191946, 0.06178467
0.68581194, -0.60975981, 0.39728996
0.29120493, 3.07e-05
-0.01043471, -0.1043082, 0.06178468
-0.8620258, 0.01181066, 0.50669879
0.89485043, 0.5646258
0.00358801, 0.08303171, 0.02742523
0.57704395, -0.56422621, 0.5904721
0.68547434, 0.99999982
-0.01042316, -0.1191946, -0.00772778
-0.72383803, -0.63771474, -0.26331371
0.9461596, 0.55887014
0.00929349, -0.1191946, -0.00772778
0.72392958, -0.63765371, -0.26319164
0.89486152, 0.55887014
-0.00385094, -0.1191946, -0.01557149
-0.33075961, -0.62312692, -0.70870084
0.92906028, 0.54035777
0.00272127, -0.1191946, -0.01557149
0.33075961, -0.62312692, -0.70870084
0.9119609, 0.5403578
-0.00385728, -0.1191946, 0.06555584
-0.19479965, -0.65349287, 0.73140657
0.92907673, 0.73183039
0.01226503, 0.30378169, 0.00109235
0.70256662, 0.63603628, 0.31904051
0.70805204, 0.47565365
-0.00385094, -0.1191946, -0.01557149
-0.33075961, -0.62312692, -0.70870084
0.4100821, 1.0
0.00272127, -0.1191946, -0.01557149
0.33075961, -0.62312692, -0.70870084
0.96650964, 0.41923094
-0.01043476, 0.04201039, 0.06897289
-0.92645037, -0.2151555, -0.30881679
0.78901905, 0.3186745
-0.01043477, 0.08064705, 0.07291551
-0.57856989, 0.56990266, 0.58345288
0.64032507, 0.52753359
-0.01043477, 0.08141008, 0.04042922
-0.72875148, 0.68004394, 0.08001953
0.55580348, 0.5257296
-0.01043477, 0.08836275, 0.0079429
-0.42643514, 0.61790824, 0.66054261
0.47128177, 0.50929275
-0.01043476, 0.0508524, 0.01338778
-0.39582506, -0.26438186, 0.87942135
0.48544812, 0.59797081
-0.01043476, 0.04421249, 0.04118035
-0.69002348, -0.71486557, -0.11301004
0.55775779, 0.61366826
-0.01043473, -0.07031548, 0.0303157
-0.98507643, 0.17151402, 0.01403851
0.52949071, 0.88442328
-0.01068938, -0.00610857, 0.01338778
-0.16452529, 0.25083163, 0.95391703
0.48544902, 0.73263112
-0.01068938, -0.01431835, 0.05311264
-0.74117249, 0.21744438, -0.63509017
0.58880371, 0.75203994
0.0098073, -0.00610857, 0.01338778
0.16711935, 0.25009918, 0.95367289
0.16528875, 0.26737911
0.00929755, -0.07031548, 0.0303157
0.98535109, 0.16959135, 0.0168157
0.2093301, 0.11558557
0.00929753, -0.0149929, 0.05764724
0.7142247, -0.07721183, 0.69560838
0.28044027, 0.24637318
0.0098073, -0.01431834, 0.05311264
0.76158941, 0.20944853, -0.61323893
0.26864344, 0.24797028
0.00929752, 0.08141008, 0.04042922
0.72875148, 0.68004394, 0.08001953
0.23564301, 0.47427881
0.00929752, 0.0442125, 0.04118035
0.69002348, -0.71486557, -0.11301004
0.2375973, 0.38634026
0.00929752, 0.0508524, 0.01338778
0.39582506, -0.26438186, 0.87942135
0.16528761, 0.40203774
0.00929751, 0.08836275, 0.0079429
0.42643514, 0.61790824, 0.66054261
0.15112132, 0.49071568
-0.01043473, -0.07031548, 0.0303157
-0.98507643, 0.17151402, 0.01403851
0.99018073, 0.44855803
-0.01043477, 0.08064705, 0.07291551
-0.57856989, 0.56990266, 0.58345288
0.89484966, 1.0
-0.00657124, 0.06647341, 0.14531125
-0.58351392, 0.54081851, 0.6057924
0.94817841, 0.75299752
0.00543399, 0.0429935, 0.07291551
0.73125398, -0.67772454, -0.07702872
0.9687652, 0.55984142
-0.00657124, 0.07470296, 0.07291551
-0.68019652, 0.72832423, 0.0827662
0.97941315, 0.99999991
-0.00657123, 0.03476395, 0.14531125
-0.5716117, -0.61204869, 0.54643393
0.8403585, 0.47565365
0.00358801, 0.08298403, 0.02502166
0.57765436, -0.59016693, -0.56392103
0.73145628, 0.49691319
-0.00508902, 0.08298403, 0.02502166
-0.57765436, -0.59016693, -0.56392103
0.96760505, 0.29493374
0.00358801, 0.13376284, 0.02372025
0.57704395, 0.56422621, -0.5904721
0.73480672, 0.21498299
-0.00508902, 0.13376284, 0.02372025
-0.57704395, 0.56422621, -0.5904721
0.73768699, 0.5124979
-0.00508902, 0.13376284, 0.02372025
-0.57704395, 0.56422621, -0.5904721
0.72229743, 0.21498281
-0.01043476, 0.0508524, 0.01338778
-0.39582506, -0.26438186, 0.87942135
0.78901905, 0.18627751
0.00826761, -0.00608768, 0.01339206
0.38758507, 0.66856897, 0.63463241
0.99763805, 0.29493374
-0.01043476, 0.04201039, 0.06897289
-0.92645037, -0.2151555, -0.30881679
0.89551061, 0.99999997
0.0098073, -0.01431834, 0.05311264
0.76158941, 0.20944853, -0.61323893
0.94817841, 0.86576921
0.00929755, -0.07031548, 0.0303157
0.98535109, 0.16959135, 0.0168157
0.9468562, 0.73183039
0.00775787, -0.07029446, 0.03032
0.55265969, 0.83172095, 0.05261391
0.94285029, 0.73188037
-0.01043473, -0.07031548, 0.0303157
-0.98507643, 0.17151402, 0.01403851
0.89551747, 0.73183039
-0.01068938, -0.01431835, 0.05311264
-0.74117249, 0.21744438, -0.63509017
0.89485085, 0.86576918
-0.008879, -0.0703051, 0.03031787
-0.54811245, 0.83468121, 0.05331584
0.8995651, 0.73185509
0.00826761, -0.00608768, 0.01339206
0.38758507, 0.66856897, 0.63463241
0.92233104, 0.39004815
# Number of Faces:
204
# Face Data:
0, 1, 2
3, 4, 5
6, 7, 8
9, 10, 11
12, 13, 14
15, 16, 17
18, 19, 20
21, 22, 23
24, 25, 26
27, 28, 29
30, 31, 32
33, 34, 35
36, 34, 37
38, 39, 40
41, 42, 43
44, 45, 46
47, 48, 49
50, 51, 48
52, 53, 44
40, 54, 55
56, 57, 58
59, 60, 61
62, 60, 63
64, 65, 66
67, 68, 69
70, 71, 72
73, 74, 75
76, 71, 77
78, 79, 60
64, 80, 81
82, 83, 84
85, 86, 2
87, 88, 89
90, 91, 92
61, 79, 93
94, 95, 86
95, 2, 86
96, 97, 98
18, 99, 96
100, 67, 101
102, 103, 104
105, 101, 106
107, 104, 108
80, 109, 110
80, 92, 111
112, 113, 114
115, 31, 116
117, 118, 119
120, 121, 122
123, 124, 125
126, 127, 128
129, 130, 131
132, 66, 65
133, 134, 135
136, 137, 138
139, 140, 141
142, 143, 144
145, 146, 147
148, 149, 150
151, 152, 153
154, 155, 156
157, 158, 159
113, 160, 114
161, 162, 163
164, 165, 166
167, 168, 169
0, 170, 1
3, 171, 4
69, 172, 101
172, 173, 106
106, 101, 172
174, 175, 106
176, 177, 8
8, 174, 178
106, 173, 174
178, 6, 8
173, 179, 174
7, 176, 8
174, 179, 178
180, 11, 10
181, 182, 11
183, 9, 182
184, 10, 9
11, 182, 9
12, 185, 13
186, 17, 16
15, 187, 16
16, 188, 186
18, 189, 19
23, 190, 191
21, 192, 22
23, 191, 21
26, 193, 194
24, 195, 25
26, 194, 24
196, 197, 29
27, 198, 28
29, 197, 27
30, 199, 31
33, 37, 34
36, 200, 34
38, 201, 39
202, 203, 42
204, 43, 203
205, 41, 43
206, 42, 41
203, 43, 42
44, 53, 45
47, 50, 48
50, 207, 51
52, 208, 53
40, 39, 54
209, 58, 57
56, 210, 57
57, 211, 209
59, 63, 60
212, 213, 214
215, 216, 217
213, 218, 214
219, 220, 214
214, 220, 212
216, 62, 63
214, 218, 217
63, 221, 217
217, 218, 215
62, 78, 60
63, 217, 216
64, 81, 65
222, 69, 68
101, 67, 69
72, 82, 223
223, 224, 70
225, 70, 224
77, 71, 70
72, 223, 70
73, 226, 74
76, 227, 71
78, 228, 229
229, 79, 78
110, 81, 80
64, 230, 90
90, 80, 64
82, 72, 83
85, 231, 86
89, 232, 233
234, 235, 233
233, 87, 89
88, 236, 89
232, 234, 233
90, 230, 91
61, 60, 79
94, 237, 95
95, 0, 2
96, 99, 97
18, 20, 99
100, 238, 67
102, 239, 103
105, 100, 101
107, 102, 104
80, 111, 109
80, 90, 92
112, 240, 113
115, 32, 31
118, 241, 119
242, 243, 244
244, 245, 242
242, 245, 241
246, 247, 69
246, 69, 222
246, 222, 117
248, 246, 117
241, 245, 119
119, 248, 117
78, 249, 250
228, 78, 250
251, 228, 250
251, 250, 252
253, 121, 254
255, 256, 253
120, 254, 121
251, 252, 120
254, 255, 253
122, 251, 120
129, 257, 130
132, 258, 66
133, 259, 134
136, 260, 137
139, 261, 140
142, 262, 143
145, 263, 146
148, 264, 149
151, 265, 152
154, 266, 155
157, 267, 158
113, 268, 160
161, 269, 162
270, 166, 165
271, 272, 273
271, 273, 164
274, 275, 165
165, 276, 274
166, 271, 164
165, 275, 270
167, 277, 168
