# Project Zomboid Skinned Mesh
# File Version:
1.0
# Model Name:
Cube
# Vertex Stride Element Count:
3
# Vertex Stride Size (in bytes):
76
# Vertex Stride Data:
# (Int)    Offset
# (String) Type
0
VertexArray
12
NormalArray
24
TextureCoordArray
# Vertex Count:
561
# Vertex Buffer:
-0.01808363, 0.20548473, 0.01764772
-0.66975921, 0.13357952, 0.73043001
0.4683103, 0.6808472
-0.0180836, 0.22490256, 0.01002117
-0.91433454, 0.02557451, 0.40412611
0.48592219, 0.72217903
-0.0180836, 0.23281206, -0.00908641
-0.94381541, 0.00683615, -0.33030182
0.53541702, 0.74067944
-0.01566548, 0.15303732, 0.04227161
-0.57734919, 0.57734919, 0.57734919
0.66868275, 0.28124434
0.0069668, 0.15303732, 0.02477216
0.79262674, 0.57298499, 0.20822778
0.72861767, 0.24468052
-0.01566548, 0.15303732, 0.02477216
-0.79262674, 0.57298499, 0.20822778
0.66868281, 0.24468052
0.00329372, 0.23281206, 0.01567867
0.35380107, 0.01178014, 0.93523973
0.65171289, 0.73272389
0.00969826, 0.22490256, 0.01002117
0.91433454, 0.02557451, 0.40412611
0.66868275, 0.74876881
0.00969826, 0.23281206, 0.01002117
0.91103852, 0.0097354, 0.41218299
0.66868198, 0.73224902
-0.00097602, 0.04718087, -0.02245338
0.40836817, -0.1874752, -0.89333779
0.88525295, 0.37967592
-0.00740942, 0.05495051, -0.02245342
-0.43357646, 0.0, -0.90108949
0.8682273, 0.39590108
-0.00097597, 0.05495051, -0.02245342
0.43357646, 0.0, -0.90108949
0.8852635, 0.39590049
0.0024638, 0.34431961, 0.01317286
0.35401469, 0.01184118, 0.93514818
0.64950812, 0.49961925
0.00535136, 0.06326348, -0.01863148
0.57734919, -0.57734919, 0.57734919
0.98887122, 0.94118138
0.00535138, 0.09140242, -0.02988802
0.57734919, 0.57734919, -0.57734919
0.95906854, 1.0
0.00535138, 0.09140242, -0.01863146
0.57734919, 0.57734919, 0.57734919
0.98887122, 0.9999997
-0.01167907, 0.21091856, 0.01567867
-0.06573687, 0.24375133, 0.96758932
0.61206406, 0.77845107
-0.0156655, 0.20548473, 0.01764772
0.0, 0.17294839, 0.98492384
0.60150468, 0.78996551
0.0069668, 0.20548473, 0.01764772
0.0, 0.17294839, 0.98492384
0.66143966, 0.7899648
0.00969824, 0.14860047, 0.01764772
0.70708334, 0.0, 0.70708334
0.17787528, 0.43793917
0.00969824, 0.20366652, -0.00908639
0.94375437, 0.0, -0.33057648
0.24131115, 0.32019711
0.00969824, 0.20548473, 0.01764772
0.66975921, 0.13357952, 0.73043001
0.17037851, 0.31918234
-0.0180836, 0.22490256, 0.01002117
-0.91433454, 0.02557451, 0.40412611
0.59511071, 0.74876958
-0.01167907, 0.23281206, 0.01567867
-0.35380107, 0.01178014, 0.93523973
0.61206192, 0.7327244
-0.0180836, 0.23281206, 0.01002117
-0.91103852, 0.0097354, 0.41218299
0.59510994, 0.73224986
0.0069668, 0.15037112, 0.04227161
0.57734919, -0.57734919, 0.57734919
0.94543737, 0.24519533
-0.01566548, 0.15037112, 0.02465148
-0.80669576, -0.54374826, 0.23136082
0.88550246, 0.2820127
0.0069668, 0.15037112, 0.02465148
0.80669576, -0.54374826, 0.23136082
0.94543737, 0.2820127
0.0069668, 0.15436004, 0.01764772
0.57734919, 0.57734919, -0.57734919
0.99998546, 0.2361474
-0.01566548, 0.14885522, 0.01764772
-0.57734919, -0.57734919, -0.57734919
0.98542213, 0.28345805
-0.01566548, 0.15436004, 0.01764772
-0.57734919, 0.57734919, -0.57734919
0.99998546, 0.28345275
-0.01566548, 0.15037112, 0.04227161
-0.57734919, -0.57734919, 0.57734919
0.85454255, 0.56931299
0.0069668, 0.15303732, 0.04227161
0.57734919, 0.57734919, 0.57734919
0.8615976, 0.61662072
-0.01566548, 0.15303732, 0.04227161
-0.57734919, 0.57734919, 0.57734919
0.8615976, 0.56931287
0.0069668, 0.1566457, 0.03606882
0.69750053, -0.7158727, 0.03088473
0.7946077, 0.48499763
-0.01566548, 0.1566457, 0.01764772
-0.70708334, -0.70708334, 0.0
0.85454255, 0.44650662
0.0069668, 0.1566457, 0.01764772
0.70708334, -0.70708334, 0.0
0.7946077, 0.44650662
0.0069668, 0.15836783, 0.05598385
0.69566941, -0.71150851, 0.09866634
0.7946077, 0.52670822
-0.01566548, 0.1566457, 0.03606882
-0.69750053, -0.7158727, 0.03088473
0.85454255, 0.48499763
-0.0156655, 0.20126672, 0.01764772
-0.69777519, 0.71568954, 0.02905362
0.94543743, 0.86595975
0.0069668, 0.20055877, 0.03507578
0.72020632, 0.69362468, -0.01156652
0.88550246, 0.82950279
0.0069668, 0.20126666, 0.01764772
0.69777519, 0.71568954, 0.02905362
0.88550252, 0.86595978
0.0069668, 0.16217275, 0.07583826
0.69994199, -0.69673759, 0.15683462
0.79460764, 0.56841075
-0.01566548, 0.15836783, 0.05598385
-0.69566941, -0.71150851, 0.09866634
0.85454255, 0.52670825
-0.0156655, 0.20168708, 0.0502998
-0.72118288, 0.68636125, -0.09356975
0.94543743, 0.7977608
-0.0156655, 0.20055877, 0.03507578
-0.72020632, 0.69362468, -0.01156652
0.94543743, 0.82950278
0.0069668, 0.1681091, 0.09874902
0.57811213, -0.41898862, 0.7001251
0.79460764, 0.61662084
-0.01566548, 0.16217275, 0.07583826
-0.69994199, -0.69673759, 0.15683462
0.85454255, 0.56841075
-0.01566548, 0.15037112, 0.02465148
-0.80669576, -0.54374826, 0.23136082
0.99598551, 0.37174749
-0.01566548, 0.15436004, 0.02319277
-0.63768423, 0.72392958, 0.26310006
0.98542213, 0.37479657
-0.01566548, 0.14885522, 0.02319277
-0.6286813, -0.71556747, 0.30448318
1.0, 0.37479657
0.0069668, 0.15303732, 0.02477216
0.79262674, 0.57298499, 0.20822778
0.98892498, 0.29834664
0.0069668, 0.15037112, 0.02465148
0.80669576, -0.54374826, 0.23136082
0.99598563, 0.29809451
0.0069668, 0.15436004, 0.02319277
0.63768423, 0.72392958, 0.26310006
0.98542219, 0.29504603
-0.0156655, 0.20479204, 0.06585421
-0.71340066, 0.6830653, -0.15625477
0.94543743, 0.76544669
0.0069668, 0.20168708, 0.0502998
0.72118288, 0.68636125, -0.09356975
0.88550246, 0.7977608
0.0069668, 0.21061634, 0.08840605
0.57658619, 0.7008881, 0.41981262
0.88550246, 0.38638711
-0.01566548, 0.1681091, 0.09874902
-0.57811213, -0.41898862, 0.7001251
0.94543743, 0.29673338
0.0069668, 0.1681091, 0.09874902
0.57811213, -0.41898862, 0.7001251
0.88550258, 0.2967388
-0.01566548, 0.16217275, 0.07583826
-0.69994199, -0.69673759, 0.15683462
0.67178458, 0.56751862
-0.0156655, 0.20479204, 0.06585421
-0.71340066, 0.6830653, -0.15625477
0.78713989, 0.55849954
-0.0156655, 0.20168708, 0.0502998
-0.72118288, 0.68636125, -0.09356975
0.78438413, 0.52541679
0.0069668, 0.16217275, 0.07583826
0.69994199, -0.69673759, 0.15683462
0.74539393, 0.87792864
0.0069668, 0.15836783, 0.05598385
0.69566941, -0.71150851, 0.09866634
0.74229223, 0.92010453
0.0069668, 0.20168708, 0.0502998
0.72118288, 0.68636125, -0.09356975
0.85799342, 0.92001735
-0.0156655, 0.21061634, 0.08840605
-0.57658619, 0.7008881, 0.41981262
0.94543743, 0.71867457
0.0069668, 0.20479204, 0.06585421
0.71340066, 0.6830653, -0.15625477
0.88550252, 0.76544669
-0.01808363, 0.0815053, 0.08825915
-0.60322887, 0.4313181, 0.67082733
0.595101, 0.47684026
0.00969824, 0.1047437, 0.03731069
0.66881311, 0.72078615, 0.18195136
0.66867304, 0.36899751
-0.01808363, 0.10474379, 0.03731069
-0.66878259, 0.72081667, 0.18192084
0.595101, 0.36899751
0.00815834, 0.35502377, 0.00814253
0.71144748, 0.62520218, 0.32081056
0.66459495, 0.47684032
0.00815834, 0.34431961, 0.00814251
0.91207618, 0.00976592, 0.40986359
0.66459602, 0.49919701
-0.00133254, 0.34431961, -0.02073195
0.7601245, -0.28919339, -0.58183539
0.25420141, 0.02533436
0.00969826, 0.23281206, -0.00908641
0.94381541, 0.00683615, -0.33030182
0.23747011, 0.2593503
-0.00097595, 0.23281206, -0.02245342
0.43308815, 0.00762963, -0.90130311
0.27342862, 0.25794899
-0.0070528, 0.34431961, -0.02073195
-0.7601245, -0.28919339, -0.58183539
0.86960745, 1.0
-0.00097595, 0.23281206, -0.02245342
0.43308815, 0.00762963, -0.90130311
0.88550246, 0.76731049
-0.0074094, 0.23281206, -0.02245342
-0.43308815, 0.00762963, -0.90130311
0.86846632, 0.76731105
-0.01084914, 0.34431961, 0.01317286
-0.35401469, 0.01184118, 0.93514818
0.61425275, 0.4996196
0.00815834, 0.34431961, 0.00814251
0.91207618, 0.00976592, 0.40986359
0.17730439, 0.02834755
0.00969826, 0.23281206, 0.01002117
0.91103852, 0.0097354, 0.41218299
0.18694393, 0.26133794
-0.01654366, 0.34431961, 0.00814251
-0.91207618, 0.00976592, 0.40986359
0.47513044, 0.97167764
-0.0180836, 0.23281206, 0.01002117
-0.91103852, 0.0097354, 0.41218299
0.48487961, 0.73869163
-0.0070528, 0.34431961, -0.02073195
-0.7601245, -0.28919339, -0.58183539
0.551377, 0.9746647
-0.0074094, 0.23281206, -0.02245342
-0.43308815, 0.00762963, -0.90130311
0.57063276, 0.74205115
-0.01654366, 0.35502377, 0.00814253
-0.71144748, 0.62520218, 0.32081056
0.88550252, 0.4812296
-0.01084914, 0.35502377, 0.01317286
-0.27326274, 0.63542587, 0.7221595
0.90058279, 0.49174011
0.00815834, 0.35502377, 0.00814253
0.71144748, 0.62520218, 0.32081056
0.95091844, 0.48122954
-0.00100711, 0.34371075, -0.02512916
0.54359567, -0.79006314, 0.28333384
0.26589051, 0.02614826
-0.00133254, 0.35502377, -0.02073195
0.59840691, 0.79082614, -0.12833034
0.25279069, 0.00298733
-0.01084914, 0.35502377, 0.01317286
-0.27326274, 0.63542587, 0.7221595
0.61425173, 0.47726297
-0.01654366, 0.34431961, 0.00814251
-0.91207618, 0.00976592, 0.40986359
0.5991801, 0.49919778
-0.01654368, 0.35502377, -0.00884679
-0.72539443, 0.63969851, -0.25406659
0.51865435, 0.99579208
-0.01654368, 0.34431961, -0.00884677
-0.94366282, 0.00686666, -0.33082065
0.52006519, 0.97344509
0.00815834, 0.35502377, -0.00884679
0.72539443, 0.63969851, -0.25406659
0.2208185, 0.00423318
0.00815834, 0.34431961, -0.00884677
0.94366282, 0.00686666, -0.33082065
0.22222915, 0.0265801
0.0024638, 0.35502377, 0.01317286
0.27326274, 0.63542587, 0.7221595
0.64950711, 0.47726256
-0.00737822, 0.34371075, -0.02512916
-0.54359567, -0.79006314, 0.28333384
0.9673931, 0.61340189
-0.00133254, 0.34431961, -0.02073195
0.7601245, -0.28919339, -0.58183539
0.98340327, 0.60417923
-0.0070528, 0.34431961, -0.02073195
-0.7601245, -0.28919339, -0.58183539
0.9682548, 0.60417923
-0.00133254, 0.35502377, -0.02073195
0.59840691, 0.79082614, -0.12833034
0.92578465, 0.42089844
-0.00737822, 0.35563269, -0.02512916
-0.54359567, 0.79006314, 0.28330332
0.90977448, 0.41167438
-0.0070528, 0.35502377, -0.02073195
-0.59840691, 0.79079562, -0.12833034
0.91063625, 0.42089844
-0.0070528, 0.35502377, -0.02073195
-0.59840691, 0.79079562, -0.12833034
0.54996604, 0.9970117
-0.00737822, 0.34371075, -0.02512916
-0.54359567, -0.79006314, 0.28333384
0.56309158, 0.97385156
-0.01051942, 0.34371075, -0.03370722
-0.72182381, -0.63505965, -0.27497178
0.58582038, 0.97474967
-0.00737822, 0.35563269, -0.03723163
-0.31910154, 0.62556839, -0.71190524
0.59352982, 1.0
-0.00737822, 0.34371075, -0.03723153
-0.31910154, -0.62556839, -0.71187472
0.59510106, 0.97511067
-0.01051942, 0.35563269, -0.03370717
-0.72182381, 0.63505965, -0.27497178
0.58424878, 0.999639
-0.01051942, 0.34371075, -0.02865352
-0.72182381, -0.63505965, 0.27497178
0.57245392, 0.97422384
-0.01051942, 0.35563269, -0.02865352
-0.72182381, 0.63505965, 0.27497178
0.57088244, 0.99911316
-0.00737822, 0.35563269, -0.02512916
-0.54359567, 0.79006314, 0.28330332
0.56152016, 0.99874095
-0.00737822, 0.34371075, -0.03723153
-0.31910154, -0.62556839, -0.71187472
0.9673931, 0.63868991
0.00213407, 0.34371075, -0.03370717
0.72182381, -0.63505965, -0.27497178
0.99258357, 0.63132575
-0.01051942, 0.34371075, -0.03370722
-0.72182381, -0.63505965, -0.27497178
0.95907456, 0.63132584
0.00213407, 0.34371075, -0.03370717
0.72182381, -0.63505965, -0.27497178
0.2883932, 0.02525914
0.00213407, 0.35563269, -0.02865352
0.72182381, 0.63505965, 0.27497178
0.27345866, 0.0008955
0.00213407, 0.34371075, -0.02865352
0.72182381, -0.63505965, 0.27497178
0.27502984, 0.02578485
0.00213407, 0.35563269, -0.03370722
0.72182381, 0.63505965, -0.27497178
0.93496495, 0.3937512
-0.01051942, 0.35563269, -0.03370717
-0.72182381, 0.63505965, -0.27497178
0.90145594, 0.39375126
-0.01051942, 0.35563269, -0.02865352
-0.72182381, 0.63505965, 0.27497178
0.90145594, 0.40431046
-0.00100711, 0.35563269, -0.02512916
0.54359567, 0.79006314, 0.28333384
0.26431933, 0.00125897
0.00213407, 0.35563269, -0.03370722
0.72182381, 0.63505965, -0.27497178
0.28682214, 0.00036979
-0.00100711, 0.34371075, -0.03723153
0.31910154, -0.62556839, -0.71187472
0.29789281, 0.02488929
-0.00100711, 0.35563269, -0.03723163
0.31910154, 0.62556839, -0.71187472
0.2963219, 0.0
-0.00737822, 0.35563269, -0.03723163
-0.31910154, 0.62556839, -0.71190524
0.8600468, 0.62212762
-0.00100711, 0.34371075, -0.03723153
0.31910154, -0.62556839, -0.71187472
0.84317577, 0.64701682
-0.00737822, 0.34371075, -0.03723153
-0.31910154, -0.62556839, -0.71187472
0.8600468, 0.64702299
-0.00032875, 0.32859862, 0.0013177
0.54896694, -0.63023776, 0.54896694
0.94543743, 0.74236882
-0.00410355, 0.32859862, 0.0028813
0.0, -0.63023776, 0.77636033
0.95308799, 0.74840754
-0.00944192, 0.32859862, -0.00245708
-0.77636033, -0.63023776, 0.0
0.97155797, 0.74237415
-0.00410355, 0.39995295, 0.0028813
0.0, 0.63023776, 0.77636033
0.92696756, 0.22458392
0.00123481, 0.39995295, -0.00245708
0.77636033, 0.63023776, 0.0
0.91931695, 0.23916006
-0.00944192, 0.39995295, -0.00245708
-0.77636033, 0.63023776, 0.0
0.94543737, 0.23061669
-0.00032875, 0.32859862, -0.00623189
0.54896694, -0.63023776, -0.54896694
0.97906715, 0.45502681
0.00123481, 0.39995295, -0.00245708
0.77636033, 0.63023776, 0.0
0.98915088, 0.60417923
0.00123481, 0.32859862, -0.00245708
0.77636033, -0.63023776, 0.0
0.98915094, 0.45502865
-0.00787835, 0.32859862, 0.0013177
-0.54896694, -0.63023776, 0.54896694
0.95907456, 0.45502657
-0.00944192, 0.39995295, -0.00245708
-0.77636033, 0.63023776, 0.0
0.96909124, 0.60417923
-0.00944192, 0.32859862, -0.00245708
-0.77636033, -0.63023776, 0.0
0.96909124, 0.45502853
-0.00410355, 0.32859862, -0.00779545
0.0, -0.63023776, -0.77636033
0.97538346, 0.23738515
-0.00032875, 0.39995295, -0.00623189
0.54896694, 0.63023776, -0.54896694
0.98542213, 0.38624489
-0.00032875, 0.32859862, -0.00623189
0.54896694, -0.63023776, -0.54896694
0.98542213, 0.23724288
-0.00410355, 0.32859862, 0.0028813
0.0, -0.63023776, 0.77636033
0.95543623, 0.23722523
-0.00787835, 0.39995295, 0.0013177
-0.54896694, 0.63023776, 0.54896694
0.96543032, 0.38638711
-0.00787835, 0.32859862, 0.0013177
-0.54896694, -0.63023776, 0.54896694
0.96543032, 0.23735666
-0.00032875, 0.32859862, 0.0013177
0.54896694, -0.63023776, 0.54896694
0.94543743, 0.23735631
-0.00410355, 0.39995295, 0.0028813
0.0, 0.63023776, 0.77636033
0.95543623, 0.38625568
-0.00787835, 0.32859862, -0.00623189
-0.54896694, -0.63023776, -0.54896694
0.96543032, 0.23723567
-0.00410355, 0.39995295, -0.00779545
0.0, 0.63023776, -0.77636033
0.97538346, 0.38638711
-0.00032875, 0.39995295, 0.0013177
0.54896694, 0.63023776, 0.54896694
0.99905527, 0.60417724
-0.00032875, 0.32859862, 0.0013177
0.54896694, -0.63023776, 0.54896694
0.99905533, 0.45502651
-0.00787835, 0.39995295, -0.00623189
-0.54896694, 0.63023776, -0.54896694
0.97906715, 0.6041773
-0.00787835, 0.32859862, -0.00623189
-0.54896694, -0.63023776, -0.54896694
0.97906715, 0.45502651
-0.00097595, 0.21232288, -0.02245342
0.43357646, 0.0, -0.90108949
0.88547498, 0.72452495
-0.00097597, 0.20366652, -0.02245342
0.43357646, 0.0, -0.90108949
0.88546324, 0.70644879
0.00535136, 0.06326348, -0.01863148
0.57734919, -0.57734919, 0.57734919
0.99630052, 0.80718155
-0.01385528, 0.09140242, -0.01863146
-0.57734919, 0.57734919, 0.57734919
0.94543743, 0.74840972
-0.0138553, 0.06326348, -0.01863148
-0.57734919, -0.57734919, 0.57734919
0.94543743, 0.80718067
-0.01385528, 0.09140242, -0.02988802
-0.57734919, 0.57734919, -0.57734919
0.99629784, 0.80720012
0.00535136, 0.06326348, -0.02988802
0.57734919, -0.57734919, -0.57734919
0.94543743, 0.86594121
-0.0138553, 0.06326348, -0.02988802
-0.57734919, -0.57734919, -0.57734919
0.99629784, 0.86595978
-0.0138553, 0.06326348, -0.01863148
-0.57734919, -0.57734919, 0.57734919
0.9509185, 0.38638723
-0.01385528, 0.09140242, -0.02988802
-0.57734919, 0.57734919, -0.57734919
0.98072773, 0.44520545
-0.0138553, 0.06326348, -0.02988802
-0.57734919, -0.57734919, -0.57734919
0.98072773, 0.38638711
-0.0138553, 0.06326348, -0.02988802
-0.57734919, -0.57734919, -0.57734919
0.9888671, 0.90680851
0.00535136, 0.06326348, -0.01863148
0.57734919, -0.57734919, 0.57734919
0.95906854, 0.86666118
-0.0138553, 0.06326348, -0.01863148
-0.57734919, -0.57734919, 0.57734919
0.95906854, 0.9068085
0.00535138, 0.09140242, -0.02988802
0.57734919, 0.57734919, -0.57734919
0.95907456, 0.67852724
-0.01385528, 0.09140242, -0.01863146
-0.57734919, 0.57734919, 0.57734919
0.98887199, 0.71867457
0.00535138, 0.09140242, -0.01863146
0.57734919, 0.57734919, 0.57734919
0.98887199, 0.67852724
0.00226618, 0.08200984, -0.02460209
0.55510116, 0.33610034, 0.76082647
0.77318251, 0.64454028
-0.0039576, 0.08685522, -0.03369527
0.0, 0.92602313, -0.37739187
0.7976203, 0.63153082
-0.0039576, 0.0844323, -0.02372037
0.0, 0.55870235, 0.82934052
0.77103198, 0.63153082
0.00484414, 0.07616141, -0.02673078
0.7770623, -0.19544053, 0.59828484
0.84317571, 0.63405645
0.00226618, 0.08443274, -0.03457701
0.54222238, 0.71526229, -0.44080934
0.81614, 0.64483279
0.00226618, 0.08200984, -0.02460209
0.55510116, 0.33610034, 0.76082647
0.84317571, 0.64702299
0.00226618, 0.07031301, -0.02885944
0.54222238, -0.71526229, 0.44080934
0.84289986, 0.62100586
0.00484414, 0.07858424, -0.03670563
0.7770623, 0.19544053, -0.59828484
0.81614017, 0.63186616
-0.0039576, 0.06789052, -0.02974112
0.0, -0.92602313, 0.37739187
0.74480093, 0.63153079
0.00226618, 0.07273583, -0.03883428
0.55510116, -0.33610034, -0.76082647
0.76852316, 0.61852133
0.00226618, 0.07031301, -0.02885944
0.54222238, -0.71526229, 0.44080934
0.74229223, 0.61852133
-0.0101814, 0.07273583, -0.03883428
-0.55510116, -0.33610034, -0.76082647
0.76852316, 0.64454028
-0.0039576, 0.07031335, -0.03971602
0.0, -0.55870235, -0.82934052
0.77103198, 0.63153079
-0.0101814, 0.07031301, -0.02885944
-0.54222238, -0.71529281, 0.44080934
0.59517038, 0.23561239
-0.01275936, 0.07858424, -0.03670563
-0.7770623, 0.19544053, -0.59828484
0.62219286, 0.24628645
-0.0101814, 0.07273583, -0.03883428
-0.55510116, -0.33610034, -0.76082647
0.62219286, 0.2332831
-0.0039576, 0.07031335, -0.03971602
0.0, -0.55870235, -0.82934052
0.9590686, 0.93012472
-0.01275936, 0.07858424, -0.03670563
-0.7770623, 0.19544053, -0.59828484
0.98745972, 0.94118138
-0.0039576, 0.08685522, -0.03369527
0.0, 0.92602313, -0.37739187
0.99921995, 0.91786505
-0.01275936, 0.07616141, -0.02673078
-0.7770623, -0.19544053, 0.59828484
0.59517038, 0.24861574
-0.0101814, 0.08443274, -0.03457701
-0.54222238, 0.71526229, -0.44080934
0.62212682, 0.2593019
-0.0101814, 0.08200984, -0.02460209
-0.55510116, 0.33610034, 0.76082647
0.77318245, 0.61852133
-0.0101814, 0.08443274, -0.03457701
-0.54222238, 0.71526229, -0.44080934
0.79977083, 0.61852133
-0.0039576, 0.06789052, -0.02974112
0.0, -0.92602313, 0.37739187
0.83487898, 0.22729576
0.00226618, 0.07031301, -0.02885944
0.54222238, -0.71526229, 0.44080934
0.82308382, 0.21693277
0.00226618, 0.08200984, -0.02460209
0.55510116, 0.33610034, 0.76082647
0.79460764, 0.22555184
-0.00740942, 0.05495051, -0.02245342
-0.43357646, 0.0, -0.90108949
0.59407705, 0.37073123
0.01286052, 0.20698382, -0.02666784
0.39451277, -0.63505965, -0.66405225
0.84629649, 0.25057036
0.01545724, 0.20698382, -0.02339598
0.73384809, -0.63621938, -0.23804438
0.85733992, 0.25010425
0.00744708, 0.20698382, -0.01630504
0.00567644, -0.80748922, 0.58983123
0.85733867, 0.22774637
-0.01808363, 0.14860047, 0.01764772
-0.70708334, 0.0, 0.70708334
0.59510648, 0.90877392
0.00969824, 0.14860047, 0.01764772
0.70708334, 0.0, 0.70708334
0.66867852, 0.90877312
-0.01808363, 0.0815053, 0.08825915
-0.60322887, 0.4313181, 0.67082733
0.66868943, 0.3279025
0.00969824, 0.05630195, 0.08825915
0.64796901, -0.21805476, 0.72975862
0.59511739, 0.27526152
0.00969824, 0.0815053, 0.08825915
0.60322887, 0.4313181, 0.67082733
0.59511739, 0.32790118
-0.01808363, 0.05630195, 0.08825915
-0.64796901, -0.21805476, 0.72975862
0.66868943, 0.27526283
0.00969824, 0.04959917, 0.08386084
0.58732873, -0.77452928, 0.23468734
0.59511071, 0.26163113
0.00969824, 0.10483306, 0.03597188
0.70021665, 0.7134617, 0.02551347
0.13518885, 0.53121826
0.00969824, 0.07067475, 0.0342405
0.76293224, -0.6372875, -0.10855434
0.14426887, 0.60235018
0.00969824, 0.07013556, 0.02585393
0.76751, -0.6093936, 0.19876705
0.16651653, 0.60260341
-0.01808363, 0.07013556, 0.02585393
-0.76751, -0.6093936, 0.19876705
0.46444646, 0.39742625
-0.01808363, 0.10483306, 0.03597188
-0.70021665, 0.7134617, 0.02548296
0.43311206, 0.46881127
-0.01808363, 0.07332641, 0.01764772
-1.0, 0.0, 0.0
0.48573035, 0.40494144
-0.01808363, 0.07067475, 0.0342405
-0.76293224, -0.6372875, -0.10855434
0.79460764, 0.41112477
0.00969824, 0.04959917, 0.08386084
0.58732873, -0.77452928, 0.23468734
0.86817968, 0.30864233
-0.01808363, 0.04959917, 0.08386084
-0.58732873, -0.77452928, 0.23468734
0.79460764, 0.30864233
-0.01808363, 0.0648025, 0.01746735
-0.78002256, -0.40522477, 0.47676015
0.7946077, 0.44650662
0.00969824, 0.07013556, 0.02585393
0.76751, -0.6093936, 0.19876705
0.86817968, 0.42867923
-0.01808363, 0.07013556, 0.02585393
-0.76751, -0.6093936, 0.19876705
0.79460764, 0.42867923
0.00969824, 0.07067475, 0.0342405
0.76293224, -0.6372875, -0.10855434
0.86817968, 0.41112477
0.00969824, 0.05495051, 0.01324946
0.75521106, -0.13165686, 0.64207894
0.66870791, 0.97977712
-0.01808363, 0.0648025, 0.01746735
-0.78002256, -0.40522477, 0.47676015
0.74229223, 0.99998805
-0.01808363, 0.05495051, 0.01324946
-0.75521106, -0.13165686, 0.64207894
0.74227995, 0.97976514
0.0069668, 0.14885522, 0.02319277
0.6286813, -0.71556747, 0.30448318
0.94543737, 0.28514695
-0.01566548, 0.14885522, 0.01764772
-0.57734919, -0.57734919, -0.57734919
0.88550252, 0.29673344
0.0069668, 0.14885522, 0.01764772
0.57734919, -0.57734919, -0.57734919
0.94543737, 0.29673338
-0.01566548, 0.15436004, 0.02319277
-0.63768423, 0.72392958, 0.26310006
0.66868281, 0.24130136
0.0069668, 0.15436004, 0.01764772
0.57734919, 0.57734919, -0.57734919
0.72861767, 0.22971541
-0.01566548, 0.15436004, 0.01764772
-0.57734919, 0.57734919, -0.57734919
0.66868281, 0.22971541
-0.01566548, 0.14885522, 0.02319277
-0.6286813, -0.71556747, 0.30448318
0.88550252, 0.28514695
0.0069668, 0.15436004, 0.02319277
0.63768423, 0.72392958, 0.26310006
0.72861767, 0.24130142
-0.01808363, 0.10483306, 0.03597188
-0.70021665, 0.7134617, 0.02548296
0.595101, 0.36619478
0.00969824, 0.10492232, 0.01764772
0.90395826, 0.30161443, 0.30307931
0.66867304, 0.3279025
-0.01808363, 0.10492232, 0.01764772
-0.90395826, 0.30161443, 0.30307931
0.59510106, 0.32790244
-0.01312311, 0.10889538, 0.03880873
-0.78221989, 0.18478957, -0.59492785
0.78968358, 0.34158218
0.00473774, 0.13962547, 0.0385851
0.77919859, -0.18762779, -0.59801018
0.74237579, 0.27738148
0.00473774, 0.10889538, 0.03880873
0.78221989, 0.18478957, -0.59492785
0.74238694, 0.34157282
-0.0180836, 0.14610074, 0.01775024
0.13843197, 0.94283885, -0.30310982
0.79353255, 0.44541866
0.00969826, 0.14478476, 0.01773862
-0.22937712, -0.93777275, 0.26056704
0.79005241, 0.38735133
-0.0180836, 0.14478479, 0.01773862
0.03836177, 0.24799341, -0.96798611
0.79005253, 0.44542021
0.00473772, 0.10880611, 0.0401475
0.64470351, -0.226722, 0.73000276
0.86316502, 0.72497347
-0.01312311, 0.13953625, 0.03992382
-0.64781642, 0.22397535, 0.72808009
0.81586432, 0.66077185
-0.01312311, 0.10880611, 0.0401475
-0.64473403, -0.226722, 0.72997224
0.81586593, 0.7249735
-0.01312311, 0.10880611, 0.0401475
-0.64473403, -0.226722, 0.72997224
0.77562445, 0.35506326
-0.01312311, 0.13953625, 0.03992382
-0.64781642, 0.22397535, 0.72808009
0.74237579, 0.41369402
-0.01312311, 0.10889538, 0.03880873
-0.78221989, 0.18478957, -0.59492785
0.77875161, 0.35639489
0.00473772, 0.10483306, 0.03597188
0.54753256, 0.47907957, -0.68602556
0.74246687, 0.34979093
0.00473774, 0.14463077, 0.03515507
0.82729578, -0.4957732, -0.26407665
0.74246681, 0.26660919
-0.01312311, 0.13962553, 0.0385851
-0.77919859, -0.18762779, -0.59797966
0.78967243, 0.27739066
-0.01312311, 0.14463077, 0.03515507
-0.82729578, -0.4957732, -0.26407665
0.78976345, 0.26661849
-0.0180836, 0.14478479, 0.01773862
0.03836177, 0.24799341, -0.96798611
0.79005241, 0.36661196
-0.01312311, 0.14610074, 0.01775024
-0.57744074, 0.57222205, 0.58229315
0.79353327, 0.37698072
-0.0180836, 0.14610074, 0.01775024
0.13843197, 0.94283885, -0.30310982
0.79353327, 0.3666119
0.00473774, 0.14463077, 0.03515507
0.82729578, -0.4957732, -0.26407665
0.62258863, 0.22429693
-0.01312311, 0.14478479, 0.01773862
-0.57734919, -0.58241522, 0.57222205
0.66868269, 0.26163113
0.00473774, 0.14478476, 0.0177386
0.57731867, -0.58241522, 0.57222205
0.66868275, 0.22429693
0.00473774, 0.13962547, 0.0385851
0.77919859, -0.18762779, -0.59801018
0.81899083, 0.76360844
0.00473774, 0.14594673, 0.03563533
0.61549729, 0.69356364, 0.37430951
0.81914705, 0.7490285
0.00473774, 0.13953625, 0.03992382
0.64781642, 0.22397535, 0.72808009
0.81586432, 0.76493952
0.00473774, 0.14594673, 0.03563533
0.61549729, 0.69356364, 0.37430951
0.78967494, 0.26660913
-0.01312311, 0.14610074, 0.01775024
-0.57744074, 0.57222205, 0.58229315
0.74237579, 0.22923034
-0.01312311, 0.14594673, 0.03563533
-0.61549729, 0.69356364, 0.37430951
0.74237579, 0.26660919
0.00969826, 0.14478476, 0.01773862
-0.22937712, -0.93777275, 0.26056704
0.79005241, 0.38734978
0.00473774, 0.14610074, 0.01775024
0.57744074, 0.57222205, 0.58229315
0.79353338, 0.37698084
0.00473774, 0.14478476, 0.0177386
0.57731867, -0.58241522, 0.57222205
0.79005241, 0.3769809
0.00473774, 0.13953625, 0.03992382
0.64781642, 0.22397535, 0.72808009
0.86316347, 0.66077179
-0.01312311, 0.14594673, 0.03563533
-0.61549729, 0.69356364, 0.37430951
0.8158704, 0.64702305
-0.01312311, 0.10474379, 0.03731065
-0.8026368, -0.34147161, 0.48899809
0.81587046, 0.73322001
0.00473772, 0.1047437, 0.03731065
0.80260628, -0.34150213, 0.4890286
0.86316955, 0.73322016
0.00969824, 0.10483306, 0.03597188
0.70021665, 0.7134617, 0.02551347
0.66867304, 0.36619478
-0.00740952, 0.02471572, -0.01220585
-0.45457318, -0.23465683, -0.85921812
0.57095867, 0.30654418
-0.01808367, 0.04718105, -0.00908632
-0.83257544, 0.06176946, -0.55043185
0.5598852, 0.35313928
-0.00740946, 0.04718087, -0.02245338
-0.40836817, -0.1874752, -0.89333779
0.59510106, 0.35451061
0.00969824, 0.05495051, -0.00908637
0.94375437, 0.0, -0.33057648
0.26091039, 0.63067034
-0.00097602, 0.04718087, -0.02245338
0.40836817, -0.1874752, -0.89333779
0.29789287, 0.64548975
-0.00097597, 0.05495051, -0.02245342
0.43357646, 0.0, -0.90108949
0.29686904, 0.62926909
-0.01808363, 0.05495051, -0.00908637
-0.94375437, 0.0, -0.33057648
0.5588612, 0.36935949
0.00969824, 0.05495051, 0.01324946
0.75521106, -0.13165686, 0.64207894
0.20184775, 0.63299388
0.0096982, 0.04718087, -0.00908632
0.83257544, 0.06176946, -0.55043185
0.26193422, 0.64689097
-0.00882304, 0.04718105, 0.01324951
-0.01284829, 0.49360636, 0.86956388
0.71775132, 0.96354184
0.00043759, 0.04718105, 0.01324951
0.01284829, 0.49360636, 0.86956388
0.69322729, 0.96354584
-0.01808363, 0.05495051, 0.01324946
-0.75521106, -0.13165686, 0.64207894
0.49978542, 0.36703581
0.00043759, 0.04718105, 0.01324951
0.01284829, 0.49360636, 0.86956388
0.85373324, 0.26992768
0.0096982, 0.04718087, -0.00908632
0.83257544, 0.06176946, -0.55043185
0.79460764, 0.25057042
-0.00882304, 0.04718105, 0.01324951
-0.01284829, 0.49360636, 0.86956388
0.85373324, 0.289285
-0.00097608, 0.02471572, -0.01220585
0.45457318, -0.23465683, -0.85921812
0.88550252, 0.33180755
-0.00740957, -0.10645226, -0.00591491
-0.43784904, -0.04013184, -0.89812922
0.86846191, 0.05731624
-0.00740952, 0.02471572, -0.01220585
-0.45457318, -0.23465683, -0.85921812
0.86846638, 0.33180815
-0.00740946, 0.04718087, -0.02245338
-0.40836817, -0.1874752, -0.89333779
0.86821675, 0.37967652
0.0096982, 0.04718087, -0.00908632
0.83257544, 0.06176946, -0.55043185
0.66880786, 0.28136659
-0.01808373, 0.02471572, 0.00116118
-0.75023651, -0.18900113, -0.63356423
0.74225074, 0.32911336
-0.01808367, 0.04718105, -0.00908632
-0.83257544, 0.06176946, -0.55043185
0.74237579, 0.28124428
-0.00097608, 0.02471572, -0.01220585
0.45457318, -0.23465683, -0.85921812
0.27375603, 0.69345608
0.00969809, -0.09353533, 0.02193225
0.80269784, 0.55818355, 0.20987579
0.88550252, 0.58492538
-0.01808376, -0.08522672, 0.01295516
-0.80303353, 0.25147253, 0.54023868
0.9590745, 0.6041792
-0.01808378, -0.09353533, 0.02193225
-0.80269784, 0.55818355, 0.20987579
0.95907456, 0.58492535
0.00969811, -0.03051171, 0.01036385
0.88204598, -0.36780909, -0.29438153
0.22074127, 0.81111251
0.00969811, -0.08736437, 0.00708911
0.93334758, 0.01461837, -0.35859248
0.23689328, 0.92946265
-0.00097612, -0.10645226, -0.00591491
0.43784904, -0.04013184, -0.89812922
0.27440754, 0.96794887
-0.00740957, -0.10645226, -0.00591491
-0.43784904, -0.04013184, -0.89812922
0.57160932, 0.03205156
-0.01808376, -0.08736437, 0.00708911
-0.93334758, 0.01461837, -0.35859248
0.53483766, 0.07056719
-0.01808376, -0.03051171, 0.01036385
-0.88204598, -0.36780909, -0.29438153
0.51868248, 0.18891728
-0.01808376, -0.08522672, 0.01295516
-0.80303353, 0.25147253, 0.54023868
0.88550246, 0.71867457
0.00969811, -0.03051171, 0.01036385
0.88204598, -0.36780909, -0.29438153
0.9590745, 0.60417923
-0.01808376, -0.03051171, 0.01036385
-0.88204598, -0.36780909, -0.29438153
0.88550246, 0.60417947
-0.01808365, 0.02001276, 0.01522256
-0.80516982, 0.11761834, 0.58122504
0.74226177, 0.90662866
-0.00882304, 0.02001276, 0.01786804
-0.13620411, 0.20892972, 0.96838284
0.71774173, 0.90641066
-0.01808378, -0.09353533, 0.02193225
-0.80269784, 0.55818355, 0.20987579
0.49639264, 0.05613995
-0.01808378, -0.10626102, 0.00745214
-0.94180119, -0.0163274, -0.33570361
0.53636831, 0.03107905
-0.0180838, -0.10305367, 0.07948697
-0.80480361, 0.01916562, 0.5932188
0.34542143, 0.03028095
0.00969809, -0.08838537, 0.07952637
0.73784602, 0.22177801, 0.63744009
0.04548201, 0.93912966
0.00969807, -0.10305367, 0.07948697
0.80480361, 0.01916562, 0.5932188
0.04751932, 0.96974847
0.00969807, -0.09230945, 0.06656583
0.96758932, 0.10611286, -0.22901089
0.08027072, 0.94597367
0.0096982, 0.02001276, 0.01522256
0.80516982, 0.11761834, 0.58119452
0.66868979, 0.90664063
0.0096982, 0.04718087, 0.01324951
0.67000335, 0.35114598, 0.65401167
0.66870332, 0.96354944
0.00043759, 0.02001276, 0.01786804
0.13620411, 0.20892972, 0.96838284
0.69321769, 0.90641466
0.00043752, -0.0127674, 0.02641423
0.12686545, 0.43382061, 0.89199501
0.69321072, 0.83723298
-0.00882308, -0.0127674, 0.02641423
-0.12686545, 0.43382061, 0.89199501
0.71773469, 0.837229
0.00043746, -0.08838537, 0.08217184
0.129429, 0.30127871, 0.94466996
0.69324815, 0.67461878
-0.01808372, -0.0127674, 0.02376873
-0.82757044, 0.2347789, 0.50987273
0.74225479, 0.83744699
0.00969815, -0.0127674, 0.02376873
0.82757044, 0.2347789, 0.50987273
0.66868275, 0.83745895
-0.01808373, -0.03054461, 0.01706629
-0.8179571, -0.51796013, -0.25022125
0.98072773, 0.44520545
0.00969811, -0.03051171, 0.01036385
0.88204598, -0.36780909, -0.29438153
0.99846822, 0.3871336
0.00969813, -0.03054461, 0.01706629
0.8179571, -0.51796013, -0.25022125
0.98072773, 0.38713354
0.00969811, -0.03051171, 0.01036385
0.88204598, -0.36780909, -0.29438153
0.6688078, 0.44542021
-0.01808376, -0.03051171, 0.01036385
-0.88204598, -0.36780909, -0.29438153
0.74237579, 0.44529831
-0.01808378, -0.08838537, 0.07952637
-0.73784602, 0.22177801, 0.63744009
0.74229223, 0.67483279
-0.00882317, -0.08838537, 0.08217184
-0.129429, 0.30127871, 0.94466996
0.71777219, 0.67461482
-0.01808373, -0.03054461, 0.01706629
-0.8179571, -0.51796013, -0.25022125
0.88550252, 1.0
0.00969807, -0.09230945, 0.06656583
0.96758932, 0.10611286, -0.22901089
0.95906854, 0.86595976
-0.0180838, -0.09230945, 0.06656583
-0.96758932, 0.10611286, -0.22901089
0.88550246, 0.8663978
0.00969809, -0.08838537, 0.07952637
0.73784602, 0.22177801, 0.63744009
0.66872019, 0.67484477
-0.01808378, -0.11771754, 0.00833778
-0.74309516, -0.65343183, -0.14419995
0.53553599, 0.00706929
-0.0180838, -0.11616608, 0.01748346
-0.72020632, -0.68947417, 0.07663198
0.51114219, 0.0093568
0.00043744, -0.10305367, 0.08213244
0.13901182, 0.03225806, 0.9897458
0.69323927, 0.64398593
0.00969807, -0.10305367, 0.07948697
0.80480361, 0.01916562, 0.5932188
0.6687113, 0.64421192
-0.00882317, -0.10305367, 0.08213244
-0.13901182, 0.03225806, 0.9897458
0.71776325, 0.64398193
0.00969807, -0.09230945, 0.06656583
0.96758932, 0.10611286, -0.22901089
0.88550252, 0.49174011
0.00969802, -0.11362324, 0.06504954
0.729545, -0.68318737, -0.03131199
0.81586421, 0.6819436
0.00043744, -0.1161183, 0.08301806
0.10342723, -0.70128483, 0.70528275
0.79134029, 0.64454028
-0.00882319, -0.1161183, 0.08301806
-0.10342723, -0.70128483, 0.70528275
0.76681626, 0.64454028
0.00969809, -0.11771754, 0.00833778
0.74309516, -0.65343183, -0.14419995
0.23759167, 0.99296063
0.00969809, -0.10626102, 0.00745214
0.94180119, -0.0163274, -0.33570361
0.23842371, 0.96895082
0.00043744, -0.1161183, 0.08301806
0.10342723, -0.70128483, 0.70528275
0.69323266, 0.61662483
0.00969802, -0.11362324, 0.06504954
0.729545, -0.68318737, -0.03131199
0.08708915, 0.99031259
0.00969807, -0.11616608, 0.01748346
0.72020632, -0.68947417, 0.07663198
0.21320327, 0.99067306
-0.0180838, -0.1161183, 0.08037261
-0.62562943, -0.6342662, 0.45414594
0.74227673, 0.61683884
-0.0180838, -0.10305367, 0.07948697
-0.80480361, 0.01916562, 0.5932188
0.74228328, 0.64419994
-0.00097612, -0.12176057, -0.00502928
0.3531602, -0.73622853, -0.57722712
0.88550168, 0.02526623
-0.00097612, -0.10645226, -0.00591491
0.43784904, -0.04013184, -0.89812922
0.88549805, 0.05731565
0.00969807, -0.1161183, 0.08037261
0.62562943, -0.6342662, 0.45414594
0.66870469, 0.61685082
0.00969809, -0.11771754, 0.00833778
0.74309516, -0.65343183, -0.14419995
0.81586432, 0.80067627
0.00969807, -0.11616608, 0.01748346
0.72020632, -0.68947417, 0.07663198
0.81586426, 0.78147799
-0.01808378, -0.11771754, 0.00833778
-0.74309516, -0.65343183, -0.14419995
0.74229228, 0.80067626
-0.0180838, -0.11616608, 0.01748346
-0.72020632, -0.68947417, 0.07663198
0.74229228, 0.78147796
0.00742328, 0.21232282, -0.02761359
-0.22620319, 0.61882383, -0.75222021
0.79977083, 0.63315946
0.00015254, 0.20698382, -0.02075196
-0.80254525, -0.58803064, -0.10031434
0.81430537, 0.61786222
0.00015254, 0.21232288, -0.02075192
-0.80254525, 0.58803064, -0.10031434
0.80018377, 0.61810023
0.01521344, 0.20698382, -0.01779801
0.70183414, -0.62883389, 0.33457443
0.85405284, 0.30855656
0.01157811, 0.21232282, -0.01457958
0.13040559, 0.60478532, 0.78560746
0.86791188, 0.30103773
0.01157811, 0.20698382, -0.01457955
0.13040559, -0.60478532, 0.78560746
0.85378498, 0.30095202
0.01521347, 0.21232282, -0.01779801
0.70183414, 0.62883389, 0.33457443
0.85378766, 0.28501374
0.01545724, 0.20698382, -0.02339598
0.73384809, -0.63621938, -0.23804438
0.86792374, 0.27332455
0.01545726, 0.21232282, -0.02339598
0.73384809, 0.63621938, -0.23804438
0.85378498, 0.27332616
0.00015254, 0.20698382, -0.02075196
-0.80254525, -0.58803064, -0.10031434
0.86792392, 0.26636535
0.0039528, 0.21232288, -0.01476554
-0.23569445, 0.58568072, 0.77547532
0.85378504, 0.2538172
0.00015254, 0.21232288, -0.02075192
-0.80254525, 0.58803064, -0.10031434
0.85378498, 0.26636952
0.01545726, 0.21232282, -0.02339598
0.73384809, 0.63621938, -0.23804438
0.98153496, 0.63915563
0.01286052, 0.21232282, -0.02666784
0.39451277, 0.63505965, -0.66405225
0.97049171, 0.63868991
0.00744708, 0.21232288, -0.01630504
0.00567644, 0.80748922, 0.58983123
0.98153389, 0.66151315
0.01286052, 0.21232282, -0.02666784
0.39451277, 0.63505965, -0.66405225
0.80018389, 0.64454028
0.00742328, 0.20698382, -0.02761359
-0.22620319, -0.61882383, -0.75222021
0.81389225, 0.63292143
0.01286052, 0.20698382, -0.02666784
0.39451277, -0.63505965, -0.66405225
0.86792648, 0.26636952
0.01286052, 0.21232282, -0.02666784
0.39451277, 0.63505965, -0.66405225
0.85378772, 0.26637113
-0.00097597, 0.20366652, -0.02245342
0.43357646, 0.0, -0.90108949
0.27726972, 0.31879586
-0.00097595, 0.21232288, -0.02245342
0.43357646, 0.0, -0.90108949
0.27612892, 0.30072409
0.00744708, 0.20698382, -0.01630504
0.00567644, -0.80748922, 0.58983123
0.85405272, 0.29232043
0.00744708, 0.21232288, -0.01630504
0.00567644, 0.80748922, 0.58983123
0.86817974, 0.29240614
0.0039528, 0.21232288, -0.01476554
-0.23569445, 0.58568072, 0.77547532
0.86808753, 0.28509951
0.0039528, 0.20698382, -0.01476549
-0.23569445, -0.58568072, 0.77550584
0.85396039, 0.28501374
-0.01808363, 0.06854464, 0.01324946
-1.0, 0.0, 0.0
0.49799356, 0.39541614
-0.01808363, 0.10492232, 0.01764772
-0.90395826, 0.30161443, 0.30307931
0.48156562, 0.47090393
-0.01808363, 0.14860047, 0.01764772
-0.70708334, 0.0, 0.70708334
0.47580832, 0.56209043
0.0069668, 0.15303732, 0.04227161
0.57734919, 0.57734919, 0.57734919
0.72861767, 0.28124434
0.00329372, 0.21091856, 0.01567867
0.06573687, 0.24375133, 0.96758932
0.65171504, 0.77845064
0.00535136, 0.06326348, -0.02988802
0.57734919, -0.57734919, -0.57734919
0.9590686, 0.94118168
0.00969824, 0.20548473, 0.01764772
0.66975921, 0.13357952, 0.73043001
0.66867304, 0.78996471
-0.01808363, 0.20548473, 0.01764772
-0.66975921, 0.13357952, 0.73043001
0.595101, 0.78996554
0.00969824, 0.06854464, 0.01324946
1.0, 0.0, 0.0
0.20005618, 0.60461354
0.00969824, 0.10492232, 0.01764772
0.90395826, 0.30161443, 0.30307931
0.18363164, 0.52912566
0.00969824, 0.21232288, -0.00908639
0.94375437, 0.0, -0.33057648
0.24017031, 0.30212533
0.00969826, 0.22490256, 0.01002117
0.91433454, 0.02557451, 0.40412611
0.18798633, 0.27785057
0.00969824, 0.07332641, 0.01764772
1.0, 0.0, 0.0
0.18779567, 0.59508821
-0.01566548, 0.15037112, 0.04227161
-0.57734919, -0.57734919, 0.57734919
0.88550252, 0.24519533
0.0069668, 0.14885522, 0.01764772
0.57734919, -0.57734919, -0.57734919
0.98542213, 0.23615265
0.0069668, 0.15037112, 0.04227161
0.57734919, -0.57734919, 0.57734919
0.85454255, 0.61662084
-0.01566548, 0.1681091, 0.09874902
-0.57811213, -0.41898862, 0.7001251
0.85454249, 0.61662084
-0.01566548, 0.15436004, 0.01764772
-0.57734919, 0.57734919, -0.57734919
0.98542213, 0.38638711
-0.01566548, 0.14885522, 0.01764772
-0.57734919, -0.57734919, -0.57734919
1.0, 0.38638711
-0.01566548, 0.15037112, 0.04227161
-0.57734919, -0.57734919, 0.57734919
0.99598545, 0.33491689
-0.01566548, 0.15303732, 0.02477216
-0.79262674, 0.57298499, 0.20822778
0.98892492, 0.37149525
-0.01566548, 0.15303732, 0.04227161
-0.57734919, 0.57734919, 0.57734919
0.9889248, 0.33491689
0.0069668, 0.14885522, 0.01764772
0.57734919, -0.57734919, -0.57734919
1.0, 0.28345817
0.0069668, 0.15436004, 0.01764772
0.57734919, 0.57734919, -0.57734919
0.98542213, 0.28345805
0.0069668, 0.15303732, 0.04227161
0.57734919, 0.57734919, 0.57734919
0.98892516, 0.33491683
0.0069668, 0.15037112, 0.04227161
0.57734919, -0.57734919, 0.57734919
0.99598581, 0.33491695
0.0069668, 0.14885522, 0.02319277
0.6286813, -0.71556747, 0.30448318
1.0, 0.29504615
-0.0156655, 0.21061634, 0.08840605
-0.57658619, 0.7008881, 0.41981262
0.94543743, 0.3863818
-0.0156655, 0.20055877, 0.03507578
-0.72020632, 0.69362468, -0.01156652
0.78670317, 0.49355996
-0.0156655, 0.20126672, 0.01764772
-0.69777519, 0.71568954, 0.02905362
0.79460764, 0.45763862
-0.01566548, 0.1566457, 0.01764772
-0.70708334, -0.70708334, 0.0
0.67746043, 0.44542015
-0.01566548, 0.1566457, 0.03606882
-0.69750053, -0.7158727, 0.03088473
0.67107004, 0.48359317
-0.01566548, 0.15836783, 0.05598385
-0.69566941, -0.71150851, 0.09866634
0.66868275, 0.52533352
-0.01566548, 0.1681091, 0.09874902
-0.57811213, -0.41898862, 0.7001251
0.67942196, 0.61662084
-0.0156655, 0.21061634, 0.08840605
-0.57658619, 0.7008881, 0.41981262
0.79460764, 0.60682735
0.0069668, 0.1566457, 0.01764772
0.70708334, -0.70708334, 0.0
0.75106996, 1.0
0.0069668, 0.20126666, 0.01764772
0.69777519, 0.71568954, 0.02905362
0.86821681, 0.98778024
0.0069668, 0.20055877, 0.03507578
0.72020632, 0.69362468, -0.01156652
0.86031234, 0.9518671
0.0069668, 0.1566457, 0.03606882
0.69750053, -0.7158727, 0.03088473
0.74467957, 0.96183561
0.0069668, 0.1681091, 0.09874902
0.57811213, -0.41898862, 0.7001251
0.75303131, 0.82883696
0.0069668, 0.20479204, 0.06585421
0.71340066, 0.6830653, -0.15625477
0.86074913, 0.88694177
0.0069668, 0.21061634, 0.08840605
0.57658619, 0.7008881, 0.41981262
0.86821675, 0.8386244
0.0069668, 0.21061634, 0.08840605
0.57658619, 0.7008881, 0.41981262
0.88550252, 0.71867457
0.00969824, 0.0815053, 0.08825915
0.60322887, 0.4313181, 0.67082733
0.66867304, 0.47684032
-0.00133254, 0.34431961, -0.02073195
0.7601245, -0.28919339, -0.58183539
0.88475502, 0.99999944
0.00815834, 0.35502377, -0.00884679
0.72539443, 0.63969851, -0.25406659
0.95091844, 0.44573158
-0.01654368, 0.35502377, -0.00884679
-0.72539443, 0.63969851, -0.25406659
0.88550246, 0.44573164
0.0024638, 0.35502377, 0.01317286
0.27326274, 0.63542587, 0.7221595
0.93583816, 0.49174011
-0.01654366, 0.35502377, 0.00814253
-0.71144748, 0.62520218, 0.32081056
0.59917909, 0.47684109
0.00815834, 0.35502377, 0.00814253
0.71144748, 0.62520218, 0.32081056
0.17589362, 0.00600052
-0.01654366, 0.35502377, 0.00814253
-0.71144748, 0.62520218, 0.32081056
0.47371945, 0.99402464
-0.00100711, 0.34371075, -0.02512916
0.54359567, -0.79006314, 0.28333384
0.98426509, 0.61340189
-0.00100711, 0.35563269, -0.02512916
0.54359567, 0.79006314, 0.28333384
0.92664647, 0.41167438
-0.01051942, 0.34371075, -0.02865352
-0.72182381, -0.63505965, 0.27497178
0.95907456, 0.62076607
-0.00100711, 0.34371075, -0.03723153
0.31910154, -0.62556839, -0.71187472
0.98426509, 0.63868991
0.00213407, 0.34371075, -0.02865352
0.72182381, -0.63505965, 0.27497178
0.99258357, 0.62076607
0.00213407, 0.35563269, -0.02865352
0.72182381, 0.63505965, 0.27497178
0.93496495, 0.40431046
-0.00100711, 0.35563269, -0.03723163
0.31910154, 0.62556839, -0.71187472
0.92664647, 0.38638717
-0.00737822, 0.35563269, -0.03723163
-0.31910154, 0.62556839, -0.71190524
0.90977448, 0.38638717
-0.00100711, 0.35563269, -0.03723163
0.31910154, 0.62556839, -0.71187472
0.84317577, 0.62212139
-0.00787835, 0.32859862, -0.00623189
-0.54896694, -0.63023776, -0.54896694
0.97155797, 0.73383632
-0.00410355, 0.32859862, -0.00779545
0.0, -0.63023776, -0.77636033
0.96390736, 0.72779769
-0.00032875, 0.32859862, -0.00623189
0.54896694, -0.63023776, -0.54896694
0.95308793, 0.72779542
0.00123481, 0.32859862, -0.00245708
0.77636033, -0.63023776, 0.0
0.94543743, 0.73383105
-0.00787835, 0.32859862, 0.0013177
-0.54896694, -0.63023776, 0.54896694
0.96390748, 0.74840972
-0.00410355, 0.39995295, -0.00779545
0.0, 0.63023776, -0.77636033
0.93778682, 0.24519289
-0.00787835, 0.39995295, -0.00623189
-0.54896694, 0.63023776, -0.54896694
0.94543737, 0.23915428
-0.00787835, 0.39995295, 0.0013177
-0.54896694, 0.63023776, 0.54896694
0.93778694, 0.22458148
-0.00032875, 0.39995295, 0.0013177
0.54896694, 0.63023776, 0.54896694
0.91931701, 0.23062259
-0.00032875, 0.39995295, -0.00623189
0.54896694, 0.63023776, -0.54896694
0.92696738, 0.24519533
-0.00032875, 0.39995295, -0.00623189
0.54896694, 0.63023776, -0.54896694
0.97906715, 0.6041775
-0.00787835, 0.39995295, 0.0013177
-0.54896694, 0.63023776, 0.54896694
0.95907456, 0.6041773
-0.00032875, 0.39995295, 0.0013177
0.54896694, 0.63023776, 0.54896694
0.94543743, 0.38638669
-0.00787835, 0.39995295, -0.00623189
-0.54896694, 0.63023776, -0.54896694
0.96543032, 0.38623756
0.00535138, 0.09140242, -0.01863146
0.57734919, 0.57734919, 0.57734919
0.99630052, 0.74841061
0.00535138, 0.09140242, -0.02988802
0.57734919, 0.57734919, -0.57734919
0.94543743, 0.80718155
-0.01385528, 0.09140242, -0.01863146
-0.57734919, 0.57734919, 0.57734919
0.95091844, 0.44520551
0.00535136, 0.06326348, -0.02988802
0.57734919, -0.57734919, -0.57734919
0.9888671, 0.86666118
-0.01385528, 0.09140242, -0.02988802
-0.57734919, 0.57734919, -0.57734919
0.95907456, 0.71867457
0.00226618, 0.08443274, -0.03457701
0.54222238, 0.71526229, -0.44080934
0.79977083, 0.64454028
0.00226618, 0.07273583, -0.03883428
0.55510116, -0.33610034, -0.76082647
0.81586432, 0.61881563
-0.0101814, 0.07031301, -0.02885944
-0.54222238, -0.71529281, 0.44080934
0.74229223, 0.64454028
0.00226618, 0.08443274, -0.03457701
0.54222238, 0.71526229, -0.44080934
0.98745996, 0.90750778
0.00484414, 0.07858424, -0.03670563
0.7770623, 0.19544053, -0.59828484
0.97082853, 0.9068085
0.00226618, 0.07273583, -0.03883428
0.55510116, -0.33610034, -0.76082647
0.95906854, 0.9161767
-0.0101814, 0.07273583, -0.03883428
-0.55510116, -0.33610034, -0.76082647
0.97082859, 0.94048204
-0.0101814, 0.08443274, -0.03457701
-0.54222238, 0.71526229, -0.44080934
0.99921995, 0.93181312
-0.0101814, 0.08200984, -0.02460209
-0.55510116, 0.33610034, 0.76082647
0.5951041, 0.26163113
-0.0039576, 0.0844323, -0.02372037
0.0, 0.55870235, 0.82934052
0.7946077, 0.23948497
-0.0101814, 0.07031301, -0.02885944
-0.54222238, -0.71529281, 0.44080934
0.83487904, 0.24122894
-0.0101814, 0.08200984, -0.02460209
-0.55510116, 0.33610034, 0.76082647
0.80640286, 0.24984801
-0.01275936, 0.07616141, -0.02673078
-0.7770623, -0.19544053, 0.59828484
0.82308382, 0.25057036
0.00484414, 0.07616141, -0.02673078
0.7770623, -0.19544053, 0.59828484
0.80640286, 0.21621042
0.0039528, 0.20698382, -0.01476549
-0.23569445, -0.58568072, 0.77550584
0.854258, 0.22014475
0.00015254, 0.20698382, -0.02075196
-0.80254525, -0.58803064, -0.10031434
0.83572084, 0.22248608
0.00742328, 0.20698382, -0.02761359
-0.22620319, -0.61882383, -0.75222021
0.83487898, 0.24336898
0.01521344, 0.20698382, -0.01779801
0.70183414, -0.62883389, 0.33457443
0.86800939, 0.24197066
0.01157811, 0.20698382, -0.01457955
0.13040559, -0.60478532, 0.78560746
0.86800939, 0.23182333
0.00969824, 0.10492232, 0.01764772
0.90395826, 0.30161443, 0.30307931
0.66868275, 0.99999921
-0.01808363, 0.10492232, 0.01764772
-0.90395826, 0.30161443, 0.30307931
0.59511071, 1.0
-0.01808363, 0.04959917, 0.08386084
-0.58732873, -0.77452928, 0.23468734
0.66868275, 0.2616325
0.00969824, 0.0648025, 0.01746735
0.78002256, -0.40522477, 0.47676015
0.18939599, 0.61286473
0.00969824, 0.1047437, 0.03731069
0.66881311, 0.72078615, 0.18195136
0.1316604, 0.53154406
0.00969824, 0.0815053, 0.08825915
0.60322887, 0.4313181, 0.67082733
0.0, 0.58535874
0.00969824, 0.05630195, 0.08825915
0.64796901, -0.21805476, 0.72975862
0.00332152, 0.63797557
0.00969824, 0.04959917, 0.08386084
0.58732873, -0.77452928, 0.23468734
0.01583535, 0.65151134
-0.01808363, 0.0648025, 0.01746735
-0.78002256, -0.40522477, 0.47676015
0.48733097, 0.38716495
-0.01808363, 0.0815053, 0.08825915
-0.60322887, 0.4313181, 0.67082733
0.29789287, 0.41467041
-0.01808363, 0.10474379, 0.03731069
-0.66878259, 0.72081667, 0.18192084
0.4295828, 0.46848559
-0.01808363, 0.07067475, 0.0342405
-0.76293224, -0.6372875, -0.10855434
0.44219384, 0.39767933
-0.01808363, 0.04959917, 0.08386084
-0.58732873, -0.77452928, 0.23468734
0.31373158, 0.34851784
-0.01808363, 0.05630195, 0.08825915
-0.64796901, -0.21805476, 0.72975862
0.30121499, 0.36205363
0.00969824, 0.0648025, 0.01746735
0.78002256, -0.40522477, 0.47676015
0.86817968, 0.44650662
0.00969824, 0.0648025, 0.01746735
0.78002256, -0.40522477, 0.47676015
0.66872019, 1.0
0.00969826, 0.14610074, 0.01775024
0.0, -0.95104831, 0.30896938
0.79353255, 0.38734984
-0.01312311, 0.10483306, 0.03597192
-0.54750204, 0.47907957, -0.68605608
0.79005241, 0.3511318
-0.01312311, 0.10474379, 0.03731065
-0.8026368, -0.34147161, 0.48899809
0.78692532, 0.34980029
-0.01312311, 0.14594673, 0.03563533
-0.61549729, 0.69356364, 0.37430951
0.74565911, 0.42960596
-0.01312311, 0.14610074, 0.01775024
-0.57744074, 0.57222205, 0.58229315
0.7885775, 0.44542021
-0.01312311, 0.14463077, 0.03515507
-0.82729578, -0.4957732, -0.26407665
0.74826306, 0.42752033
-0.01312311, 0.14478479, 0.01773862
-0.57734919, -0.58241522, 0.57222205
0.79005235, 0.44292784
-0.01312311, 0.13962553, 0.0385851
-0.77919859, -0.18762779, -0.59797966
0.74550283, 0.41502565
-0.01312311, 0.10483306, 0.03597192
-0.54750204, 0.47907957, -0.68605608
0.78976345, 0.34980023
-0.01312311, 0.14478479, 0.01773862
-0.57734919, -0.58241522, 0.57222205
0.79005241, 0.37698078
-0.01312311, 0.14463077, 0.03515507
-0.82729578, -0.4957732, -0.26407665
0.62258869, 0.26163113
0.00473772, 0.10880611, 0.0401475
0.64470351, -0.226722, 0.73000276
0.84910667, 0.82357253
0.00473772, 0.1047437, 0.03731065
0.80260628, -0.34150213, 0.4890286
0.8604055, 0.82883696
0.00473774, 0.10889538, 0.03880873
0.78221989, 0.18478957, -0.59492785
0.85223323, 0.82224137
0.00473772, 0.10483306, 0.03597188
0.54753256, 0.47907957, -0.68602556
0.86353195, 0.8275056
0.00473774, 0.14478476, 0.0177386
0.57731867, -0.58241522, 0.57222205
0.86353195, 0.73571262
0.00473774, 0.14610074, 0.01775024
0.57744074, 0.57222205, 0.58229315
0.86205727, 0.73322013
0.00473774, 0.14463077, 0.03515507
0.82729578, -0.4957732, -0.26407665
0.8217504, 0.75111438
0.00473774, 0.14610074, 0.01775024
0.57744074, 0.57222205, 0.58229315
0.78967494, 0.22923034
0.00473774, 0.14594673, 0.03563533
0.61549729, 0.69356364, 0.37430951
0.86316955, 0.64702299
-0.01808373, 0.02471572, 0.00116118
-0.75023651, -0.18900113, -0.63356423
0.53574288, 0.3051725
0.0096982, 0.04718087, 0.01324951
0.67000335, 0.35114598, 0.65401167
0.20287159, 0.64921451
-0.01808365, 0.04718105, 0.01324951
-0.67000335, 0.35114598, 0.65401167
0.7422753, 0.96353786
-0.01808365, 0.04718105, 0.01324951
-0.67000335, 0.35114598, 0.65401167
0.50080943, 0.35081559
-0.01808367, 0.04718105, -0.00908632
-0.83257544, 0.06176946, -0.55043185
0.79460764, 0.30864233
-0.01808365, 0.04718105, 0.01324951
-0.67000335, 0.35114598, 0.65401167
0.85373324, 0.30864227
0.0096982, 0.04718087, 0.01324951
0.67000335, 0.35114598, 0.65401167
0.85373324, 0.25057042
0.00969813, 0.02471572, 0.00116118
0.75020599, -0.18900113, -0.63356423
0.66868275, 0.32923526
0.00969813, 0.02471572, 0.00116118
0.75020599, -0.18900113, -0.63356423
0.23779745, 0.6948573
0.00969811, -0.08522672, 0.01295516
0.80303353, 0.25147253, 0.54023868
0.88550246, 0.60417923
0.00969811, -0.08522672, 0.01295516
0.80303353, 0.25147253, 0.54023868
0.22109996, 0.92561014
-0.01808376, -0.08522672, 0.01295516
-0.80303353, 0.25147253, 0.54023868
0.51904088, 0.07441968
0.00969811, -0.08522672, 0.01295516
0.80303353, 0.25147253, 0.54023868
0.9590745, 0.71867433
-0.01808365, 0.02001276, 0.01522256
-0.80516982, 0.11761834, 0.58122504
0.49917203, 0.29389131
-0.01808372, -0.0127674, 0.02376873
-0.82757044, 0.2347789, 0.50987273
0.48088917, 0.22456735
-0.01808378, -0.08838537, 0.07952637
-0.73784602, 0.22177801, 0.63744009
0.34338376, 0.06089973
-0.0180838, -0.09230945, 0.06656583
-0.96758932, 0.10611286, -0.22901089
0.37818021, 0.05405581
-0.01808373, -0.03054461, 0.01706629
-0.8179571, -0.51796013, -0.25022125
0.50095963, 0.1881513
0.00969815, -0.0127674, 0.02376873
0.82757044, 0.2347789, 0.50987273
0.18295619, 0.77546231
0.00969813, -0.03054461, 0.01706629
0.8179571, -0.51796013, -0.25022125
0.20302233, 0.81187843
0.0096982, 0.02001276, 0.01522256
0.80516982, 0.11761834, 0.58119452
0.20123476, 0.7061384
0.00969809, -0.09353533, 0.02193225
0.80269784, 0.55818355, 0.20987579
0.19845684, 0.94388981
-0.01808376, -0.03051171, 0.01036385
-0.88204598, -0.36780909, -0.29438153
0.99846822, 0.44520551
0.00969813, -0.03054461, 0.01706629
0.8179571, -0.51796013, -0.25022125
0.95906854, 0.99956197
-0.01808382, -0.11362279, 0.06504954
-0.729545, -0.68315685, -0.03131199
0.38499996, 0.00971788
-0.0180838, -0.1161183, 0.08037261
-0.62562943, -0.6342662, 0.45414594
0.3448011, 0.00291389
-0.0180838, -0.09230945, 0.06656583
-0.96758932, 0.10611286, -0.22901089
0.95907456, 0.49174005
-0.0180838, -0.1161183, 0.08037261
-0.62562943, -0.6342662, 0.45414594
0.74229228, 0.65006793
-0.01808382, -0.11362279, 0.06504954
-0.729545, -0.68315685, -0.03131199
0.74229223, 0.68194357
0.00969807, -0.1161183, 0.08037261
0.62562943, -0.6342662, 0.45414594
0.81586432, 0.65006796
-0.00097612, -0.12176057, -0.00502928
0.3531602, -0.73622853, -0.57722712
0.27408317, 1.0
-0.00882319, -0.1161183, 0.08301806
-0.10342723, -0.70128483, 0.70528275
0.71775669, 0.61662084
-0.00740957, -0.12176057, -0.00502928
-0.3531602, -0.73622853, -0.57722712
0.57128477, 3.6e-07
0.00969807, -0.1161183, 0.08037261
0.62562943, -0.6342662, 0.45414594
0.04689922, 0.99711553
-0.00740957, -0.12176057, -0.00502928
-0.3531602, -0.73622853, -0.57722712
0.86846554, 0.02526683
-0.00740957, -0.12176057, -0.00502928
-0.3531602, -0.73622853, -0.57722712
0.77055979, 0.82883696
-0.00097612, -0.12176057, -0.00502928
0.3531602, -0.73622853, -0.57722712
0.78759682, 0.82883696
0.01521347, 0.21232282, -0.01779801
0.70183414, 0.62883389, 0.33457443
0.86817974, 0.30864233
0.01521344, 0.20698382, -0.01779801
0.70183414, -0.62883389, 0.33457443
0.86792648, 0.28501213
0.0039528, 0.20698382, -0.01476549
-0.23569445, -0.58568072, 0.77550584
0.86792392, 0.25381285
0.00015254, 0.21232288, -0.02075192
-0.80254525, 0.58803064, -0.10031434
0.95991665, 0.66677418
0.0039528, 0.21232288, -0.01476554
-0.23569445, 0.58568072, 0.77547532
0.97845328, 0.66911471
0.01157811, 0.21232282, -0.01457958
0.13040559, 0.60478532, 0.78560746
0.99220431, 0.65743586
0.01521347, 0.21232282, -0.01779801
0.70183414, 0.62883389, 0.33457443
0.99220431, 0.64728871
0.00742328, 0.21232282, -0.02761359
-0.22620319, 0.61882383, -0.75222021
0.95907456, 0.64589158
0.01286052, 0.20698382, -0.02666784
0.39451277, -0.63505965, -0.66405225
0.81430537, 0.64430228
# Number of Faces:
480
# Face Data:
0, 1, 2
3, 4, 5
6, 7, 8
9, 10, 11
8, 12, 6
13, 14, 15
16, 17, 18
19, 20, 21
22, 23, 24
16, 6, 23
25, 26, 27
28, 29, 30
31, 32, 33
34, 35, 36
37, 38, 34
39, 40, 41
42, 43, 37
44, 40, 45
46, 47, 42
48, 49, 50
51, 52, 53
54, 55, 44
56, 57, 58
59, 60, 61
62, 63, 64
65, 66, 54
67, 68, 69
70, 12, 71
72, 73, 74
75, 76, 77
78, 24, 23
12, 23, 6
73, 79, 80
81, 2, 82
2, 83, 84
85, 86, 87
88, 89, 72
90, 91, 78
92, 83, 93
72, 94, 95
94, 79, 95
96, 78, 12
81, 92, 93
97, 98, 99
100, 101, 102
103, 104, 83
105, 106, 107
108, 109, 110
110, 104, 111
112, 113, 114
115, 116, 117
118, 119, 120
117, 121, 88
122, 123, 124
125, 126, 127
128, 129, 130
131, 132, 133
134, 135, 136
137, 138, 139
140, 141, 142
143, 144, 145
146, 147, 143
148, 149, 140
136, 150, 151
139, 152, 153
77, 154, 155
156, 157, 158
159, 160, 161
162, 163, 164
165, 166, 167
168, 169, 170
171, 172, 173
174, 175, 176
177, 178, 174
179, 180, 181
179, 182, 183
184, 185, 186
187, 188, 189
190, 191, 185
192, 172, 193
194, 195, 196
197, 2, 84
198, 199, 200
18, 201, 202
203, 204, 205
206, 207, 204
208, 209, 210
211, 212, 213
214, 215, 216
217, 218, 219
219, 220, 214
221, 222, 223
224, 225, 226
227, 228, 229
27, 230, 224
5, 231, 227
232, 233, 234
235, 236, 237
238, 239, 240
241, 242, 243
244, 245, 246
247, 235, 237
248, 249, 250
251, 252, 253
254, 255, 256
257, 258, 259
260, 261, 262
263, 264, 265
266, 267, 242
241, 268, 269
232, 68, 270
271, 272, 273
274, 275, 276
273, 277, 197
278, 279, 274
280, 281, 223
272, 282, 277
283, 284, 285
286, 287, 288
286, 289, 9
290, 291, 292
279, 293, 275
294, 295, 296
297, 298, 299
300, 301, 302
303, 304, 305
280, 306, 307
308, 309, 310
311, 312, 313
281, 314, 315
280, 316, 281
307, 317, 316
318, 319, 317
307, 320, 318
316, 321, 314
322, 323, 324
291, 325, 326
318, 327, 328
329, 330, 331
317, 332, 321
309, 333, 334
332, 335, 336
328, 335, 319
327, 337, 328
296, 338, 294
339, 340, 341
342, 299, 343
337, 344, 335
300, 333, 309
345, 346, 343
347, 337, 348
349, 287, 350
335, 351, 336
352, 353, 354
339, 355, 353
356, 357, 358
359, 360, 361
362, 363, 364
365, 366, 367
368, 369, 370
371, 372, 356
364, 373, 374
20, 375, 376
377, 360, 378
377, 379, 380
277, 282, 381
381, 213, 382
383, 0, 2
381, 382, 277
2, 277, 383
1, 82, 2
382, 383, 277
3, 384, 4
6, 385, 7
9, 289, 10
8, 71, 12
13, 386, 14
387, 7, 385
16, 22, 388
387, 385, 18
388, 17, 16
18, 385, 16
389, 278, 274
274, 19, 390
391, 73, 392
392, 21, 391
73, 80, 392
389, 274, 390
390, 393, 389
21, 20, 391
20, 19, 274
22, 16, 23
16, 385, 6
25, 394, 26
28, 395, 29
31, 396, 32
34, 38, 35
37, 43, 38
39, 45, 40
42, 47, 43
44, 55, 40
46, 397, 47
398, 399, 50
48, 400, 401
398, 50, 49
401, 49, 48
400, 402, 401
403, 404, 53
51, 405, 406
403, 53, 407
52, 407, 53
51, 406, 52
54, 66, 55
56, 408, 57
409, 410, 411
411, 412, 409
413, 59, 61
414, 415, 60
61, 409, 413
414, 60, 59
412, 413, 409
416, 417, 418
416, 418, 419
63, 418, 64
420, 62, 421
421, 422, 420
418, 63, 419
62, 64, 421
65, 423, 66
67, 424, 68
70, 96, 12
72, 95, 73
75, 425, 76
78, 91, 24
12, 78, 23
73, 95, 79
81, 93, 2
2, 93, 83
87, 426, 427
100, 102, 427
427, 85, 87
86, 428, 87
426, 100, 427
88, 121, 89
90, 429, 91
92, 103, 83
72, 89, 94
94, 430, 79
96, 90, 78
81, 431, 92
97, 432, 98
100, 433, 101
103, 111, 104
105, 108, 106
108, 105, 109
110, 109, 104
432, 97, 434
434, 114, 113
112, 435, 113
113, 436, 434
432, 434, 436
115, 122, 116
120, 101, 433
433, 437, 120
118, 438, 439
439, 119, 118
120, 437, 118
117, 116, 121
122, 115, 123
125, 440, 126
130, 441, 442
442, 443, 444
444, 128, 130
129, 445, 130
130, 442, 444
446, 447, 133
133, 448, 131
131, 449, 132
132, 450, 446
446, 133, 132
134, 451, 135
137, 452, 138
140, 149, 141
143, 147, 144
146, 453, 147
148, 454, 149
136, 135, 150
139, 138, 152
11, 10, 155
77, 76, 154
155, 10, 77
156, 455, 157
159, 456, 160
162, 457, 163
165, 458, 166
168, 459, 169
171, 460, 172
174, 178, 175
177, 461, 178
179, 183, 180
179, 462, 182
184, 190, 185
189, 463, 464
464, 465, 187
187, 466, 188
188, 467, 189
189, 464, 187
190, 468, 191
192, 173, 172
196, 469, 470
471, 472, 470
470, 194, 196
195, 473, 196
469, 471, 470
197, 277, 2
474, 475, 200
476, 198, 200
199, 477, 200
200, 475, 476
477, 478, 200
479, 202, 201
18, 17, 201
202, 387, 18
201, 480, 479
17, 388, 201
203, 206, 204
206, 481, 207
278, 389, 482
393, 390, 208
208, 483, 209
484, 485, 209
485, 486, 209
393, 208, 210
482, 389, 393
484, 209, 483
210, 482, 393
213, 381, 487
381, 282, 487
212, 382, 213
488, 489, 490
491, 492, 490
490, 492, 488
489, 212, 490
213, 487, 211
211, 490, 212
214, 220, 215
217, 493, 218
219, 218, 220
221, 494, 222
224, 230, 225
227, 231, 228
27, 26, 230
5, 4, 231
232, 270, 233
235, 249, 236
238, 495, 239
241, 266, 242
246, 496, 497
498, 499, 500
499, 501, 500
246, 497, 244
498, 500, 502
502, 246, 245
245, 498, 502
247, 503, 235
248, 236, 249
251, 504, 252
254, 505, 255
506, 507, 508
507, 509, 508
510, 511, 512
512, 511, 258
259, 506, 508
257, 512, 258
259, 508, 257
260, 513, 261
263, 495, 264
266, 514, 267
241, 243, 268
232, 69, 68
271, 515, 272
274, 279, 275
273, 272, 277
278, 516, 279
221, 223, 281
517, 280, 223
281, 315, 221
272, 518, 282
519, 520, 285
283, 521, 284
519, 285, 284
286, 350, 287
286, 288, 289
290, 522, 291
279, 523, 293
294, 524, 295
293, 523, 297
297, 525, 298
298, 343, 299
299, 293, 297
515, 271, 302
300, 309, 301
301, 526, 302
302, 271, 300
303, 527, 304
280, 517, 306
528, 518, 515
515, 302, 529
518, 272, 515
310, 530, 531
529, 528, 515
302, 532, 529
308, 526, 301
529, 532, 530
308, 301, 309
530, 532, 531
531, 308, 310
279, 516, 523
533, 311, 534
516, 535, 523
534, 297, 533
523, 535, 533
343, 298, 536
298, 525, 536
297, 523, 533
343, 536, 312
313, 534, 311
312, 536, 313
281, 316, 314
280, 307, 316
307, 318, 317
318, 328, 319
307, 306, 320
316, 317, 321
322, 537, 323
291, 522, 325
318, 320, 327
329, 538, 330
317, 319, 332
539, 540, 310
310, 309, 539
334, 539, 309
332, 319, 335
328, 337, 335
327, 348, 337
296, 541, 338
341, 542, 543
543, 339, 341
544, 340, 339
342, 545, 299
337, 546, 344
300, 547, 333
312, 548, 345
346, 342, 343
312, 345, 343
347, 546, 337
349, 549, 287
335, 344, 351
354, 550, 551
551, 352, 354
353, 355, 354
339, 543, 355
356, 372, 357
359, 552, 360
362, 553, 363
365, 554, 366
555, 556, 370
370, 557, 558
558, 368, 370
369, 559, 370
555, 370, 559
371, 560, 372
364, 363, 373
376, 74, 73
73, 391, 376
20, 274, 276
276, 375, 20
376, 391, 20
377, 361, 360
377, 378, 379
