# Project Zomboid Skinned Mesh
# File Version:
1.0
# Model Name:
Cube
# Vertex Stride Element Count:
3
# Vertex Stride Size (in bytes):
76
# Vertex Stride Data:
# (Int)    Offset
# (String) Type
0
VertexArray
12
NormalArray
24
TextureCoordArray
# Vertex Count:
656
# Vertex Buffer:
0.01262664, 0.12413558, -0.02352889
0.71526229, 0.0311594, 0.69811088
0.99070162, 0.56503877
0.01262664, 0.00960957, -0.02692525
0.57985169, -0.56218147, -0.58961761
0.97382927, 0.00079244
0.01262664, 0.12438893, -0.02692525
0.71755117, 0.03521836, -0.69557786
0.97379327, 0.56628329
-0.00806666, 0.00895817, -0.02009643
-0.6184271, -0.7446211, 0.25110629
0.88840902, 0.69542533
0.0107427, 0.00944797, -0.02352889
0.33329263, -0.91341901, 0.2334666
0.79475379, 0.67844123
0.0107427, 0.00895817, -0.02009643
0.6184271, -0.7446211, 0.25110629
0.7947529, 0.6954253
0.01074268, 0.01551797, -0.01362624
0.78228098, -0.55146945, 0.28965119
0.79476911, 0.72618029
-0.00806666, 0.07134049, -0.01369952
-0.78637046, 0.19653919, 0.58561969
0.77571851, 0.6998536
0.01074268, 0.05934292, -0.00461641
0.70281076, 0.51054412, 0.4953154
0.68206245, 0.62622738
0.01074268, 0.07134049, -0.01369952
0.78637046, 0.19653919, 0.58561969
0.68206251, 0.69985369
0.00954049, 0.06392234, -0.04214084
0.30021057, 0.57750177, -0.75914794
0.7987439, 0.39771271
0.0112879, 0.06395169, -0.0392003
0.63863033, 0.7267983, -0.2527543
0.79004341, 0.38757598
0.01222582, 0.06370108, -0.03997224
0.75978881, 0.54582351, -0.35319072
0.78537327, 0.39110029
0.00716378, 0.12779935, -0.02963406
0.68623918, -0.60997343, 0.3961913
0.18700466, 0.27677679
-0.00446886, 0.12779935, -0.02963406
-0.68623918, -0.60997343, 0.3961913
0.21595263, 0.32641894
0.00134746, 0.12779935, -0.03970822
0.0, -0.60997343, -0.7923826
0.24490051, 0.27680528
0.00134746, 0.13071531, -0.03970822
0.0, 0.60997343, -0.7923826
0.34706032, 0.38965267
-0.00446886, 0.13071531, -0.02963406
-0.68623918, 0.60997343, 0.3961913
0.31228849, 0.36099601
0.00716378, 0.13071531, -0.02963406
0.68623918, 0.60997343, 0.3961913
0.31228843, 0.41830933
-0.00446886, 0.13071531, -0.02963406
-0.68623918, 0.60997343, 0.3961913
0.51530081, 0.14926195
-0.00446886, 0.12779935, -0.03635016
-0.68623918, -0.60997343, -0.3961913
0.52981949, 0.18234652
-0.00446886, 0.12779935, -0.02963406
-0.68623918, -0.60997343, 0.3961913
0.52981949, 0.14926487
0.00134746, 0.13071531, -0.03970822
0.0, 0.60997343, -0.7923826
0.19964106, 0.2315917
0.00716378, 0.12779935, -0.03635016
0.68623918, -0.60997343, -0.3961913
0.20074402, 0.20293504
0.00134746, 0.12779935, -0.03970822
0.0, -0.60997343, -0.7923826
0.18916586, 0.2315917
-0.00446886, 0.13071531, -0.03635016
-0.68623918, 0.60997343, -0.3961913
0.21121922, 0.26024836
-0.00446886, 0.12779935, -0.03635016
-0.68623918, -0.60997343, -0.3961913
0.20074402, 0.26024836
0.00716378, 0.13071531, -0.03635016
0.68623918, 0.60997343, -0.3961913
0.51530081, 0.18234426
0.00716378, 0.12779935, -0.02963406
0.68623918, -0.60997343, 0.3961913
0.50078201, 0.14926249
0.00716378, 0.12779935, -0.03635016
0.68623918, -0.60997343, -0.3961913
0.50078201, 0.18234652
0.00134746, 0.12779935, -0.026276
0.0, -0.60997343, 0.7923826
0.29023302, 0.38965273
0.00716378, 0.12779935, -0.02963406
0.68623918, -0.60997343, 0.3961913
0.30182365, 0.41830933
0.00134746, 0.13071531, -0.026276
0.0, 0.60997343, 0.7923826
0.3006978, 0.38965273
-0.00446886, 0.12779935, -0.02963406
-0.68623918, -0.60997343, 0.3961913
0.30182371, 0.36099601
0.00471979, 0.1260341, -0.01749641
0.68623918, -0.60997343, 0.3961913
0.3274917, 0.27656364
-0.00202487, 0.1260341, -0.01749641
-0.68623918, -0.60997343, 0.3961913
0.31070751, 0.24778092
0.00471979, 0.1260341, -0.02139046
0.68623918, -0.60997343, -0.3961913
0.31070757, 0.28614694
0.00134746, 0.13002993, -0.02333748
0.0, 0.60997343, -0.7923826
0.35253844, 0.29130405
-0.00202487, 0.13002993, -0.01749641
-0.68623918, 0.60997343, 0.3961913
0.36933005, 0.27135485
0.00471979, 0.13002993, -0.02139046
0.68623918, 0.60997343, -0.3961913
0.33574682, 0.28465426
0.00471979, 0.13002993, -0.01749641
0.68623918, 0.60997343, 0.3961913
0.33574682, 0.27135479
0.00134746, 0.1260341, -0.01554939
0.0, -0.60997343, 0.7923826
0.35253841, 0.25051558
0.00471979, 0.1260341, -0.01749641
0.68623918, -0.60997343, 0.3961913
0.33574682, 0.25716525
0.00134746, 0.13002993, -0.01554939
0.0, 0.60997343, 0.7923826
0.35253841, 0.26470506
-0.00202487, 0.1260341, -0.01749641
-0.68623918, -0.60997343, 0.3961913
0.36933005, 0.25716537
-0.00202487, 0.13002993, -0.01749641
-0.68623918, 0.60997343, 0.3961913
0.46201149, 0.18234652
-0.00202487, 0.1260341, -0.02139046
-0.68623918, -0.60997343, -0.3961913
0.48139602, 0.16265637
-0.00202487, 0.1260341, -0.01749641
-0.68623918, -0.60997343, 0.3961913
0.46201149, 0.16266018
0.00134746, 0.13002993, -0.02333748
0.0, 0.60997343, -0.7923826
0.20450608, 0.18631965
0.00471979, 0.1260341, -0.02139046
0.68623918, -0.60997343, -0.3961913
0.19686492, 0.16970444
0.00134746, 0.1260341, -0.02333748
0.0, -0.60997343, -0.7923826
0.19015172, 0.18631971
-0.00202487, 0.13002993, -0.02139046
-0.68623918, 0.60997343, -0.3961913
0.21121922, 0.20293498
-0.00202487, 0.1260341, -0.02139046
-0.68623918, -0.60997343, -0.3961913
0.19686489, 0.20293498
0.00471979, 0.13002993, -0.02139046
0.68623918, 0.60997343, -0.3961913
0.48139608, 0.18234348
0.00471979, 0.1260341, -0.01749641
0.68623918, -0.60997343, 0.3961913
0.50078201, 0.16266
0.00471979, 0.1260341, -0.02139046
0.68623918, -0.60997343, -0.3961913
0.48139605, 0.16265696
0.00954049, 0.08927032, -0.04214084
0.2100589, -0.6913358, -0.69130528
0.24490051, 0.37306756
0.0112879, 0.08928575, -0.0392003
0.45841852, -0.85430461, -0.24488053
0.25199786, 0.38837689
0.00869456, 0.08950693, -0.0413689
0.17282632, -0.87713248, -0.44801173
0.25042197, 0.3717739
0.01074268, 0.07134049, -0.01369952
0.78637046, 0.19653919, 0.58561969
0.2874189, 0.69231322
0.01074268, 0.01551797, -0.01362624
0.78228098, -0.55146945, 0.28965119
0.287054, 0.96733759
0.0107427, 0.00944797, -0.02352889
0.33329263, -0.91341901, 0.2334666
0.33635294, 0.99725076
-0.00511099, 0.12850888, -0.02352889
-0.30124819, 0.88390762, 0.35767692
0.76100159, 0.9364338
0.00789357, 0.12850888, -0.02352889
0.30201116, 0.88808864, 0.34647664
0.69624889, 0.93643373
0.00954049, 0.12850888, -0.04214084
0.25620288, 0.63921016, -0.72505873
0.68804854, 1.0
-0.00362678, 0.12695622, -0.01492357
-0.30124819, 0.88390762, 0.35767692
0.75361133, 0.90153008
-0.00612535, 0.12695622, -0.01362624
-0.32538834, 0.62764364, 0.70720541
0.76605231, 0.89709918
0.00882566, 0.12695622, -0.01362624
0.32779932, 0.62712485, 0.70656455
0.69160777, 0.89709931
-0.01000565, 0.12413558, -0.02352889
-0.71575058, 0.03323466, 0.69753104
0.78537321, 0.92090383
-0.00806666, 0.00944797, -0.02352889
-0.33329263, -0.91341901, 0.2334666
0.77571857, 0.51363909
-0.00806668, 0.12695622, -0.02352889
-0.30149236, 0.30149236, 0.90450758
0.77571869, 0.93092015
-0.01000565, 0.12413558, -0.02352889
-0.71575058, 0.03323466, 0.69753104
0.97374773, 0.02153295
-0.01000565, 0.00960949, -0.02692525
-0.5798822, -0.56221199, -0.58958709
0.95688611, 0.58577722
-0.01000565, 0.00944797, -0.02352889
-0.57487714, -0.59215063, 0.56465346
0.97379327, 0.58656827
-0.00957802, 0.05427545, -0.03997224
-0.70992154, -0.61928159, -0.33533737
0.60773396, 0.41619343
-0.00957802, 0.12850888, -0.02692525
-0.68794823, 0.72539443, -0.02270577
0.67268175, 0.05045211
-0.00957802, 0.12850888, -0.03997224
-0.70982999, 0.62401193, -0.32663959
0.60773385, 0.05046511
0.01222582, 0.12850888, -0.02352889
0.54676962, 0.60109258, 0.58281195
0.99073762, 0.58656827
0.01222582, 0.12850888, -0.02692525
0.68916899, 0.72423476, -0.02130192
0.97382927, 0.58656457
-0.01000565, 0.12438878, -0.02692525
-0.71816158, 0.0375988, -0.69484544
0.95684052, 0.02029037
-0.00957802, 0.12850888, -0.02352889
-0.54469436, 0.602588, 0.58320874
0.97379327, 6.26e-06
-0.00957802, 0.12850888, -0.02692525
-0.68794823, 0.72539443, -0.02270577
0.95688617, 1.085e-05
0.01074268, 0.05402644, -0.00083412
0.80947292, 0.49839777, 0.31034273
0.68206245, 0.5944303
-0.00806666, 0.04751761, 0.04403413
-0.58195746, 0.51380962, 0.63032931
0.77571827, 0.41807628
0.0107427, 0.04751761, 0.04403413
0.58195746, 0.51380962, 0.63032931
0.68206215, 0.41807628
0.01074268, 0.00887959, 0.04175523
0.57313758, -0.6344493, 0.51860106
0.68206227, 0.28865296
0.01074268, 0.01235797, 0.01730398
0.68739891, -0.70690024, -0.16647847
0.7947641, 0.87901474
-0.00806666, 0.00887959, 0.04175523
-0.57313758, -0.6344493, 0.51860106
0.88841379, 1.0
-0.00806666, 0.01235797, 0.01730398
-0.68739891, -0.70690024, -0.16647847
0.8884201, 0.87901476
0.01074268, 0.05622749, -0.00234325
0.70381784, 0.4102298, 0.57991272
0.23088332, 0.76676255
0.01074268, 0.05402644, -0.00083412
0.80947292, 0.49839777, 0.31034273
0.22337031, 0.77760547
-0.00806666, 0.01235797, 0.01730398
-0.68739891, -0.70690024, -0.16647847
0.46941578, 0.4354381
-0.00806666, 0.04751761, 0.04403413
-0.58195746, 0.51380962, 0.63032931
0.33635309, 0.60868689
-0.00806666, 0.05402644, -0.00083412
-0.80947292, 0.49839777, 0.31034273
0.55970728, 0.64070946
-0.00806666, 0.01799295, 0.00037358
-0.76677758, -0.64015627, -0.04690695
0.8884322, 0.79469948
-0.00806666, 0.01551797, -0.01362624
-0.78228098, -0.55146945, 0.28965119
0.88842517, 0.72618032
-0.00624311, 0.05402644, -0.00083412
-0.64732808, -0.51002532, 0.56639302
0.32749173, 0.36097491
0.00894441, 0.06266923, 0.00694865
0.63499862, -0.27842036, 0.72057253
0.29023302, 0.28616786
-0.00624313, 0.06266923, 0.00694865
-0.63499862, -0.27842036, 0.72057253
0.29023308, 0.36099601
0.01074268, 0.01799295, 0.00037358
0.76677758, -0.64015627, -0.04690695
0.79477614, 0.79469946
-0.00806666, 0.05934292, -0.00461641
-0.70274973, 0.50975066, 0.49620044
0.77571851, 0.62622732
0.01074268, 0.05622749, -0.00234325
0.70381784, 0.4102298, 0.57991272
0.68206245, 0.60740063
-0.00624313, 0.06266923, 0.00694865
-0.63499862, -0.27842036, 0.72057253
0.53715336, 0.2140258
-0.00624313, 0.08952861, 0.00397906
-0.85576952, -0.28550065, -0.43140966
0.51810926, 0.34581733
-0.00624313, 0.06268378, 0.00385341
-0.80086672, 0.2247383, -0.5550096
0.55205709, 0.21789539
-0.00624313, 0.0999639, -0.01452715
-0.5924558, 0.74965668, 0.29490036
4e-08, 0.21252578
0.0089444, 0.0914657, 0.00707423
0.59935302, 0.44920194, 0.66252631
0.07562226, 0.31647974
0.00894439, 0.0999639, -0.01452715
0.5924558, 0.74965668, 0.29490036
0.07562219, 0.21252578
0.00894441, 0.06266923, 0.00694865
0.63499862, -0.27842036, 0.72057253
0.07562226, 0.41830933
-0.00624313, 0.09146563, 0.00707423
-0.59935302, 0.44920194, 0.66252631
6e-08, 0.31647998
-0.00624313, 0.06266923, 0.00694865
-0.63499862, -0.27842036, 0.72057253
0.0, 0.41830933
-0.00806666, 0.01551797, -0.01362624
-0.78228098, -0.55146945, 0.28965119
0.62338638, 0.45097566
-0.00806666, 0.07134049, -0.01369952
-0.78637046, 0.19653919, 0.58561969
0.62375122, 0.72599828
-0.00806666, 0.00944797, -0.02352889
-0.33329263, -0.91341901, 0.2334666
0.67268181, 0.4210605
0.01074268, 0.05934292, -0.00461641
0.70281076, 0.51054412, 0.4953154
0.16927831, 0.28168607
-0.00624311, 0.05945566, 0.00075508
-0.80385756, 0.56422621, -0.18811609
0.08470213, 0.3004126
0.00894441, 0.05945566, 0.00075508
0.8039186, 0.56395155, -0.18878751
0.16032429, 0.3004126
0.0089444, 0.08952861, 0.00397906
0.85576952, -0.28550065, -0.43140966
0.16927832, 0.41830933
-0.00624313, 0.09723893, -0.014416
-0.78768271, -0.56813258, -0.23813593
0.24490051, 0.32641894
0.00894439, 0.09723893, -0.014416
0.78768271, -0.56813258, -0.23813593
0.16927837, 0.32643253
0.0089444, 0.08952861, 0.00397906
0.85576952, -0.28550065, -0.43140966
0.42168316, 0.2548666
0.0089444, 0.0914657, 0.00707423
0.59935302, 0.44920194, 0.66252631
0.40435392, 0.24942875
0.00894441, 0.06266923, 0.00694865
0.63499862, -0.27842036, 0.72057253
0.44074988, 0.38665658
0.00894441, 0.06268382, 0.00385341
0.80086672, 0.22476882, -0.5550096
0.16032429, 0.32245791
-0.00624313, 0.08952861, 0.00397906
-0.85576952, -0.28550065, -0.43140966
0.08470207, 0.41830933
-0.00624313, 0.06268378, 0.00385341
-0.80086672, 0.2247383, -0.5550096
0.08470203, 0.32245779
-0.00806666, 0.05402644, -0.00083412
-0.80947292, 0.49839777, 0.31034273
0.77571845, 0.59443024
-0.00806666, 0.05622749, -0.00234325
-0.70381784, 0.4102298, 0.57991272
0.77571851, 0.60740057
-0.00624311, 0.05945566, 0.00075508
-0.80385756, 0.56422621, -0.18811609
0.57100326, 0.20629805
-0.00806666, 0.05934292, -0.00461641
-0.70274973, 0.50975066, 0.49620044
0.59721321, 0.21248424
-0.00624311, 0.05622749, -0.00234325
-0.98046815, -0.13614307, 0.14181951
0.58994943, 0.1947006
0.01074268, 0.05934292, -0.00461641
0.70281076, 0.51054412, 0.4953154
0.50078201, 0.38819939
0.00894441, 0.05945566, 0.00075508
0.8039186, 0.56395155, -0.18878751
0.47460294, 0.39437664
0.00894441, 0.05622749, -0.00234325
0.98092592, -0.13449506, 0.14011048
0.49355209, 0.40596998
0.00954049, 0.08927032, -0.04214084
0.2100589, -0.6913358, -0.69130528
0.88134187, 0.3931253
0.01222582, 0.12850888, -0.03997224
0.70668662, 0.62172306, -0.3376568
0.8918879, 0.5865581
0.01222582, 0.08915973, -0.03997224
0.6769616, -0.65819269, -0.32938626
0.8918879, 0.39269418
0.01222582, 0.08915973, -0.02986382
0.90203559, -0.30408642, -0.30625325
0.78537679, 0.26611811
0.01130606, 0.06370108, -0.02985573
0.57304603, 0.58534503, -0.57353437
0.78995395, 0.35658622
0.01130606, 0.08915973, -0.02985573
0.57509077, -0.57274085, -0.58412427
0.78995651, 0.26609063
0.00869456, 0.06417292, -0.0413689
0.24399549, 0.67839593, -0.69295329
0.34728038, 0.29351074
0.0112879, 0.08928575, -0.0392003
0.45841852, -0.85430461, -0.24488053
0.35783499, 0.41734564
0.0112879, 0.06395169, -0.0392003
0.63863033, 0.7267983, -0.2527543
0.35783499, 0.29253072
-0.00542989, 0.08927032, -0.04141193
0.58250678, -0.57219154, -0.57725763
0.33112055, 0.30481851
-0.00542989, 0.06392234, -0.04214084
0.29621264, 0.30100405, -0.90643024
0.32749176, 0.17993444
-0.00542989, 0.08927032, -0.04214084
0.30698568, -0.30185857, -0.90255439
0.32749173, 0.30481791
0.01222582, 0.01667728, -0.02692525
0.31644642, 0.30475783, -0.89828181
0.28003514, 0.23757869
0.01222582, 0.01046134, -0.03997224
0.68041015, -0.63472396, -0.36622211
0.24546546, 0.30002135
0.01222582, 0.0174154, -0.03997224
0.70711386, 0.6286813, -0.32358775
0.28003514, 0.30195141
-0.00906217, 0.02741684, -0.03979797
-0.50810266, -0.81914729, -0.26606035
0.76759911, 0.2000311
-0.00957802, 0.02675438, -0.02692525
-0.28846094, -0.29779962, -0.9099704
0.7751025, 0.13691789
-0.00957802, 0.02741684, -0.03997224
-0.70995206, -0.61671805, -0.33991516
0.76492655, 0.20048106
0.01130606, 0.08915973, -0.02985573
0.57509077, -0.57274085, -0.58412427
0.40435392, 0.41673285
0.01130606, 0.06370108, -0.02985573
0.57304603, 0.58534503, -0.57353437
0.40435392, 0.29130405
-0.00542989, 0.08927032, -0.04141193
0.58250678, -0.57219154, -0.57725763
0.87328744, 0.30512577
0.00869456, 0.06417292, -0.0413689
0.24399549, 0.67839593, -0.69295329
0.8029561, 0.39418858
-0.00542989, 0.06392234, -0.04141193
0.57344282, 0.58305615, -0.57545704
0.87328494, 0.39522797
0.0107427, 0.12695622, -0.02352889
0.30149236, 0.30149236, 0.90450758
0.68206245, 0.93092021
0.01222582, 0.12850888, -0.02352889
0.54676962, 0.60109258, 0.58281195
0.67467761, 0.93643373
0.01074268, 0.12850888, -0.02352889
0.0, 0.70708334, 0.70708334
0.68206251, 0.93643373
0.00789357, 0.12850888, -0.02352889
0.30201116, 0.88808864, 0.34647664
0.78537011, 0.2886529
0.00670786, 0.12695622, -0.01492357
0.30201116, 0.88808864, 0.34647664
0.77763939, 0.24614549
0.00789357, 0.12695622, -0.02352889
0.53294474, 0.58488721, 0.61140782
0.77763939, 0.28864521
0.00670785, 0.12850888, -0.01492357
0.53294474, 0.58488721, 0.61140782
0.70215285, 0.90704366
0.00670786, 0.12695622, -0.01492357
0.30201116, 0.88808864, 0.34647664
0.70215279, 0.90153014
-0.00362678, 0.12850888, -0.01492357
-0.52159184, 0.58684039, 0.61925107
0.11808279, 0.28167564
-0.00511099, 0.12695622, -0.02352889
-0.52159184, 0.58684039, 0.61925107
0.11035214, 0.23913622
-0.00362678, 0.12695622, -0.01492357
-0.30124819, 0.88390762, 0.35767692
0.11035208, 0.28168607
0.01222582, 0.00960957, -0.02692525
0.28348643, -0.89309365, -0.34925383
0.78736913, 0.66169012
-0.00806666, 0.00944797, -0.02352889
-0.33329263, -0.91341901, 0.2334666
0.88840991, 0.67844123
-0.009578, 0.00960949, -0.02692525
-0.28348643, -0.89309365, -0.34928435
0.8959353, 0.66169015
-0.009578, 0.01665706, -0.02692525
-0.31772819, 0.30500197, -0.89776301
0.40435389, 0.28917354
-0.009578, 0.01046134, -0.03997224
-0.6817835, -0.63890499, -0.35624257
0.36956507, 0.22690254
-0.009578, 0.00960949, -0.02692525
-0.28348643, -0.89309365, -0.34928435
0.36933005, 0.29130405
-0.009578, 0.02341112, -0.02692525
-0.31580552, 0.30463576, -0.89855647
0.72615844, 0.21390134
-0.009578, 0.02075751, -0.03997224
-0.70998263, -0.61564988, -0.34180731
0.74249703, 0.27746218
-0.009578, 0.0200004, -0.02692525
-0.28659931, -0.29721975, -0.91073334
0.74312073, 0.21309191
-0.00957802, 0.03023891, -0.02692525
-0.31385234, 0.30426955, -0.89934993
0.16967037, 0.25168693
-0.00957802, 0.02741684, -0.03997224
-0.70995206, -0.61671805, -0.33991516
0.18644644, 0.31531245
-0.00957802, 0.02675438, -0.02692525
-0.28846094, -0.29779962, -0.9099704
0.18700466, 0.25096679
-0.00957802, 0.03695609, -0.02692525
-0.31196019, 0.30390331, -0.90014344
0.13548435, 0.20697069
-0.00957802, 0.03415009, -0.03997224
-0.70995206, -0.61778617, -0.33802301
0.15177946, 0.27070129
-0.00957802, 0.03358222, -0.02692525
-0.29029205, -0.29837948, -0.90920746
0.15227221, 0.20637697
0.01222582, 0.04382379, -0.03997224
0.70650351, 0.62083805, -0.33967102
0.11813863, 0.21741432
0.01222582, 0.04046106, -0.02692525
0.3027131, -0.30176702, -0.9040193
0.13522713, 0.28159314
0.01222582, 0.04040321, -0.03997224
0.70659506, -0.62218088, -0.33698538
0.13516963, 0.21732199
0.01222582, 0.03709756, -0.02692525
0.30262154, 0.30176702, -0.90404981
0.18700464, 0.17625672
0.01222582, 0.03387303, -0.03997224
0.70647299, -0.61995298, -0.34138006
0.17067164, 0.24046111
0.01222582, 0.0371534, -0.03997224
0.70659506, 0.62215036, -0.3370159
0.18700466, 0.24052775
0.01222582, 0.03033997, -0.02692525
0.30722985, 0.30286568, -0.90212715
0.76056707, 0.21393269
0.01222582, 0.02723218, -0.03997224
0.70635092, -0.6176641, -0.34574419
0.74368662, 0.27785802
0.01222582, 0.03062326, -0.03997224
0.70674765, 0.62434769, -0.33262125
0.76056707, 0.27821809
0.01222582, 0.02347172, -0.02692525
0.3118076, 0.30384228, -0.900235
0.09269214, 0.20693946
0.01222582, 0.02066518, -0.03997224
0.70625937, -0.61531419, -0.35004729
0.07618807, 0.27062207
0.01222582, 0.02398241, -0.03997224
0.70693076, 0.62651449, -0.32819605
0.09269215, 0.27125883
0.01222582, 0.0506051, -0.03997224
0.70647299, 0.62038028, -0.34052554
0.69073504, 0.22437936
0.01222582, 0.04719114, -0.02692525
0.30356762, -0.30201116, -0.90365309
0.70827305, 0.28850508
0.01222582, 0.04708779, -0.03997224
0.70662558, -0.62263864, -0.33610034
0.70824724, 0.22423244
-0.00957802, 0.04373866, -0.02692525
-0.31080049, 0.30365917, -0.90063173
0.70865321, 0.21394575
-0.00957802, 0.0407726, -0.03997224
-0.70992154, -0.61885434, -0.33610034
0.72534275, 0.27775252
-0.00957802, 0.04029939, -0.02692525
-0.29212317, -0.2989288, -0.90844446
0.72577, 0.2134462
-0.00957802, 0.05055737, -0.02692525
-0.31043428, 0.30356762, -0.90078431
0.67304885, 0.21394843
-0.00957802, 0.04747566, -0.03997224
-0.70992154, -0.61906797, -0.33570361
0.69023365, 0.27775955
-0.00957802, 0.04702136, -0.02692525
-0.29258096, -0.29905087, -0.90826136
0.69064772, 0.21345651
0.01222582, 0.12850888, -0.02692525
0.68916899, 0.72423476, -0.02130192
0.95684052, 0.58656827
0.01222582, 0.05401792, -0.02692525
0.30448318, -0.30222479, -0.90328681
0.95684052, 0.21956897
0.01222582, 0.08915973, -0.02986382
0.90203559, -0.30408642, -0.30625325
0.94221121, 0.39270204
-0.00671158, 0.05100221, -0.04175024
-0.81414229, 0.57652515, -0.06894131
0.32745108, 0.2453655
-0.00704732, 0.05427545, -0.04214188
-0.51716667, -0.36674094, -0.77330852
0.31120047, 0.24778092
-0.00704732, 0.05100221, -0.04214188
-0.51716667, 0.36677146, -0.773278
0.32749173, 0.24733096
-0.00906217, 0.02075751, -0.03979797
-0.50599688, -0.81948304, -0.26902065
0.72844243, 0.20013964
-0.009578, 0.0200004, -0.02692525
-0.28659931, -0.29721975, -0.91073334
0.73594624, 0.13701046
-0.009578, 0.02075751, -0.03997224
-0.70998263, -0.61564988, -0.34180731
0.72576994, 0.20058972
-0.00671156, 0.01746161, -0.04175024
-0.81414229, 0.57652515, -0.06894131
0.77755177, 0.28585172
-0.00704732, 0.02075751, -0.04214188
-0.51716667, -0.36677146, -0.773278
0.76125085, 0.2886529
-0.00704732, 0.01746161, -0.04214188
-0.51722771, 0.36664936, -0.77330852
0.77763939, 0.28781569
-0.00704732, 0.04747566, -0.04214188
-0.51716667, -0.36677146, -0.773278
0.02346778, 0.21252578
-0.00906217, 0.04747566, -0.03979797
-0.51271093, -0.81835383, -0.25955993
0.01538466, 0.19957256
-0.00957802, 0.04747566, -0.03997224
-0.70992154, -0.61906797, -0.33570361
0.01271206, 0.20002228
0.01170997, 0.04390441, -0.02692525
0.57765436, 0.57536548, -0.57896662
0.38569444, 0.21428871
0.01170997, 0.04708779, -0.03974897
0.51939452, -0.81841487, -0.24576555
0.36940446, 0.15123022
0.01170997, 0.04719114, -0.02692525
0.57692188, -0.5798822, -0.57521284
0.36933005, 0.21440291
-0.00704732, 0.04420242, -0.04214188
-0.51716667, 0.36677146, -0.773278
0.22190219, 0.12989688
-0.00906217, 0.04420242, -0.03979797
-0.5332194, 0.81377608, -0.23108615
0.21385705, 0.1398598
-0.00671156, 0.04420242, -0.04175024
-0.81414229, 0.57652515, -0.06894131
0.2238268, 0.13084507
0.01170997, 0.05073119, -0.02692525
0.57786798, 0.57423627, -0.57991272
0.28003514, 0.23545295
0.01170997, 0.0538691, -0.03974897
0.52052367, -0.81810969, -0.24427015
0.26377541, 0.17244214
0.01170997, 0.05401792, -0.02692525
0.57673877, -0.58098084, -0.57426679
0.26367113, 0.23561704
0.00920891, 0.0174154, -0.04174016
0.81173134, 0.57704395, -0.08975494
0.24481797, 0.18741429
0.01170997, 0.02066518, -0.03974897
0.50114447, -0.8222602, -0.26956999
0.22809123, 0.19622099
0.01170997, 0.0174154, -0.03974897
0.53532517, 0.8139897, -0.22531815
0.24425399, 0.19697696
-0.00906217, 0.05427545, -0.03979797
-0.51313823, -0.81826228, -0.25898007
0.02809664, 0.19957256
-0.00704732, 0.05427545, -0.04214188
-0.51716667, -0.36674094, -0.77330852
0.03617967, 0.21252578
-0.00671158, 0.05427545, -0.04175024
-0.81414229, -0.57652515, -0.06894131
0.03813583, 0.2108801
0.01170997, 0.03709756, -0.02692525
0.57710499, 0.57869196, -0.57618946
0.24490051, 0.16085935
0.01170997, 0.04040321, -0.03974897
0.51823479, -0.81868953, -0.24723044
0.26134935, 0.22403002
0.01170997, 0.04046106, -0.02692525
0.57710499, -0.57875299, -0.57615894
0.26164752, 0.16085935
0.01170997, 0.02004078, -0.02692525
0.57994324, -0.56184578, -0.58986175
0.22817217, 0.25946593
-0.00704732, 0.05100221, -0.04214188
-0.51716667, 0.36677146, -0.773278
0.2387715, 0.12967217
-0.00906217, 0.05100221, -0.03979797
-0.53279215, 0.81386763, -0.231666
0.23072906, 0.13963717
-0.00671158, 0.05100221, -0.04175024
-0.81414229, 0.57652515, -0.06894131
0.24069627, 0.13061976
-0.009578, 0.01665706, -0.02692525
-0.31772819, 0.30500197, -0.89776301
0.12822321, 0.20688182
-0.00906215, 0.01746161, -0.03979797
-0.54087955, 0.81160927, -0.22067934
0.12072044, 0.16058254
-0.009578, 0.01746161, -0.03997224
-0.71004367, 0.6322825, -0.30985442
0.11808279, 0.16053867
-0.009578, 0.02341112, -0.02692525
-0.31580552, 0.30463576, -0.89855647
0.08575168, 0.20628095
-0.00906217, 0.02412094, -0.03979797
-0.53874326, 0.81225014, -0.2235786
0.07825997, 0.1603201
-0.00957802, 0.02412094, -0.03997224
-0.71001315, 0.63136691, -0.31177709
0.07562227, 0.16027963
0.00920891, 0.02398241, -0.04174016
0.81173134, 0.57704395, -0.08975494
0.33590779, 0.24801451
0.01170997, 0.02723218, -0.03974897
0.50685143, -0.82119203, -0.26209295
0.3524859, 0.23893684
0.01170997, 0.02398241, -0.03974897
0.5296182, 0.81569874, -0.23261207
0.3363128, 0.23844391
-0.00906217, 0.03415009, -0.03979797
-0.51020843, -0.81878108, -0.26310006
0.0655824, 0.19957298
-0.00957802, 0.03358222, -0.02692525
-0.29029205, -0.29837948, -0.90920746
0.07308538, 0.13647568
-0.00957802, 0.03415009, -0.03997224
-0.70995206, -0.61778617, -0.33802301
0.06290981, 0.20002276
-0.00957802, 0.03023891, -0.02692525
-0.31385234, 0.30426955, -0.89934993
0.10712283, 0.20626122
-0.00906217, 0.03085412, -0.03979797
-0.53660697, 0.81282997, -0.22644734
0.09964242, 0.16063839
-0.00957802, 0.03085412, -0.03997224
-0.70998263, 0.63042086, -0.31373027
0.09700466, 0.16060132
0.00920891, 0.03387303, -0.04174016
0.81173134, -0.57704395, -0.08975494
0.31055391, 0.2457723
0.01170997, 0.03062326, -0.03974897
0.52391124, 0.81725514, -0.23993652
0.294608, 0.23598689
0.00920891, 0.03062326, -0.04174016
0.81173134, 0.57704395, -0.08975494
0.29437447, 0.24556309
-0.00906217, 0.0407726, -0.03979797
-0.5123142, -0.81841487, -0.26013976
0.00267262, 0.19957268
-0.00957802, 0.04029939, -0.02692525
-0.29212317, -0.2989288, -0.90844446
0.01017518, 0.13649142
-0.00957802, 0.0407726, -0.03997224
-0.70992154, -0.61885434, -0.33610034
0.0, 0.2000224
-0.00957802, 0.03695609, -0.02692525
-0.31196019, 0.30390331, -0.90014344
0.1667701, 0.20614058
-0.00906217, 0.03747663, -0.03979797
-0.53450119, 0.81340981, -0.2293466
0.15930124, 0.16085595
-0.00957802, 0.03747663, -0.03997224
-0.70995206, 0.62947476, -0.31571397
0.15666342, 0.16082239
0.00953252, 0.04040321, -0.04214188
0.50984222, -0.3625904, -0.7800836
0.13522713, 0.20688188
0.01222582, 0.04046106, -0.02692525
0.3027131, -0.30176702, -0.9040193
0.75803441, 0.21356058
0.01170997, 0.04040321, -0.03974897
0.51823479, -0.81868953, -0.24723044
0.74993831, 0.15088433
0.01222582, 0.04040321, -0.03997224
0.70659506, -0.62218088, -0.33698538
0.74722058, 0.15022361
0.01170997, 0.0371534, -0.03974897
0.51820427, 0.81868953, -0.24729148
0.14179017, 0.19590551
0.01222582, 0.03709756, -0.02692525
0.30262154, 0.30176702, -0.90404981
0.1497761, 0.1525507
0.01222582, 0.0371534, -0.03997224
0.70659506, 0.62215036, -0.3370159
0.13911235, 0.19604743
-0.00906217, 0.05100221, -0.03979797
-0.53279215, 0.81386763, -0.231666
0.32707858, 0.23601294
-0.00671158, 0.05427545, -0.04175024
-0.81414229, -0.57652515, -0.06894131
0.31115994, 0.24581546
0.00953252, 0.0371534, -0.04214188
0.50984222, 0.3625904, -0.7800836
0.18684587, 0.25096679
0.01222582, 0.03370347, -0.02692525
0.29810479, -0.30060732, -0.90594196
0.70146239, 0.2137922
0.01170997, 0.03387303, -0.03974897
0.51252782, -0.82000184, -0.25464645
0.69336534, 0.15107751
0.01222582, 0.03387303, -0.03997224
0.70647299, -0.61995298, -0.34138006
0.69064766, 0.15041655
0.01170997, 0.03062326, -0.03974897
0.52391124, 0.81725514, -0.23993652
0.28325149, 0.19951129
0.01222582, 0.03033997, -0.02692525
0.30722985, 0.30286568, -0.90212715
0.29126972, 0.15534282
0.01222582, 0.03062326, -0.03997224
0.70674765, 0.62434769, -0.33262125
0.28057423, 0.19966269
-0.00906217, 0.02412094, -0.03979797
-0.53874326, 0.81225014, -0.2235786
0.16866574, 0.26964074
-0.00906217, 0.02675438, -0.02692525
-0.58009583, -0.56096071, -0.59056365
0.15264924, 0.20688725
-0.00906217, 0.02741684, -0.03979797
-0.50810266, -0.81914729, -0.26606035
0.15227222, 0.27037686
0.00953252, 0.02723218, -0.04214188
0.50984222, -0.3625904, -0.7800836
0.74334401, 0.28829283
0.01222582, 0.02683522, -0.02692525
0.29358807, -0.29935607, -0.90783411
0.4018212, 0.21440291
0.01170997, 0.02723218, -0.03974897
0.50685143, -0.82119203, -0.26209295
0.39372328, 0.15164977
0.01222582, 0.02723218, -0.03997224
0.70635092, -0.6176641, -0.34574419
0.39100567, 0.15098864
0.01170997, 0.02398241, -0.03974897
0.5296182, 0.81569874, -0.23261207
0.05236001, 0.2021147
0.01222582, 0.02347172, -0.02692525
0.3118076, 0.30384228, -0.900235
0.06040945, 0.1571328
0.01222582, 0.02398241, -0.03997224
0.70693076, 0.62651449, -0.32819605
0.04968327, 0.2022754
-0.00906217, 0.03747663, -0.03979797
-0.53450119, 0.81340981, -0.2293466
0.22762108, 0.24839854
-0.00906217, 0.04029939, -0.02692525
-0.57930237, -0.5656606, -0.58684039
0.21145386, 0.18548316
-0.00906217, 0.0407726, -0.03979797
-0.5123142, -0.81841487, -0.26013976
0.21121922, 0.24893254
0.00953252, 0.02398241, -0.04214188
0.50984222, 0.3625904, -0.7800836
0.09216592, 0.28168607
0.01222582, 0.02004078, -0.02692525
0.28913236, -0.29804376, -0.90969574
0.2913906, 0.28614694
0.01170997, 0.02066518, -0.03974897
0.50114447, -0.8222602, -0.26956999
0.28329179, 0.22335529
0.01222582, 0.02066518, -0.03997224
0.70625937, -0.61531419, -0.35004729
0.28057423, 0.22269392
0.01170997, 0.0174154, -0.03974897
0.53532517, 0.8139897, -0.22531815
0.33016789, 0.35061395
0.01222582, 0.01667728, -0.02692525
0.31644642, 0.30475783, -0.89828181
0.3382476, 0.30481851
0.01222582, 0.0174154, -0.03997224
0.70711386, 0.6286813, -0.32358775
0.32749173, 0.35078353
-0.00906217, 0.05384007, -0.02692525
-0.57911921, -0.56660664, -0.58610797
0.31115344, 0.17302066
-0.00906217, 0.05055737, -0.02692525
-0.57554859, 0.58812219, -0.5681631
0.32749173, 0.17256939
0.00954049, 0.01079326, -0.04214084
0.24692526, -0.60704368, -0.75530261
0.24640661, 0.31052577
0.01222582, 0.05401792, -0.02692525
0.30448318, -0.30222479, -0.90328681
0.71908665, 0.21344626
0.01170997, 0.0538691, -0.03974897
0.52052367, -0.81810969, -0.24427015
0.71099085, 0.15078545
0.01222582, 0.0538691, -0.03997224
0.7066561, -0.62306589, -0.33524582
0.70827311, 0.15012479
0.01170997, 0.0506051, -0.03974897
0.51362652, 0.8197577, -0.25324258
0.99543566, 0.26590037
0.01222582, 0.05073119, -0.02692525
0.29886776, 0.30085146, -0.90560627
0.99800414, 0.31009883
0.01222582, 0.0506051, -0.03997224
0.70647299, 0.62038028, -0.34052554
0.9980042, 0.26513863
-0.00671156, 0.02741684, -0.04175024
-0.81414229, -0.57652515, -0.06894131
0.15280955, 0.27972162
-0.00704732, 0.05427545, -0.04214188
-0.51716667, -0.36674094, -0.77330852
0.59721327, 0.41630924
-0.00704584, 0.12850888, -0.04214084
-0.26734215, 0.63673818, -0.72322762
0.59721857, 0.0505811
0.01222582, 0.04719114, -0.02692525
0.30356762, -0.30201116, -0.90365309
0.68811506, 0.21345651
0.01170997, 0.04708779, -0.03974897
0.51939452, -0.81841487, -0.24576555
0.68001914, 0.15078801
0.01222582, 0.04708779, -0.03997224
0.70662558, -0.62263864, -0.33610034
0.67730135, 0.15012729
0.01170997, 0.04382379, -0.03974897
0.51475573, 0.81951356, -0.25174719
0.99543566, 0.24179548
0.01222582, 0.04390441, -0.02692525
0.29996642, 0.30106509, -0.90514845
0.99800414, 0.28583229
0.01222582, 0.04382379, -0.03997224
0.70650351, 0.62083805, -0.33967102
0.9980042, 0.24103373
-0.00671158, 0.03747663, -0.04175024
-0.81414229, 0.57652515, -0.06894131
0.22804072, 0.25774914
0.00920891, 0.0371534, -0.04174016
0.81173134, 0.57704395, -0.08975494
0.24506134, 0.23360837
0.01170997, 0.0371534, -0.03974897
0.51820427, 0.81868953, -0.24729148
0.24516839, 0.22403002
-0.01000565, 0.00960949, -0.02692525
-0.5798822, -0.56221199, -0.58958709
0.99543554, 0.58656827
-0.00957802, 0.03023891, -0.02692525
-0.31385234, 0.30426955, -0.89934993
0.99330628, 0.5132387
-0.00957802, 0.02675438, -0.02692525
-0.28846094, -0.29779962, -0.9099704
0.99330628, 0.52562484
-0.00957802, 0.04702136, -0.02692525
-0.29258096, -0.29905087, -0.90826136
0.02288716, 0.13649452
0.01170997, 0.03370347, -0.02692525
0.57802057, -0.5731681, -0.58079773
0.31078741, 0.17302006
0.01170997, 0.03387303, -0.03974897
0.51252782, -0.82000184, -0.25464645
0.31078741, 0.2361961
-0.00957802, 0.04373866, -0.02692525
-0.31080049, 0.30365917, -0.90063173
0.22131906, 0.18494147
-0.00957802, 0.04420242, -0.03997224
-0.70995206, 0.62889493, -0.31687367
0.21121922, 0.13982832
0.00920891, 0.04708779, -0.04174016
0.81176186, -0.57704395, -0.08975494
0.36944324, 0.14165133
0.01170997, 0.04382379, -0.03974897
0.51475573, 0.81951356, -0.25174719
0.3856557, 0.15111679
0.00920891, 0.04382379, -0.04174016
0.81173134, 0.57704395, -0.08975494
0.38569444, 0.1415379
-0.00957802, 0.05384007, -0.02692525
-0.29288614, -0.29914242, -0.90810877
0.03559895, 0.13649768
-0.00957802, 0.05427545, -0.03997224
-0.70992154, -0.61928159, -0.33533737
0.02542402, 0.20002228
-0.00906215, 0.01746161, -0.03979797
-0.54087955, 0.81160927, -0.22067934
0.7769556, 0.27651048
-0.00671156, 0.02075751, -0.04175024
-0.81414229, -0.57652515, -0.06894131
0.76116323, 0.28668892
-0.00957802, 0.05055737, -0.02692525
-0.31043428, 0.30356762, -0.90078431
0.23818867, 0.18465126
-0.00957802, 0.05100221, -0.03997224
-0.70995206, 0.62871182, -0.31727043
0.22809123, 0.13960648
-0.00704732, 0.05100221, -0.04214188
-0.51716667, 0.36677146, -0.773278
0.67309594, 0.2886529
-0.00957802, 0.05100221, -0.03997224
-0.70995206, 0.62871182, -0.31727043
0.67268187, 0.2782501
-0.00906217, 0.03085412, -0.03979797
-0.53660697, 0.81282997, -0.22644734
0.10909033, 0.2697382
-0.00906217, 0.03358222, -0.02692525
-0.5796991, -0.56331062, -0.58870202
0.09299809, 0.20690548
-0.00906217, 0.03415009, -0.03979797
-0.51020843, -0.81878108, -0.26310006
0.09269215, 0.27037334
0.00953252, 0.0538691, -0.04214188
0.5098117, -0.3625904, -0.78011411
0.71969736, 0.13738
0.00920891, 0.0538691, -0.04174016
0.81173134, -0.57704395, -0.08975494
0.72161925, 0.13906479
0.00953252, 0.03062326, -0.04214188
0.50984222, 0.3625904, -0.7800836
0.29436129, 0.24757177
0.00953252, 0.03387303, -0.04214188
0.50984222, -0.3625904, -0.7800836
0.31054074, 0.24778092
0.00953252, 0.0506051, -0.04214188
0.50984222, 0.3625904, -0.7800836
0.34506777, 0.36026293
0.01170997, 0.0506051, -0.03974897
0.51362652, 0.8197577, -0.25324258
0.34706032, 0.34692132
0.01222582, 0.0506051, -0.03997224
0.70647299, 0.62038028, -0.34052554
0.34514448, 0.34506464
-0.00704732, 0.04420242, -0.04214188
-0.51716667, 0.36677146, -0.773278
0.70870024, 0.2886529
-0.00957802, 0.04420242, -0.03997224
-0.70995206, 0.62889493, -0.31687367
0.70827311, 0.27825069
-0.00671156, 0.04420242, -0.04175024
-0.81414229, 0.57652515, -0.06894131
0.36916083, 0.24808019
-0.00906217, 0.04747566, -0.03979797
-0.51271093, -0.81835383, -0.25955993
0.3524859, 0.23919803
-0.00671156, 0.04747566, -0.04175024
-0.81414229, -0.57652515, -0.06894131
0.35287023, 0.24855018
0.00953252, 0.04708779, -0.04214188
0.50984222, -0.3625904, -0.7800836
0.68872583, 0.13738275
0.00920891, 0.04708779, -0.04174016
0.81176186, -0.57704395, -0.08975494
0.69064772, 0.13906753
0.00953252, 0.04382379, -0.04214188
0.50984222, 0.3625904, -0.7800836
0.38566682, 0.13952935
0.00953252, 0.04708779, -0.04214188
0.50984222, -0.3625904, -0.7800836
0.36941555, 0.13964278
0.00953252, 0.04382379, -0.04214188
0.50984222, 0.3625904, -0.7800836
0.34307525, 0.36026293
0.01170997, 0.04382379, -0.03974897
0.51475573, 0.81951356, -0.25174719
0.34506777, 0.34692138
0.01222582, 0.04382379, -0.03997224
0.70650351, 0.62083805, -0.33967102
0.34315199, 0.34506464
0.00920891, 0.0506051, -0.04174016
0.81173134, 0.57704395, -0.08975494
0.28003514, 0.16270024
0.01170997, 0.0506051, -0.03974897
0.51362652, 0.8197577, -0.25324258
0.28002617, 0.17227918
-0.00704732, 0.0407726, -0.04214188
-0.51716667, -0.36677146, -0.773278
0.01075584, 0.21252578
-0.00704732, 0.0407726, -0.04214188
-0.51716667, -0.36677146, -0.773278
0.21168938, 0.26024836
-0.00704732, 0.03747663, -0.04214188
-0.51716667, 0.36677146, -0.773278
0.22809123, 0.25971437
-0.00704732, 0.03747663, -0.04214188
-0.51716667, 0.36677146, -0.773278
0.16735455, 0.15089959
-0.00671158, 0.03747663, -0.04175024
-0.81414229, 0.57652515, -0.06894131
0.16927831, 0.15184927
-0.00704732, 0.03747663, -0.04214188
-0.51716667, 0.36677146, -0.773278
0.1357199, 0.28168607
-0.00957802, 0.03747663, -0.03997224
-0.70995206, 0.62947476, -0.31571397
0.13522713, 0.27128667
-0.00906217, 0.04702136, -0.02692525
-0.57921082, -0.56614888, -0.58647418
0.3528662, 0.1757527
-0.00906217, 0.04420242, -0.03979797
-0.5332194, 0.81377608, -0.23108615
0.36877653, 0.23872805
-0.00906217, 0.04373866, -0.02692525
-0.57545704, 0.58857995, -0.56776637
0.3692039, 0.17528135
0.00953252, 0.04040321, -0.04214188
0.50984222, -0.3625904, -0.7800836
0.75864524, 0.13747919
0.00920891, 0.04040321, -0.04174016
0.81173134, -0.57704395, -0.08975494
0.76056707, 0.13916403
0.00920891, 0.02723218, -0.04174016
0.81176186, -0.57704395, -0.08975494
0.35208091, 0.24850744
0.00953252, 0.02398241, -0.04214188
0.50984222, 0.3625904, -0.7800836
0.33585861, 0.25002259
0.00953252, 0.02723218, -0.04214188
0.50984222, -0.3625904, -0.7800836
0.35203177, 0.25051558
0.00953252, 0.0371534, -0.04214188
0.50984222, 0.3625904, -0.7800836
0.15037942, 0.20637703
-0.00704732, 0.02075751, -0.04214188
-0.51716667, -0.36677146, -0.773278
0.88133419, 0.55115277
0.00953252, 0.02398241, -0.04214188
0.50984222, 0.3625904, -0.7800836
0.79877961, 0.53968722
0.00953252, 0.02066518, -0.04214188
0.50984222, -0.3625904, -0.7800836
0.79877931, 0.55147862
-0.00704732, 0.03415009, -0.04214188
-0.51716667, -0.36677146, -0.773278
0.0736661, 0.21252578
-0.00671156, 0.02412094, -0.04175024
-0.81414229, 0.57652515, -0.06894131
0.16920307, 0.2789855
-0.00704732, 0.02741684, -0.04214188
-0.51716667, -0.36677146, -0.773278
0.15288478, 0.28168607
-0.00704732, 0.02412094, -0.04214188
-0.51716667, 0.36677146, -0.773278
0.16927831, 0.28094995
-0.00704732, 0.03085412, -0.04214188
-0.51716667, 0.36677146, -0.773278
0.10770921, 0.1506927
-0.00671156, 0.03085412, -0.04175024
-0.81414229, 0.57652515, -0.06894131
0.10963175, 0.15164489
0.01222582, 0.06370108, -0.03997224
0.75978881, 0.54582351, -0.35319072
0.8918879, 0.26726538
0.00953252, 0.0538691, -0.04214188
0.5098117, -0.3625904, -0.78011411
0.88133752, 0.21871144
0.00954049, 0.06392234, -0.04214084
0.30021057, 0.57750177, -0.75914794
0.88134187, 0.26824176
0.01170997, 0.02683522, -0.02692525
0.57896662, -0.56752223, -0.58537555
0.3524859, 0.17573625
-0.00704732, 0.02741684, -0.04214188
-0.51716667, -0.36677146, -0.773278
0.77568328, 0.21298373
-0.00704732, 0.04747566, -0.04214188
-0.51716667, -0.36677146, -0.773278
0.35291329, 0.25051558
-0.00704732, 0.04420242, -0.04214188
-0.51716667, 0.36677146, -0.773278
0.36920387, 0.25004554
-0.00704732, 0.02412094, -0.04214188
-0.51716667, 0.36677146, -0.773278
0.08634006, 0.15038496
-0.00671156, 0.02412094, -0.04175024
-0.81414229, 0.57652515, -0.06894131
0.08826134, 0.15133971
-0.00704732, 0.03085412, -0.04214188
-0.51716667, 0.36677146, -0.773278
0.1699055, 0.32641894
-0.00957802, 0.03085412, -0.03997224
-0.70998263, 0.63042086, -0.31373027
0.16934726, 0.31602275
-0.00906215, 0.0200004, -0.02692525
-0.58049256, -0.55858028, -0.59242529
0.76101494, 0.21383297
-0.00906215, 0.01665706, -0.02692525
-0.5741142, 0.59672844, -0.5605945
0.77763939, 0.21298373
0.00953252, 0.03387303, -0.04214188
0.50984222, -0.3625904, -0.7800836
0.7020734, 0.13767302
0.00920891, 0.03387303, -0.04174016
0.81173134, -0.57704395, -0.08975494
0.70399505, 0.13935804
0.00920891, 0.04040321, -0.04174016
0.81173134, -0.57704395, -0.08975494
0.2612423, 0.23360837
0.00953252, 0.0371534, -0.04214188
0.50984222, 0.3625904, -0.7800836
0.24507464, 0.23561704
0.00953252, 0.04040321, -0.04214188
0.50984222, -0.3625904, -0.7800836
0.26125562, 0.23561704
0.00953252, 0.03062326, -0.04214188
0.50984222, 0.3625904, -0.7800836
0.2918787, 0.20995218
-0.00704732, 0.02412094, -0.04214188
-0.51716667, 0.36677146, -0.773278
0.72639364, 0.2886529
-0.00957802, 0.02412094, -0.03997224
-0.71001315, 0.63136691, -0.31177709
0.72576994, 0.27826041
-0.00671156, 0.03415009, -0.04175024
-0.81414229, -0.57652515, -0.06894131
0.09317065, 0.2797212
0.00953252, 0.02723218, -0.04214188
0.50984222, -0.3625904, -0.7800836
0.40243232, 0.13824594
0.00920891, 0.02723218, -0.04174016
0.81176186, -0.57704395, -0.08975494
0.40435392, 0.13993108
0.00920891, 0.0538691, -0.04174016
0.81173134, -0.57704395, -0.08975494
0.26378429, 0.16286319
0.00953252, 0.0506051, -0.04214188
0.50984222, 0.3625904, -0.7800836
0.28000122, 0.1606918
0.00953252, 0.0538691, -0.04214188
0.5098117, -0.3625904, -0.78011411
0.26375049, 0.16085476
0.00953252, 0.02398241, -0.04214188
0.50984222, 0.3625904, -0.7800836
0.06102389, 0.21252578
0.00953252, 0.0506051, -0.04214188
0.50984222, 0.3625904, -0.7800836
0.69076091, 0.21393913
-0.00704732, 0.02075751, -0.04214188
-0.51716667, -0.36677146, -0.773278
0.73652709, 0.21309191
-0.00671156, 0.02075751, -0.04175024
-0.81414229, -0.57652515, -0.06894131
0.73848313, 0.21144599
-0.00671156, 0.03085412, -0.04175024
-0.81414229, 0.57652515, -0.06894131
0.10956889, 0.27908605
-0.00704732, 0.03415009, -0.04214188
-0.51716667, -0.36677146, -0.773278
0.09323356, 0.28168607
-0.00704732, 0.03085412, -0.04214188
-0.51716667, 0.36677146, -0.773278
0.10963175, 0.28105098
-0.00704732, 0.01746161, -0.04214188
-0.51722771, 0.36664936, -0.77330852
0.12881358, 0.15065789
-0.009578, 0.01746161, -0.03997224
-0.71004367, 0.6322825, -0.30985442
0.40435389, 0.22478634
-0.00704584, 0.01079326, -0.04214084
-0.25818658, -0.60454118, -0.75353253
0.37045246, 0.21642411
0.00953252, 0.02066518, -0.04214188
0.50984222, -0.3625904, -0.7800836
0.29200193, 0.20995218
0.00920891, 0.02066518, -0.04174016
0.81173134, -0.57704395, -0.08975494
0.29392335, 0.21163744
0.00920891, 0.02066518, -0.04174016
0.81173134, -0.57704395, -0.08975494
0.2286552, 0.18665826
0.00953252, 0.0174154, -0.04214188
0.50965911, 0.36274299, -0.78014463
0.24490051, 0.18540722
0.00953252, 0.02066518, -0.04214188
0.50984222, -0.3625904, -0.7800836
0.22873774, 0.18465126
0.00953252, 0.0174154, -0.04214188
0.50965911, 0.36274299, -0.78014463
0.33886734, 0.36099601
0.01262664, 0.00960957, -0.02692525
0.57985169, -0.56218147, -0.58961761
0.99999988, 0.1639275
0.01222582, 0.03033997, -0.02692525
0.30722985, 0.30286568, -0.90212715
0.99800414, 0.237616
0.01222582, 0.03370347, -0.02692525
0.29810479, -0.30060732, -0.90594196
0.99800414, 0.24957192
0.01262664, 0.00944797, -0.02352889
0.57487714, -0.59215063, 0.56465346
0.99073768, 0.0
-0.00542989, 0.06392234, -0.04214084
0.29621264, 0.30100405, -0.90643024
0.87328488, 0.39771479
0.01222582, 0.06370108, -0.02986382
0.90658283, 0.30292672, -0.29371014
0.78537428, 0.3566137
0.00716378, 0.12779935, -0.03635016
0.68623918, -0.60997343, -0.3961913
0.2159525, 0.26024842
0.00134746, 0.12779935, -0.026276
0.0, -0.60997343, 0.7923826
0.18700469, 0.30986208
-0.00446886, 0.12779935, -0.03635016
-0.68623918, -0.60997343, -0.3961913
0.24490051, 0.30989051
0.00716378, 0.13071531, -0.03635016
0.68623918, 0.60997343, -0.3961913
0.33546969, 0.41830933
-0.00446886, 0.13071531, -0.03635016
-0.68623918, 0.60997343, -0.3961913
0.33546975, 0.36099601
-0.00446886, 0.13071531, -0.03635016
-0.68623918, 0.60997343, -0.3961913
0.51530081, 0.1823436
0.00716378, 0.13071531, -0.03635016
0.68623918, 0.60997343, -0.3961913
0.21121922, 0.20293504
0.00716378, 0.13071531, -0.02963406
0.68623918, 0.60997343, 0.3961913
0.51530081, 0.14926016
0.00134746, 0.1260341, -0.02333748
0.0, -0.60997343, -0.7923826
0.29392341, 0.27654725
0.00134746, 0.1260341, -0.01554939
0.0, -0.60997343, 0.7923826
0.32749173, 0.2573806
-0.00202487, 0.1260341, -0.02139046
-0.68623918, -0.60997343, -0.3961913
0.29392338, 0.25736421
-0.00202487, 0.13002993, -0.02139046
-0.68623918, 0.60997343, -0.3961913
0.36933005, 0.28465432
-0.00202487, 0.13002993, -0.02139046
-0.68623918, 0.60997343, -0.3961913
0.48139602, 0.18234271
0.00471979, 0.13002993, -0.02139046
0.68623918, 0.60997343, -0.3961913
0.21121922, 0.16970444
0.00471979, 0.13002993, -0.01749641
0.68623918, 0.60997343, 0.3961913
0.50078201, 0.18234652
0.01222582, 0.08915973, -0.03997224
0.6769616, -0.65819269, -0.32938626
0.24620092, 0.39003277
0.01222582, 0.08915973, -0.02986382
0.90203559, -0.30408642, -0.30625325
0.28759816, 0.41830933
0.01130606, 0.08915973, -0.02985573
0.57509077, -0.57274085, -0.58412427
0.29023302, 0.4146027
-0.00542989, 0.08927032, -0.04141193
0.58250678, -0.57219154, -0.57725763
0.29023302, 0.31440705
-0.00542989, 0.08927032, -0.04214084
0.30698568, -0.30185857, -0.90255439
0.2872479, 0.31236809
0.0107427, 0.12695622, -0.02352889
0.30149236, 0.30149236, 0.90450758
0.33635309, 0.41831529
0.01074268, 0.12695622, -0.0159744
0.72289193, 0.64378798, 0.25089267
0.29874417, 0.41830939
0.0107427, 0.00895817, -0.02009643
0.6184271, -0.7446211, 0.25110629
0.31926495, 0.99966122
-0.00704584, 0.12850888, -0.04214084
-0.26734215, 0.63673818, -0.72322762
0.77063572, 1.0
-0.00957802, 0.12850888, -0.03997224
-0.70982999, 0.62401193, -0.32663959
0.78324401, 0.99259339
-0.00957802, 0.12850888, -0.02692525
-0.68794823, 0.72539443, -0.02270577
0.78324395, 0.94803344
-0.00957802, 0.12850888, -0.02352889
-0.54469436, 0.602588, 0.58320874
0.78324395, 0.93643373
-0.00806668, 0.12850888, -0.02352889
0.0, 0.70708334, 0.70708334
0.77571869, 0.93643373
-0.00362678, 0.12850888, -0.01492357
-0.52159184, 0.58684039, 0.61925107
0.75361133, 0.9070436
0.01222582, 0.12850888, -0.02692525
0.68916899, 0.72423476, -0.02130192
0.67467767, 0.94803356
0.01222582, 0.12850888, -0.03997224
0.70668662, 0.62172306, -0.3376568
0.67467767, 0.99259345
0.01074268, 0.12695622, -0.0159744
0.72289193, 0.64378798, 0.25089267
0.68206251, 0.90511905
0.00789357, 0.12695622, -0.02352889
0.53294474, 0.58488721, 0.61140782
0.69624889, 0.93092021
-0.00511099, 0.12695622, -0.02352889
-0.52159184, 0.58684039, 0.61925107
0.76100159, 0.93092021
-0.00806666, 0.12695622, -0.0159744
-0.72252572, 0.64329964, 0.25321206
0.77571857, 0.90511899
-0.01000565, 0.00944797, -0.02352889
-0.57487714, -0.59215063, 0.56465346
0.78537321, 0.51363909
-0.00957802, 0.05384007, -0.02692525
-0.29288614, -0.29914242, -0.90810877
0.67268181, 0.41832542
-0.00806666, 0.00887959, 0.04175523
-0.57313758, -0.6344493, 0.51860106
0.77571833, 0.2886529
0.01074268, 0.00887959, 0.04175523
0.57313758, -0.6344493, 0.51860106
0.79475778, 0.99999998
0.01074268, 0.01799295, 0.00037358
0.76677758, -0.64015627, -0.04690695
0.21735792, 0.95513298
0.01074268, 0.05934292, -0.00461641
0.70281076, 0.51054412, 0.4953154
0.24219991, 0.75141536
0.0107427, 0.04751761, 0.04403413
0.58195746, 0.51380962, 0.63032931
0.0, 0.80963783
0.01074268, 0.01235797, 0.01730398
0.68739891, -0.70690024, -0.16647847
0.13307227, 0.98288196
0.01074268, 0.00887959, 0.04175523
0.57313758, -0.6344493, 0.51860106
0.01134514, 1.0
-0.00806666, 0.05934292, -0.00461641
-0.70274973, 0.50975066, 0.49620044
0.5785355, 0.66689852
-0.00806666, 0.01799295, 0.00037358
-0.76677758, -0.64015627, -0.04690695
0.55369532, 0.46318322
-0.00806666, 0.05622749, -0.00234325
-0.70381784, 0.4102298, 0.57991272
0.56721973, 0.6515519
-0.00806666, 0.00887959, 0.04175523
-0.57313758, -0.6344493, 0.51860106
0.34769747, 0.41832542
0.00894441, 0.05402644, -0.00083412
0.64732808, -0.51002532, 0.56639302
0.32749173, 0.28614694
-0.00624311, 0.05402644, -0.00083412
-0.64732808, -0.51002532, 0.56639302
0.58540785, 0.18234652
-0.00624313, 0.09146563, 0.00707423
-0.59935302, 0.44920194, 0.66252631
0.50078201, 0.3512587
-0.00624313, 0.0999639, -0.01452715
-0.5924558, 0.74965668, 0.29490036
0.59436458, 0.41832542
-0.00624313, 0.09723893, -0.014416
-0.78768271, -0.56813258, -0.23813593
0.59721327, 0.40518808
-0.00806668, 0.12695622, -0.02352889
-0.30149236, 0.30149236, 0.90450758
0.67268181, 0.99999241
-0.00806666, 0.00895817, -0.02009643
-0.6184271, -0.7446211, 0.25110629
0.65559506, 0.41865081
-0.00806666, 0.12695622, -0.0159744
-0.72252572, 0.64329964, 0.25321206
0.63507563, 1.0
-0.00806666, 0.05934292, -0.00461641
-0.70274973, 0.50975066, 0.49620044
0.07562227, 0.28168607
-0.00624313, 0.08952861, 0.00397906
-0.85576952, -0.28550065, -0.43140966
0.24490051, 0.4182958
0.00894441, 0.05402644, -0.00083412
0.64732808, -0.51002532, 0.56639302
0.4890123, 0.41832542
0.00894439, 0.09723893, -0.014416
0.78768271, -0.56813258, -0.23813593
0.50078195, 0.19547647
0.00894439, 0.0999639, -0.01452715
0.5924558, 0.74965668, 0.29490036
0.49793103, 0.18233961
0.00894441, 0.06268382, 0.00385341
0.80086672, 0.22476882, -0.5550096
0.45565379, 0.38278323
0.0089444, 0.08952861, 0.00397906
0.85576952, -0.28550065, -0.43140966
0.16032429, 0.41830933
0.00954049, 0.12850888, -0.04214084
0.25620288, 0.63921016, -0.72505873
0.88134187, 0.58644432
0.00869456, 0.08950693, -0.0413689
0.17282632, -0.87713248, -0.44801173
0.34728038, 0.41832542
-0.00542989, 0.06392234, -0.04141193
0.57344282, 0.58305615, -0.57545704
0.33112055, 0.17993498
0.01222582, 0.00960957, -0.02692525
0.28348643, -0.89309365, -0.34925383
0.24490051, 0.23561704
-0.00906217, 0.02675438, -0.02692525
-0.58009583, -0.56096071, -0.59056365
0.77763939, 0.13731557
0.00869456, 0.08950693, -0.0413689
0.17282632, -0.87713248, -0.44801173
0.80295861, 0.30413598
0.0107427, 0.00944797, -0.02352889
0.33329263, -0.91341901, 0.2334666
0.68206245, 0.51363912
0.01262664, 0.12413558, -0.02352889
0.71526229, 0.0311594, 0.69811088
0.67268187, 0.92090383
0.01262664, 0.00944797, -0.02352889
0.57487714, -0.59215063, 0.56465346
0.67268187, 0.51363915
0.00670785, 0.12850888, -0.01492357
0.53294474, 0.58488721, 0.61140782
0.78537011, 0.24615318
-0.00511099, 0.12850888, -0.02352889
-0.30124819, 0.88390762, 0.35767692
0.11808279, 0.23912579
-0.00704584, 0.01079326, -0.04214084
-0.25818658, -0.60454118, -0.75353253
0.88332874, 0.5865683
0.00954049, 0.01079326, -0.04214084
0.24692526, -0.60704368, -0.75530261
0.80074161, 0.5865683
0.01262664, 0.00960957, -0.02692525
0.57985169, -0.56218147, -0.58961761
0.78537333, 0.66169012
0.01262664, 0.00944797, -0.02352889
0.57487714, -0.59215063, 0.56465346
0.78537327, 0.67844123
0.01222582, 0.01046134, -0.03997224
0.68041015, -0.63472396, -0.36622211
0.78737009, 0.59730253
-0.009578, 0.01046134, -0.03997224
-0.6817835, -0.63890499, -0.35624257
0.89593631, 0.59730253
-0.01000565, 0.00944797, -0.02352889
-0.57487714, -0.59215063, 0.56465346
0.89806455, 0.67844123
-0.01000565, 0.00960949, -0.02692525
-0.5798822, -0.56221199, -0.58958709
0.89806467, 0.66169015
0.01222582, 0.04390441, -0.02692525
0.29996642, 0.30106509, -0.90514845
0.11808279, 0.28168607
0.01222582, 0.03370347, -0.02692525
0.29810479, -0.30060732, -0.90594196
0.17010544, 0.17618775
0.01222582, 0.02683522, -0.02692525
0.29358807, -0.29935607, -0.90783411
0.74312079, 0.21356058
0.01222582, 0.02004078, -0.02692525
0.28913236, -0.29804376, -0.90969574
0.07562227, 0.20628089
0.01222582, 0.05073119, -0.02692525
0.29886776, 0.30085146, -0.90560627
0.69064766, 0.2886529
0.01222582, 0.0538691, -0.03997224
0.7066561, -0.62306589, -0.33524582
0.8918879, 0.21882552
0.01222582, 0.06370108, -0.02986382
0.90658283, 0.30292672, -0.29371014
0.94221121, 0.26727325
-0.00906215, 0.0200004, -0.02692525
-0.58049256, -0.55858028, -0.59242529
0.73848313, 0.13740802
-0.00671156, 0.04747566, -0.04175024
-0.81414229, -0.57652515, -0.06894131
0.02542402, 0.2108801
0.01170997, 0.01667728, -0.02692525
0.57435834, 0.59520251, -0.56193733
0.24490051, 0.26024836
-0.00906215, 0.01665706, -0.02692525
-0.5741142, 0.59672844, -0.5605945
0.13073358, 0.20634401
-0.00906215, 0.02341112, -0.02692525
-0.57448041, 0.59447002, -0.5625782
0.08826133, 0.20573986
-0.00906217, 0.03358222, -0.02692525
-0.5796991, -0.56331062, -0.58870202
0.07562227, 0.13687342
-0.00906217, 0.03023891, -0.02692525
-0.57487714, 0.59221166, -0.56459242
0.10963175, 0.20571685
-0.00906217, 0.04029939, -0.02692525
-0.57930237, -0.5656606, -0.58684039
0.01271205, 0.13688922
-0.00906217, 0.03695609, -0.02692525
-0.57524341, 0.5899533, -0.56657612
0.16927829, 0.20559287
0.00953252, 0.04382379, -0.04214188
0.50984222, 0.3625904, -0.7800836
0.11819613, 0.20697421
0.01170997, 0.04046106, -0.02692525
0.57710499, -0.57875299, -0.57615894
0.76056707, 0.21313721
0.01170997, 0.03709756, -0.02692525
0.57710499, 0.57869196, -0.57618946
0.15227222, 0.1531499
-0.00906217, 0.05427545, -0.03979797
-0.51313823, -0.81826228, -0.25898007
0.31078741, 0.23646289
0.00953252, 0.03387303, -0.04214188
0.50984222, -0.3625904, -0.7800836
0.17051288, 0.25090015
0.01170997, 0.03370347, -0.02692525
0.57802057, -0.5731681, -0.58079773
0.70399505, 0.21336907
0.01170997, 0.03033997, -0.02692525
0.57618946, 0.58424634, -0.57148963
0.29376799, 0.15593314
-0.00906215, 0.02341112, -0.02692525
-0.57448041, 0.59447002, -0.5625782
0.16927832, 0.20614052
0.00953252, 0.03062326, -0.04214188
0.50984222, 0.3625904, -0.7800836
0.7602244, 0.2886529
0.01170997, 0.02683522, -0.02692525
0.57896662, -0.56752223, -0.58537555
0.40435392, 0.21397996
0.01170997, 0.02347172, -0.02692525
0.57527393, 0.5897702, -0.56672871
0.0629098, 0.15771449
-0.00906217, 0.03695609, -0.02692525
-0.57524341, 0.5899533, -0.56657612
0.22809121, 0.18494147
0.00953252, 0.02066518, -0.04214188
0.50984222, -0.3625904, -0.7800836
0.07566185, 0.28104937
0.01170997, 0.02004078, -0.02692525
0.57994324, -0.56184578, -0.58986175
0.29392335, 0.28572422
0.01170997, 0.01667728, -0.02692525
0.57435834, 0.59520251, -0.56193733
0.34074992, 0.30539185
0.00953252, 0.0174154, -0.04214188
0.50965911, 0.36274299, -0.78014463
0.27932569, 0.31236809
0.01170997, 0.05401792, -0.02692525
0.57673877, -0.58098084, -0.57426679
0.72161925, 0.21302283
0.01170997, 0.05073119, -0.02692525
0.57786798, 0.57423627, -0.57991272
0.9954356, 0.31009883
0.01170997, 0.04719114, -0.02692525
0.57692188, -0.5798822, -0.57521284
0.69064772, 0.21303314
0.01170997, 0.04390441, -0.02692525
0.57765436, 0.57536548, -0.57896662
0.9954356, 0.28583229
-0.00671156, 0.0407726, -0.04175024
-0.81414229, -0.57652515, -0.06894131
0.21163888, 0.25828314
-0.009578, 0.01665706, -0.02692525
-0.31772819, 0.30500197, -0.89776301
0.99330616, 0.56151694
-0.009578, 0.00960949, -0.02692525
-0.28348643, -0.89309365, -0.34928435
0.99330616, 0.58656827
-0.01000565, 0.12438878, -0.02692525
-0.71816158, 0.0375988, -0.69484544
0.9954356, 0.17857254
-0.00957802, 0.05384007, -0.02692525
-0.29288614, -0.29914242, -0.90810877
0.99330628, 0.42934579
-0.00906217, 0.05384007, -0.02692525
-0.57911921, -0.56660664, -0.58610797
0.99073774, 0.42934579
-0.00906217, 0.05055737, -0.02692525
-0.57554859, 0.58812219, -0.5681631
0.99073774, 0.44101447
-0.00957802, 0.12850888, -0.02692525
-0.68794823, 0.72539443, -0.02270577
0.99330628, 0.16392726
-0.00906215, 0.0200004, -0.02692525
-0.58049256, -0.55858028, -0.59242529
0.99073768, 0.54963264
-0.00906215, 0.01665706, -0.02692525
-0.5741142, 0.59672844, -0.5605945
0.99073768, 0.56151694
-0.00957802, 0.05055737, -0.02692525
-0.31043428, 0.30356762, -0.90078431
0.99330628, 0.44101447
-0.00957802, 0.04702136, -0.02692525
-0.29258096, -0.29905087, -0.90826136
0.99330628, 0.4535836
-0.00906217, 0.04702136, -0.02692525
-0.57921082, -0.56614888, -0.58647418
0.99073774, 0.4535836
-0.00906217, 0.04373866, -0.02692525
-0.57545704, 0.58857995, -0.56776637
0.99073774, 0.46525234
-0.00957802, 0.04373866, -0.02692525
-0.31080049, 0.30365917, -0.90063173
0.99330628, 0.46525234
-0.009578, 0.0200004, -0.02692525
-0.28659931, -0.29721975, -0.91073334
0.99330616, 0.54963264
-0.00957802, 0.04029939, -0.02692525
-0.29212317, -0.2989288, -0.90844446
0.99330628, 0.47747761
-0.00906217, 0.04029939, -0.02692525
-0.57930237, -0.5656606, -0.58684039
0.99073774, 0.47747761
-0.00906217, 0.03695609, -0.02692525
-0.57524341, 0.5899533, -0.56657612
0.99073774, 0.48936176
-0.00906217, 0.02675438, -0.02692525
-0.58009583, -0.56096071, -0.59056365
0.99073774, 0.52562484
-0.00906215, 0.02341112, -0.02692525
-0.57448041, 0.59447002, -0.5625782
0.99073768, 0.53750888
-0.009578, 0.02341112, -0.02692525
-0.31580552, 0.30463576, -0.89855647
0.99330616, 0.53750888
-0.00957802, 0.03695609, -0.02692525
-0.31196019, 0.30390331, -0.90014344
0.99330628, 0.48936176
-0.00957802, 0.03358222, -0.02692525
-0.29029205, -0.29837948, -0.90920746
0.99330628, 0.50135455
-0.00906217, 0.03358222, -0.02692525
-0.5796991, -0.56331062, -0.58870202
0.99073774, 0.50135455
-0.00906217, 0.03023891, -0.02692525
-0.57487714, 0.59221166, -0.56459242
0.99073774, 0.5132387
-0.00906217, 0.04702136, -0.02692525
-0.57921082, -0.56614888, -0.58647418
0.02542402, 0.13689232
0.01170997, 0.03033997, -0.02692525
0.57618946, 0.58424634, -0.57148963
0.29404181, 0.17280358
-0.00906217, 0.04373866, -0.02692525
-0.57545704, 0.58857995, -0.56776637
0.2238268, 0.1843918
-0.00906217, 0.05384007, -0.02692525
-0.57911921, -0.56660664, -0.58610797
0.03813582, 0.13689554
-0.00906217, 0.02075751, -0.03979797
-0.50599688, -0.81948304, -0.26902065
0.76056707, 0.27734774
-0.00906217, 0.05055737, -0.02692525
-0.57554859, 0.58812219, -0.5681631
0.24069627, 0.18410093
-0.00704732, 0.04747566, -0.04214188
-0.51716667, -0.36677146, -0.773278
0.69064766, 0.28816235
-0.00906217, 0.03023891, -0.02692525
-0.57487714, 0.59221166, -0.56459242
0.10963175, 0.20626122
0.00920891, 0.0506051, -0.04174016
0.81173134, 0.57704395, -0.08975494
0.34706032, 0.36099601
-0.00704732, 0.0407726, -0.04214188
-0.51716667, -0.36677146, -0.773278
0.72576994, 0.28815472
0.00920891, 0.04382379, -0.04174016
0.81173134, 0.57704395, -0.08975494
0.34506777, 0.36099601
-0.00671156, 0.0407726, -0.04175024
-0.81414229, -0.57652515, -0.06894131
0.01271206, 0.2108801
-0.00704732, 0.03415009, -0.04214188
-0.51716667, -0.36677146, -0.773278
0.15227222, 0.28110069
0.00920891, 0.0371534, -0.04174016
0.81173134, 0.57704395, -0.08975494
0.15227222, 0.2054196
-0.00704584, 0.12850888, -0.04214084
-0.26734215, 0.63673818, -0.72322762
0.88133746, 0.16813499
0.00954049, 0.12850888, -0.04214084
0.25620288, 0.63921016, -0.72505873
0.79875028, 0.16813266
-0.00542989, 0.08927032, -0.04214084
0.30698568, -0.30185857, -0.90255439
0.87328738, 0.3076126
0.00954049, 0.08927032, -0.04214084
0.2100589, -0.6913358, -0.69130528
0.79874641, 0.30761051
-0.00704732, 0.05100221, -0.04214188
-0.51716667, 0.36677146, -0.773278
0.88133717, 0.44364458
-0.00704732, 0.05427545, -0.04214188
-0.51716667, -0.36674094, -0.77330852
0.88133746, 0.43200952
0.00953252, 0.0538691, -0.04214188
0.5098117, -0.3625904, -0.78011411
0.79878259, 0.43345165
-0.00704732, 0.0407726, -0.04214188
-0.51716667, -0.36677146, -0.773278
0.88133615, 0.48000687
-0.00704732, 0.04420242, -0.04214188
-0.51716667, 0.36677146, -0.773278
0.88133645, 0.46781522
0.00953252, 0.04382379, -0.04214188
0.50984222, 0.3625904, -0.7800836
0.79878157, 0.46915877
-0.00704732, 0.04747566, -0.04214188
-0.51716667, -0.36677146, -0.773278
0.88133681, 0.45618016
0.00953252, 0.0506051, -0.04214188
0.50984222, 0.3625904, -0.7800836
0.79878229, 0.44505388
0.00953252, 0.04040321, -0.04214188
0.50984222, -0.3625904, -0.7800836
0.79878128, 0.48131764
0.00953252, 0.04708779, -0.04214188
0.50984222, -0.3625904, -0.7800836
0.79878193, 0.45755655
-0.00704732, 0.03747663, -0.04214188
-0.51716667, 0.36677146, -0.773278
0.88133579, 0.49172276
-0.00704732, 0.03415009, -0.04214188
-0.51716667, -0.36677146, -0.773278
0.8813355, 0.50354734
0.00953252, 0.0371534, -0.04214188
0.50984222, 0.3625904, -0.7800836
0.79878092, 0.49286944
0.00953252, 0.03387303, -0.04214188
0.50984222, -0.3625904, -0.7800836
0.79878062, 0.50452989
0.00953252, 0.03062326, -0.04214188
0.50984222, 0.3625904, -0.7800836
0.79878026, 0.51608157
-0.00704732, 0.02741684, -0.04214188
-0.51716667, -0.36677146, -0.773278
0.88133484, 0.52748144
-0.00704732, 0.03085412, -0.04214188
-0.51716667, 0.36677146, -0.773278
0.88133514, 0.51526326
-0.00704732, 0.02412094, -0.04214188
-0.51716667, 0.36677146, -0.773278
0.88133448, 0.53919709
0.00953252, 0.02723218, -0.04214188
0.50984222, -0.3625904, -0.7800836
0.79877996, 0.52813551
-0.00704584, 0.01079326, -0.04214084
-0.25818658, -0.60454118, -0.75353253
0.88132584, 0.58656827
-0.00704732, 0.01746161, -0.04214188
-0.51722771, 0.36664936, -0.77330852
0.88133383, 0.56286845
0.00953252, 0.0174154, -0.04214188
0.50965911, 0.36274299, -0.78014463
0.79877901, 0.56303033
0.00954049, 0.01079326, -0.04214084
0.24692526, -0.60704368, -0.75530261
0.79873866, 0.58656597
-0.00671156, 0.03415009, -0.04175024
-0.81414229, -0.57652515, -0.06894131
0.07562227, 0.21087998
0.01170997, 0.02347172, -0.02692525
0.57527393, 0.5897702, -0.56672871
0.33574682, 0.17522615
-0.00671156, 0.02741684, -0.04175024
-0.81414229, -0.57652515, -0.06894131
0.77763939, 0.2113378
-0.00704732, 0.02741684, -0.04214188
-0.51716667, -0.36677146, -0.773278
0.18700467, 0.32570863
0.00920891, 0.03062326, -0.04174016
0.81173134, 0.57704395, -0.08975494
0.29376799, 0.20898807
-0.00704732, 0.02075751, -0.04214188
-0.51716667, -0.36677146, -0.773278
0.74312073, 0.28785473
0.00920891, 0.02398241, -0.04174016
0.81173134, 0.57704395, -0.08975494
0.06290981, 0.21155512
0.00953252, 0.04708779, -0.04214188
0.50984222, -0.3625904, -0.7800836
0.70827311, 0.2137922
-0.00671156, 0.01746161, -0.04175024
-0.81414229, 0.57652515, -0.06894131
0.13073358, 0.15161514
-0.00704732, 0.01746161, -0.04214188
-0.51722771, 0.36664936, -0.77330852
0.40359151, 0.21440291
0.00920891, 0.0174154, -0.04174016
0.81173134, 0.57704395, -0.08975494
0.34074992, 0.36001903
0.01222582, 0.12850888, -0.02692525
0.68916899, 0.72423476, -0.02130192
0.9980042, 0.58656827
0.01262664, 0.12438893, -0.02692525
0.71755117, 0.03521836, -0.69557786
1.0, 0.5719234
0.01222582, 0.05401792, -0.02692525
0.30448318, -0.30222479, -0.90328681
0.99800414, 0.32178187
0.01222582, 0.00960957, -0.02692525
0.28348643, -0.89309365, -0.34925383
0.99800408, 0.1639275
0.01222582, 0.01667728, -0.02692525
0.31644642, 0.30475783, -0.89828181
0.99800408, 0.18905044
0.01170997, 0.01667728, -0.02692525
0.57435834, 0.59520251, -0.56193733
0.9954356, 0.18905044
0.01170997, 0.02004078, -0.02692525
0.57994324, -0.56184578, -0.58986175
0.9954356, 0.20100635
0.01222582, 0.02004078, -0.02692525
0.28913236, -0.29804376, -0.90969574
0.99800408, 0.20100635
0.01170997, 0.05401792, -0.02692525
0.57673877, -0.58098084, -0.57426679
0.9954356, 0.32178187
0.01222582, 0.02347172, -0.02692525
0.3118076, 0.30384228, -0.900235
0.99800408, 0.21320206
0.01170997, 0.02347172, -0.02692525
0.57527393, 0.5897702, -0.56672871
0.9954356, 0.21320206
0.01170997, 0.02683522, -0.02692525
0.57896662, -0.56752223, -0.58537555
0.9954356, 0.22515798
0.01170997, 0.04719114, -0.02692525
0.57692188, -0.5798822, -0.57521284
0.9954356, 0.29751533
0.01222582, 0.04719114, -0.02692525
0.30356762, -0.30201116, -0.90365309
0.99800414, 0.29751533
0.01222582, 0.02683522, -0.02692525
0.29358807, -0.29935607, -0.90783411
0.99800414, 0.22515798
0.01170997, 0.03709756, -0.02692525
0.57710499, 0.57869196, -0.57618946
0.9954356, 0.26163661
0.01170997, 0.04046106, -0.02692525
0.57710499, -0.57875299, -0.57615894
0.9954356, 0.27359253
0.01222582, 0.04046106, -0.02692525
0.3027131, -0.30176702, -0.9040193
0.99800414, 0.27359253
0.01222582, 0.03709756, -0.02692525
0.30262154, 0.30176702, -0.90404981
0.99800414, 0.26163661
0.01170997, 0.03033997, -0.02692525
0.57618946, 0.58424634, -0.57148963
0.9954356, 0.237616
0.01170997, 0.03370347, -0.02692525
0.57802057, -0.5731681, -0.58079773
0.9954356, 0.24957192
# Number of Faces:
506
# Face Data:
0, 1, 2
3, 4, 5
6, 3, 5
7, 8, 9
10, 11, 12
13, 14, 15
16, 17, 18
19, 20, 21
22, 23, 24
25, 24, 26
27, 28, 29
18, 30, 31
32, 33, 30
34, 35, 36
37, 38, 39
40, 41, 42
43, 44, 41
45, 46, 47
48, 49, 50
51, 50, 52
53, 54, 55
56, 57, 58
59, 60, 61
62, 63, 64
65, 66, 67
68, 69, 70
71, 72, 73
74, 75, 76
77, 2, 78
79, 80, 81
66, 7, 9
82, 83, 84
83, 85, 84
86, 87, 88
89, 90, 60
91, 92, 93
6, 94, 95
96, 97, 98
99, 88, 94
100, 101, 8
102, 103, 104
105, 106, 107
108, 109, 110
111, 112, 113
114, 115, 116
117, 118, 119
120, 121, 122
115, 123, 116
124, 123, 125
126, 101, 127
128, 129, 130
131, 132, 133
134, 135, 136
137, 138, 139
140, 141, 142
143, 144, 145
146, 147, 148
149, 150, 151
142, 152, 153
154, 155, 156
157, 158, 159
160, 161, 162
163, 65, 164
165, 166, 167
168, 169, 170
171, 172, 173
174, 175, 176
177, 178, 179
180, 181, 182
183, 184, 185
186, 187, 188
189, 190, 191
192, 193, 194
195, 196, 197
198, 199, 200
201, 202, 203
204, 205, 206
207, 208, 209
210, 211, 212
213, 214, 215
216, 217, 218
219, 220, 221
222, 223, 224
225, 226, 227
228, 229, 230
231, 232, 233
234, 235, 236
237, 230, 229
238, 239, 240
241, 242, 243
244, 245, 246
247, 248, 249
250, 251, 252
253, 254, 255
256, 257, 258
259, 260, 261
262, 263, 264
265, 183, 185
266, 267, 268
269, 270, 271
272, 273, 207
187, 274, 188
275, 276, 277
278, 279, 280
281, 282, 283
284, 191, 190
285, 286, 287
288, 289, 290
291, 292, 293
193, 294, 194
295, 296, 297
298, 299, 300
301, 272, 302
303, 148, 147
304, 305, 306
307, 308, 309
310, 281, 283
311, 76, 312
313, 314, 315
316, 317, 318
293, 319, 291
320, 235, 321
322, 323, 324
217, 325, 218
326, 257, 327
328, 223, 329
330, 331, 332
231, 333, 334
335, 336, 213
337, 239, 338
339, 202, 340
341, 342, 343
344, 305, 345
256, 346, 347
348, 349, 350
351, 199, 352
353, 354, 355
356, 314, 357
330, 358, 359
360, 361, 362
363, 226, 364
365, 259, 261
319, 366, 367
368, 263, 369
370, 181, 371
372, 373, 374
375, 267, 376
377, 378, 379
380, 269, 271
381, 382, 383
384, 250, 252
385, 386, 387
388, 254, 389
390, 391, 392
393, 249, 248
394, 149, 151
353, 395, 396
397, 245, 398
399, 178, 400
401, 335, 402
403, 276, 404
405, 406, 407
408, 278, 280
409, 175, 410
411, 341, 343
412, 286, 413
414, 415, 416
417, 288, 290
197, 418, 195
210, 419, 420
421, 422, 423
242, 424, 243
425, 426, 172
427, 296, 428
429, 430, 431
432, 298, 300
433, 434, 435
0, 436, 1
3, 169, 4
6, 95, 3
7, 100, 8
10, 437, 155
437, 156, 155
138, 438, 11
10, 155, 11
11, 438, 12
15, 439, 13
13, 440, 14
14, 441, 15
18, 442, 16
16, 443, 17
17, 32, 18
19, 444, 20
22, 445, 23
25, 22, 24
27, 446, 28
18, 32, 30
32, 17, 33
447, 36, 35
34, 448, 35
35, 449, 447
40, 39, 38
37, 450, 38
38, 43, 40
40, 43, 41
43, 38, 44
45, 451, 46
48, 452, 49
51, 48, 50
53, 453, 54
454, 455, 57
455, 456, 57
457, 458, 58
454, 57, 56
58, 458, 56
61, 459, 59
460, 59, 459
60, 461, 61
462, 463, 464
464, 465, 466
62, 467, 63
464, 466, 62
64, 462, 62
468, 469, 64
159, 158, 468
467, 163, 63
63, 159, 468
468, 64, 63
464, 62, 462
67, 470, 164
157, 471, 470
65, 472, 473
470, 471, 164
472, 70, 473
67, 164, 65
65, 473, 66
70, 472, 62
466, 465, 70
70, 62, 466
474, 69, 68
465, 68, 70
71, 79, 72
74, 475, 75
77, 0, 2
79, 71, 80
9, 470, 67
66, 473, 7
9, 67, 66
82, 126, 83
83, 476, 85
86, 477, 87
478, 60, 90
59, 479, 60
90, 480, 481
479, 89, 60
481, 478, 90
480, 482, 481
483, 112, 111
484, 91, 93
483, 111, 485
93, 485, 111
486, 92, 91
93, 111, 484
6, 99, 94
96, 487, 97
99, 86, 88
100, 127, 101
130, 488, 128
489, 490, 103
490, 491, 103
128, 488, 102
489, 103, 102
104, 128, 102
105, 109, 106
108, 106, 109
492, 113, 112
493, 111, 113
112, 494, 492
114, 495, 115
117, 496, 118
497, 133, 132
497, 132, 122
498, 499, 120
120, 499, 121
122, 132, 500
500, 120, 122
115, 125, 123
124, 501, 123
126, 82, 101
134, 502, 135
137, 438, 138
140, 503, 141
143, 504, 144
146, 505, 147
149, 506, 150
142, 141, 152
154, 507, 155
157, 508, 509
510, 509, 508
159, 63, 471
509, 158, 157
159, 471, 157
160, 511, 161
163, 467, 65
165, 512, 166
513, 514, 170
168, 515, 516
514, 517, 168
170, 518, 513
519, 520, 170
516, 4, 168
169, 519, 170
170, 514, 168
168, 4, 169
171, 425, 172
174, 410, 175
177, 400, 178
180, 371, 181
183, 521, 184
186, 522, 187
189, 523, 190
192, 524, 193
195, 525, 196
198, 352, 199
201, 340, 202
136, 135, 206
205, 526, 527
526, 390, 527
206, 135, 204
205, 527, 206
207, 273, 208
210, 528, 211
213, 336, 214
216, 529, 217
219, 331, 220
222, 329, 223
225, 364, 226
228, 429, 229
231, 334, 232
234, 321, 235
237, 530, 230
238, 338, 239
241, 531, 242
244, 532, 245
247, 377, 248
250, 533, 251
253, 534, 254
256, 327, 257
259, 535, 260
262, 536, 263
265, 537, 183
266, 538, 267
269, 539, 270
272, 540, 273
187, 541, 274
275, 542, 276
278, 543, 279
281, 544, 282
284, 545, 191
285, 546, 286
288, 547, 289
291, 548, 292
193, 549, 294
295, 550, 296
298, 551, 299
301, 540, 272
303, 552, 148
304, 553, 305
307, 554, 308
310, 385, 281
311, 74, 76
313, 555, 314
316, 556, 317
293, 557, 319
320, 405, 235
558, 559, 322
322, 560, 561
561, 562, 563
560, 564, 561
565, 566, 558
561, 563, 567
568, 569, 570
322, 561, 567
568, 570, 571
322, 567, 568
572, 565, 558
322, 568, 571
573, 574, 575
322, 571, 573
572, 558, 322
576, 577, 578
578, 572, 322
573, 575, 579
580, 581, 582
322, 573, 579
580, 582, 323
322, 579, 580
324, 576, 578
322, 580, 323
324, 578, 322
217, 583, 325
326, 584, 257
328, 585, 223
330, 220, 331
231, 586, 333
335, 587, 336
337, 588, 239
339, 589, 202
341, 590, 342
344, 306, 305
256, 258, 346
348, 591, 349
351, 592, 199
353, 373, 354
356, 315, 314
330, 332, 358
360, 593, 361
363, 414, 226
365, 594, 259
319, 557, 366
368, 264, 263
370, 595, 181
372, 354, 373
375, 268, 267
377, 247, 378
380, 596, 269
597, 598, 599
598, 600, 599
601, 602, 603
604, 605, 606
607, 601, 608
597, 599, 602
437, 10, 603
603, 608, 601
606, 609, 604
608, 610, 607
602, 599, 437
437, 603, 602
609, 611, 604
607, 610, 605
612, 613, 614
605, 610, 606
613, 611, 609
615, 616, 617
382, 381, 618
613, 612, 611
614, 617, 612
617, 614, 615
618, 619, 382
620, 621, 622
616, 619, 618
621, 383, 622
622, 623, 620
619, 616, 615
381, 383, 621
384, 624, 250
385, 310, 386
388, 255, 254
390, 526, 391
393, 625, 249
394, 626, 149
353, 355, 395
397, 246, 245
399, 627, 178
401, 587, 335
403, 277, 276
405, 320, 406
408, 628, 278
409, 629, 175
411, 421, 341
412, 287, 286
414, 363, 415
417, 630, 288
197, 631, 418
210, 212, 419
421, 411, 422
242, 632, 424
425, 633, 426
427, 297, 296
429, 228, 430
432, 634, 298
635, 636, 637
433, 638, 639
639, 640, 641
639, 641, 642
637, 636, 433
554, 643, 637
308, 554, 637
433, 639, 642
644, 645, 646
433, 642, 644
308, 637, 433
556, 647, 648
648, 308, 433
644, 646, 649
317, 556, 648
650, 651, 652
317, 648, 433
653, 650, 652
652, 317, 433
433, 644, 649
434, 654, 655
433, 649, 434
653, 652, 433
434, 655, 435
435, 653, 433
