# Project Zomboid Skinned Mesh
# File Version:
1.0
# Model Name:
Cube
# Vertex Stride Element Count:
3
# Vertex Stride Size (in bytes):
76
# Vertex Stride Data:
# (Int)    Offset
# (String) Type
0
VertexArray
12
NormalArray
24
TextureCoordArray
# Vertex Count:
416
# Vertex Buffer:
-0.00080771, 0.19011548, -0.02033263
0.30149236, 0.90450758, 0.30149236
0.98245955, 0.28673381
-0.00080771, 0.12460339, -0.01545559
0.30149236, 0.30149236, 0.90450758
0.96109295, 0.50234041
-0.00080771, 0.12460339, -0.02033264
0.57734919, 0.57734919, 0.57734919
0.98245955, 0.50234044
0.00349637, 0.11053976, -0.03834736
0.67546618, 0.60148931, -0.42646566
0.88066602, 0.66037557
0.00079102, 0.00836119, -0.03960074
0.26194036, -0.59346294, -0.76100957
0.89220643, 0.99623976
0.00079101, 0.11062597, -0.03960074
0.08658101, 0.6626789, -0.74385816
0.89220649, 0.65991792
0.0029977, 0.12460339, -0.02033264
0.90450758, 0.30149236, 0.30149236
0.6747362, 0.35882562
-0.00080771, 0.12460339, -0.01545559
0.30149236, 0.30149236, 0.90450758
0.65806472, 0.3748613
0.00299771, 0.12460339, -0.01545559
0.4082461, 0.4082461, 0.8164922
0.6747362, 0.37485754
-0.01915521, 0.19011548, -0.02033263
-0.57734919, 0.57734919, 0.57734919
0.98245966, 0.28676236
-0.01514914, 0.12460339, -0.02033264
-0.57734919, 0.57734919, 0.57734919
1.0, 0.50233302
-0.01514914, 0.19011548, -0.02033263
-0.30149236, 0.90450758, 0.30149236
0.99999994, 0.28675497
-0.01514914, 0.12460339, -0.02033264
-0.57734919, 0.57734919, 0.57734919
0.69228667, 0.35882545
-0.01915521, 0.12460339, -0.01545559
-0.40769675, 0.4090701, 0.81630909
0.67473614, 0.3748613
-0.01514914, 0.12460339, -0.01545559
-0.30149236, 0.30149236, 0.90450758
0.69228661, 0.37485731
-0.00080771, 0.19011548, -0.02033263
0.30149236, 0.90450758, 0.30149236
0.98279846, 0.784422
0.0029977, 0.12460339, -0.02033264
0.90450758, 0.30149236, 0.30149236
0.99946028, 0.99999301
0.0029977, 0.19011548, -0.02033263
0.57734919, 0.57734919, 0.57734919
0.99946028, 0.78441493
-0.01514914, 0.19011548, -0.02033263
-0.30149236, 0.90450758, 0.30149236
0.24653082, 0.59373432
-0.01514914, 0.12460339, -0.01545559
-0.30149236, 0.30149236, 0.90450758
0.2251642, 0.37812787
-0.01514914, 0.19011548, -0.01545559
-0.57734919, 0.57734919, 0.57734919
0.22516423, 0.59373429
-0.01209454, 0.00970925, -0.04297312
-0.49427778, -0.74086732, -0.45469528
0.14533506, 0.4067046
-0.00407643, 0.00970925, -0.0440954
0.57734919, -0.57734919, -0.57734919
0.18047771, 0.41031742
-0.00407643, 0.00970925, -0.04297312
0.49226356, -0.74095887, -0.45674002
0.18046059, 0.40663218
-0.01209455, 0.19011548, -0.0429731
-0.48908964, 0.83120215, -0.2642903
0.25216776, 3.6e-07
-0.01209454, 0.00970925, -0.0440954
-0.57731867, -0.57734919, -0.57734919
0.247251, 0.59373432
-0.01209454, 0.00970925, -0.04297312
-0.49427778, -0.74086732, -0.45469528
0.25216779, 0.59373432
-0.0169034, 0.00837304, -0.03960074
-0.26441237, -0.5932188, -0.76033813
0.8686552, 0.99623675
-0.0195815, 0.11053975, -0.03834736
-0.66811121, -0.59901732, -0.44132817
0.88066596, 0.66037551
-0.01690341, 0.11062593, -0.03960074
-0.38392285, -0.91817987, -0.09762871
0.86865526, 0.65995398
0.00349637, 0.11053976, -0.01973123
0.48097169, 0.73805964, -0.47315896
0.63318944, 0.63675258
0.00349638, 0.00727076, -0.03834736
0.59434795, -0.59862053, -0.53697318
0.71474761, 0.97662084
0.00349637, 0.11053976, -0.03834736
0.67546618, 0.60148931, -0.42646566
0.71474767, 0.63675258
-0.00080771, 0.19011548, -0.02033263
0.30149236, 0.90450758, 0.30149236
0.43253821, 0.35295051
-0.00407645, 0.19011548, -0.0429731
0.48881498, 0.83132422, -0.26441237
0.44685847, 0.42737138
-0.01514914, 0.19011548, -0.02033263
-0.30149236, 0.90450758, 0.30149236
0.49536765, 0.35293633
0.0010994, 0.02215318, -0.01092679
0.76854759, -0.28168583, 0.57441938
0.49432692, 0.93090765
0.00114796, 0.04230744, -0.0154556
0.53334147, -0.65828425, 0.53117466
0.51416755, 0.86457805
0.00108483, 0.02755531, -0.00609796
0.77105016, -0.53489792, 0.3454085
0.47317165, 0.91312873
0.00107026, 0.02441913, 0.04322515
0.57008576, -0.6214484, 0.53733939
0.49504188, 0.4310804
-0.01695413, 0.03031475, 0.00281328
-0.76018554, -0.64763331, 0.0512711
0.41586676, 0.56506228
0.00107026, 0.03031477, 0.00281328
0.76000243, -0.64784694, 0.05172887
0.49482787, 0.56508219
0.00299771, 0.05065028, -0.0154556
0.70427567, 0.00311289, 0.70989102
0.81174719, 0.83383593
-0.00080771, 0.12460339, -0.01545559
0.30149236, 0.30149236, 0.90450758
0.79508537, 0.5904884
-0.01514914, 0.12460339, -0.01545559
-0.30149236, 0.30149236, 0.90450758
0.732292, 0.5905149
-0.01695413, 0.06391735, -0.01334155
-0.87347025, 0.29786065, 0.38505203
0.33649585, 0.39403814
0.00114796, 0.12460339, -0.0133249
0.5771355, -0.57811213, 0.57676929
0.25708461, 0.59373432
-0.01708168, 0.12460339, -0.0133249
-0.57707447, -0.57853937, 0.57640308
0.33690238, 0.59373432
-0.01695413, 0.05495753, 0.04322516
-0.58604693, 0.52620012, 0.61610764
0.03366311, 0.3098982
0.00107026, 0.02441913, 0.04322515
0.57008576, -0.6214484, 0.53733939
0.11258213, 0.4103564
0.00107026, 0.05495753, 0.04322516
0.58604693, 0.52620012, 0.61610764
0.11258214, 0.30986488
0.00299771, 0.12460339, -0.01545559
0.4082461, 0.4082461, 0.8164922
0.81174719, 0.59048137
0.00114796, 0.05098107, -0.0154556
0.59022796, 0.53474534, 0.60466325
0.80364811, 0.83275084
-0.01704979, 0.0098556, -0.01332907
-0.72688985, -0.06390576, 0.68373668
0.25708461, 0.36542183
0.00114796, 0.00115946, -0.01332491
0.57802057, -0.5766167, 0.5773797
0.33703062, 0.39358008
0.00112854, 0.00985562, -0.01332907
0.72637105, -0.06518754, 0.68419445
0.33667532, 0.36496496
-0.01915521, 0.12460339, -0.01545559
-0.40769675, 0.4090701, 0.81630909
0.71475154, 0.59052232
-0.01708167, 0.00115946, -0.0154556
-0.52351451, -0.52177495, 0.673513
0.7238304, 0.99673047
-0.01708168, 0.12460339, -0.01545559
-0.57667774, -0.57786798, 0.57744074
0.72383046, 0.59051847
-0.01708167, 0.00115946, -0.01332491
-0.57847834, -0.57625049, 0.57728815
0.60514784, 0.31486475
0.00114796, 0.00115946, -0.0154556
0.51811272, -0.51713616, 0.6812647
0.59583414, 0.37486178
0.00114796, 0.00115946, -0.01332491
0.57802057, -0.5766167, 0.5773797
0.60514784, 0.37485653
-0.01695413, 0.06391735, -0.01334155
-0.87347025, 0.29786065, 0.38505203
0.24782166, 0.800276
-0.01700195, 0.02215316, -0.01092679
-0.7689749, -0.28022096, 0.57457197
0.23724292, 0.6628263
-0.01697804, 0.02755529, -0.00609795
-0.77217931, -0.53309733, 0.34565264
0.21608733, 0.68060514
-0.01335597, 0.10479639, -0.01333045
-0.6639607, 0.73348188, 0.14526811
0.98046023, 0.82662225
-0.01333626, 0.10017283, 0.00297858
-0.82338941, -0.44529557, -0.35172582
0.92025077, 0.79396093
-0.01335597, 0.10132595, 0.00420094
-0.62013614, 0.61296427, 0.4895474
0.91349041, 0.79615083
-0.01209455, 0.19011548, -0.04409539
-0.57734919, 0.57734919, -0.57734919
0.84682441, 0.40663785
-0.00407643, 0.00970925, -0.0440954
0.57734919, -0.57734919, -0.57734919
0.81174719, 1.0
-0.01209454, 0.00970925, -0.0440954
-0.57731867, -0.57734919, -0.57734919
0.84682435, 0.99994634
-0.01209455, 0.19011548, -0.04409539
-0.57734919, 0.57734919, -0.57734919
0.48198557, 0.43105268
-0.01209455, 0.19011548, -0.0429731
-0.48908964, 0.83120215, -0.2642903
0.48198557, 0.42736346
-0.00407643, 0.00970925, -0.04297312
0.49226356, -0.74095887, -0.45674002
0.25216779, 0.59373432
-0.00407645, 0.19011548, -0.04409539
0.57731867, 0.57734919, -0.57734919
0.25708461, 0.0
-0.00407645, 0.19011548, -0.0429731
0.48881498, 0.83132422, -0.26441237
0.25216782, 0.0
-0.01700195, 0.02215316, -0.01092679
-0.7689749, -0.28022096, 0.57457197
0.25727665, 0.32508129
0.0010994, 0.02215318, -0.01092679
0.76854759, -0.28168583, 0.57441938
0.33653039, 0.32462639
-0.01697804, 0.02755529, -0.00609795
-0.77217931, -0.53309733, 0.34565264
0.25794536, 0.30755937
0.00108483, 0.02755531, -0.00609796
0.77105016, -0.53489792, 0.3454085
0.49504185, 0.59373432
-0.01697804, 0.02755529, -0.00609795
-0.77217931, -0.53309733, 0.34565264
0.41591218, 0.59371436
-0.01708168, 0.12460339, -0.0133249
-0.57707447, -0.57853937, 0.57640308
0.60514778, 0.37486178
0.00114796, 0.12460339, -0.01545559
0.57692188, -0.57765436, 0.57741022
0.61446142, 0.3148647
0.00114796, 0.12460339, -0.0133249
0.5771355, -0.57811213, 0.57676929
0.60514778, 0.31486994
0.00107026, 0.05101009, 0.04189428
0.0, 0.64809108, 0.76152837
0.98637533, 0.6138435
0.00188672, 0.05934864, -0.0095897
0.56169319, 0.5807367, -0.58922088
0.9827984, 0.78441305
0.00107026, 0.05934864, -0.0095897
0.0, 0.70195621, -0.71221048
0.98637527, 0.78441493
0.00188672, 0.03270915, -0.00487764
0.59593493, -0.57689136, -0.55858028
0.2251642, 0.43821996
0.00188672, 0.05101009, 0.04189428
0.58626056, 0.52504045, 0.61693168
0.11663426, 0.58200932
0.00188672, 0.02598269, 0.04189428
0.57020783, -0.62083805, 0.53794974
0.2251642, 0.59373432
0.00107026, 0.05934864, -0.0095897
0.0, 0.70195621, -0.71221048
0.59583414, 0.28666109
0.00188672, 0.03270915, -0.00487764
0.59593493, -0.57689136, -0.55858028
0.59226245, 0.37484193
0.00107026, 0.03270915, -0.00487764
0.0, -0.71840572, -0.69560838
0.5958342, 0.37486178
-0.01695413, 0.02598267, 0.04189428
0.0, 0.75576037, -0.65483564
0.62349707, 0.3748613
-0.01763019, 0.05101009, 0.04189428
0.58626056, -0.52504045, -0.61693168
0.62645465, 0.29254818
-0.01695413, 0.05101009, 0.04189428
0.0, -0.64809108, -0.76152837
0.62349707, 0.29255277
0.00107026, 0.02598269, 0.04189428
0.0, -0.75576037, 0.65483564
0.58309942, 0.37486178
0.00188672, 0.05101009, 0.04189428
0.58626056, 0.52504045, 0.61693168
0.58667421, 0.2925036
0.00107026, 0.05101009, 0.04189428
0.0, 0.64809108, 0.76152837
0.58309942, 0.29250509
0.00107026, 0.03270915, -0.00487764
0.0, -0.71840572, -0.69560838
0.98637533, 0.78441493
0.00188672, 0.02598269, 0.04189428
0.57020783, -0.62083805, 0.53794974
0.98995203, 0.62934291
0.00107026, 0.02598269, 0.04189428
0.0, -0.75576037, 0.65483564
0.98637533, 0.62934518
-0.01763019, 0.03270913, -0.00487764
0.59593493, 0.57689136, 0.55858028
0.11258211, 0.43821996
-0.01763019, 0.05101009, 0.04189428
0.58626056, -0.52504045, -0.61693168
0.00405211, 0.58200932
-0.01763019, 0.02598267, 0.04189428
0.57020783, 0.62083805, -0.53794974
0.11258214, 0.59373432
-0.01695413, 0.05934864, -0.0095897
0.0, -0.70195621, 0.71221048
0.59226245, 0.28694612
-0.01763019, 0.03270913, -0.00487764
0.59593493, 0.57689136, 0.55858028
0.58930242, 0.3748495
-0.01695413, 0.03270913, -0.00487764
0.0, 0.71840572, 0.69560838
0.59226245, 0.37486178
-0.01695413, 0.03270913, -0.00487764
0.0, 0.71840572, 0.69560838
0.99587554, 0.62959069
-0.01763019, 0.02598267, 0.04189428
0.57020783, 0.62083805, -0.53794974
0.99291378, 0.78441362
-0.01695413, 0.02598267, 0.04189428
0.0, 0.75576037, -0.65483564
0.9958756, 0.78441493
-0.01695413, 0.05101009, 0.04189428
0.0, -0.64809108, -0.76152837
0.99291372, 0.61351386
-0.01763019, 0.05934864, -0.0095897
0.56169319, -0.5807367, 0.58922088
0.98995203, 0.78441493
-0.01695413, 0.05934864, -0.0095897
0.0, -0.70195621, 0.71221048
0.99291372, 0.78441261
0.00299771, 0.04164582, -0.0154556
0.62974942, 0.0, 0.77678764
0.81174719, 0.86346653
0.00114796, 0.00115946, -0.0154556
0.51811272, -0.51713616, 0.6812647
0.80364811, 0.9966968
0.00299771, 0.00016705, -0.0154556
0.41300699, -0.51597643, 0.75041962
0.81174713, 0.99995908
0.00114796, 0.04230744, -0.0154556
0.53334147, -0.65828425, 0.53117466
0.58309942, 0.34631592
0.00114796, 0.05098107, -0.01046033
-0.55162203, 0.60753196, 0.57145911
0.56121486, 0.37486178
0.00114796, 0.05098107, -0.0154556
0.59022796, 0.53474534, 0.60466325
0.58309942, 0.37486172
0.00428446, 0.04164582, -0.0154556
0.46467483, -0.61168247, -0.6402173
0.64429218, 0.35845959
0.00114796, 0.04230744, -0.01046033
-0.62297434, -0.51396221, 0.58964813
0.65806472, 0.37472397
0.00114796, 0.04230744, -0.0154556
0.53334147, -0.65828425, 0.53117466
0.65806478, 0.35832113
0.00428446, 0.05065028, -0.0154556
0.58644366, 0.56120485, -0.58403271
0.81174719, 0.40663773
0.00475099, 0.04164582, -0.01046033
0.5577563, -0.62562943, 0.54536575
0.83363533, 0.37700331
0.00428446, 0.04164582, -0.0154556
0.46467483, -0.61168247, -0.6402173
0.81174719, 0.37700319
0.00299771, 0.05065028, -0.0154556
0.70427567, 0.00311289, 0.70989102
0.21368115, 0.41038978
0.00428446, 0.04164582, -0.0154556
0.46467483, -0.61168247, -0.6402173
0.21931031, 0.38076794
0.00299771, 0.04164582, -0.0154556
0.62974942, 0.0, 0.77678764
0.21368115, 0.38077652
0.00114796, 0.05098107, -0.01046033
-0.55162203, 0.60753196, 0.57145911
0.64224839, 0.35844076
0.00428446, 0.05065028, -0.0154556
0.58644366, 0.56120485, -0.58403271
0.62849849, 0.37481153
0.00114796, 0.05098107, -0.0154556
0.59022796, 0.53474534, 0.60466325
0.64224839, 0.3748613
0.00114796, 0.04230744, -0.01046033
-0.62297434, -0.51396221, 0.58964813
0.49754351, 0.47231233
0.00475099, 0.05065028, -0.01046033
0.62825406, 0.54420608, 0.55598623
0.51331925, 0.44485223
0.00114796, 0.05098107, -0.01046033
-0.55162203, 0.60753196, 0.57145911
0.49754351, 0.44377035
-0.01335597, 0.09894305, 0.00525881
-0.66750085, 0.1535081, 0.72856838
0.91286093, 0.51023847
-0.00232648, 0.05548407, 0.00521344
0.58800012, -0.52107304, 0.61864072
0.96103936, 0.65324473
-0.00232648, 0.09894305, 0.00525881
0.66383862, 0.15460677, 0.73168129
0.96115315, 0.51023847
-0.00232958, 0.10017283, 0.00297858
0.82726526, -0.44047365, -0.34864345
0.92025089, 0.85928354
-0.00232648, 0.09894305, 0.00525881
0.66383862, 0.15460677, 0.73168129
0.91270709, 0.86565405
-0.00232958, 0.09778996, 0.00403645
0.75576037, -0.13629566, -0.64046144
0.91946751, 0.86784369
-0.00232648, 0.10479639, -0.01333045
0.66039002, 0.73659474, 0.14581744
0.98046017, 0.82662225
-0.00232958, 0.10325161, -0.013336
0.74413282, -0.65642262, -0.12387463
0.9827984, 0.83139321
-0.01335597, 0.10479639, -0.01333045
-0.6639607, 0.73348188, 0.14526811
0.36754686, 0.34809846
-0.00232648, 0.10132595, 0.00420094
0.61717582, 0.61467332, 0.49116489
0.41586676, 0.40631568
-0.00232648, 0.10479639, -0.01333045
0.66039002, 0.73659474, 0.14581744
0.41586676, 0.34813166
-0.00232958, 0.10325161, -0.013336
0.74413282, -0.65642262, -0.12387463
0.76296955, 0.37486219
-0.01333626, 0.10017283, 0.00297858
-0.82338941, -0.44529557, -0.35172582
0.71475154, 0.3206585
-0.01333626, 0.10325161, -0.013336
-0.74004334, -0.66084778, -0.12469863
0.7147516, 0.37491041
-0.01695413, 0.06391735, -0.01334155
-0.87347025, 0.29786065, 0.38505203
0.33690235, 0.40631568
0.00107026, 0.05495753, 0.04322516
0.58604693, 0.52620012, 0.61610764
0.41586679, 0.59373432
0.00107026, 0.06391735, -0.01334155
0.87826169, 0.29966125, 0.37256998
0.41586676, 0.40635568
-0.00232958, 0.10017283, 0.00297858
0.82726526, -0.44047365, -0.34864345
0.96109295, 0.50231636
-0.01333626, 0.09778996, 0.00403645
-0.7511521, -0.13657033, -0.6458022
0.91270709, 0.49437189
-0.01333626, 0.10017283, 0.00297858
-0.82338941, -0.44529557, -0.35172582
0.91294146, 0.50234044
-0.0195815, 0.11053975, -0.01973123
-0.46937469, -0.72835475, -0.49913022
0.59572583, 0.63675141
-0.0195815, 0.00727074, -0.03834736
-0.5924558, -0.60097051, -0.53645438
0.51416767, 0.97661962
-0.0195815, 0.00131746, -0.01973123
-0.71398056, -0.67943358, -0.1690115
0.59572589, 0.99621229
-0.0169034, 0.00837304, -0.03960074
-0.26441237, -0.5932188, -0.76033813
0.1242808, 0.39537901
0.00079102, 0.00836119, -0.03960074
0.26194036, -0.59346294, -0.76100957
0.20179668, 0.39521664
-0.0195815, 0.00131746, -0.01973123
-0.71398056, -0.67943358, -0.1690115
0.11258217, 0.32859927
0.0029977, 0.12460339, -0.02033264
0.90450758, 0.30149236, 0.30149236
0.63582808, 0.59046796
0.0029977, 0.1901155, -0.03834735
0.69417399, 0.61406291, -0.37549973
0.71475154, 0.3748613
0.0029977, 0.19011548, -0.02033263
0.57734919, 0.57734919, 0.57734919
0.63582808, 0.37486136
-0.01915521, 0.12460339, -0.02033264
-0.9040193, 0.30332348, 0.30118716
0.59309483, 0.59046826
-0.01915521, 0.19011548, -0.03834735
-0.69429606, 0.61412394, -0.37516403
0.51417142, 0.3748619
-0.01915521, 0.12190492, -0.03834735
-0.87951291, 0.0003357, -0.47581407
0.51417142, 0.59934929
-0.0191552, 0.1075244, -0.01973123
0.67235327, 0.60399181, 0.4278695
0.59572959, 0.64667681
0.00299771, 0.10752442, -0.01973123
-0.67436749, 0.60838646, 0.41840875
0.58930242, 0.37399811
0.00246324, 0.10752442, -0.03808478
0.55070651, -0.1378521, 0.82320625
0.58696091, 0.31366658
0.00246324, 0.10752442, -0.01946866
0.43906981, 0.55705434, -0.70488602
0.58696091, 0.37486178
0.00299771, 0.00016705, -0.0154556
0.41300699, -0.51597643, 0.75041962
0.21148627, 0.31410152
-0.0191552, 0.00016705, -0.0154556
-0.41175574, -0.50871301, 0.75603503
0.11443935, 0.31430149
0.00246324, 0.11053976, -0.01946866
0.48850977, 0.58787805, -0.64476454
0.89732039, 0.3980456
0.00246324, 0.10752442, -0.03808478
0.55070651, -0.1378521, 0.82320625
0.91053081, 0.33677828
0.00246324, 0.11053976, -0.03808478
0.19937742, 0.92049927, 0.33597827
0.89732039, 0.33677828
-0.01647712, 0.10761058, -0.03960074
-0.04477065, 0.99887079, 0.01452681
0.86679035, 0.66987354
-0.01915521, 0.12190492, -0.03834735
-0.87951291, 0.0003357, -0.47581407
0.87880105, 0.62300134
-0.01647712, 0.10761058, -0.03960074
-0.04477065, 0.99887079, 0.01452681
0.49837407, 0.44375426
-0.01581807, 0.11062593, -0.03927771
-0.82183295, -0.5676443, 0.04828028
0.50130844, 0.43384784
-0.01690341, 0.11062593, -0.03960074
-0.38392285, -0.91817987, -0.09762871
0.49650756, 0.43383253
-0.01647712, 0.10761058, -0.03960074
-0.04477065, 0.99887079, 0.01452681
0.34871125, 0.3396306
-0.01849616, 0.1075244, -0.03802432
-0.45121616, 0.85259563, -0.26355785
0.34087244, 0.34566969
-0.01581807, 0.10761058, -0.03927771
-0.84023559, 0.54216135, -0.00521867
0.35176143, 0.34039235
-0.00024212, 0.10761063, -0.03933816
-0.84023559, -0.54213083, 0.00726341
0.83363539, 0.38692564
0.00246324, 0.11053976, -0.03808478
0.19937742, 0.92049927, 0.33597827
0.84566998, 0.37734902
-0.00024212, 0.11062597, -0.03933816
-0.82030702, 0.56840724, -0.06311227
0.83363539, 0.37700319
0.00079101, 0.11062597, -0.03960074
0.08658101, 0.6626789, -0.74385816
0.87602597, 0.39814627
0.00246324, 0.11053976, -0.03808478
0.19937742, 0.92049927, 0.33597827
0.86966294, 0.39245301
0.00349637, 0.11053976, -0.03834736
0.67546618, 0.60148931, -0.42646566
0.8650229, 0.3928501
0.00299771, 0.12190497, -0.03834735
0.87954342, -6.104e-05, -0.47575304
0.88284761, 0.62299505
-0.00407643, 0.00970925, -0.04297312
0.49226356, -0.74095887, -0.45674002
0.91270703, 0.99135402
-0.00407645, 0.19011548, -0.0429731
0.48881498, 0.83132422, -0.26441237
0.91270709, 0.3980456
0.00349637, 0.11053976, -0.01973123
0.48097169, 0.73805964, -0.47315896
0.87602597, 0.33221567
0.00246324, 0.10752442, -0.03808478
0.55070651, -0.1378521, 0.82320625
0.49504188, 0.46466637
0.00029235, 0.10761063, -0.03960074
-0.32560197, -0.54075748, -0.77556688
0.49706948, 0.47325015
0.00299771, 0.10752442, -0.03834736
0.8361156, 0.0849025, -0.54191715
0.49706948, 0.46343374
0.00299771, 0.10752442, -0.01973123
-0.67436749, 0.60838646, 0.41840875
0.22276424, 0.40039653
0.00246324, 0.11053976, -0.01946866
0.48850977, 0.58787805, -0.64476454
0.2251642, 0.39050895
0.00349637, 0.11053976, -0.01973123
0.48097169, 0.73805964, -0.47315896
0.22058278, 0.3904832
0.00299771, 0.05065028, -0.0154556
0.70427567, 0.00311289, 0.70989102
0.61446148, 0.83385481
0.00349637, 0.00131748, -0.01973123
0.71633047, -0.6787622, -0.16153447
0.63318938, 0.99621367
0.00299771, 0.10752442, -0.01973123
-0.67436749, 0.60838646, 0.41840875
0.63319331, 0.64667648
0.00029235, 0.10761063, -0.03960074
-0.32560197, -0.54075748, -0.77556688
0.89438802, 0.66983125
-0.00024212, 0.11062597, -0.03933816
-0.82030702, 0.56840724, -0.06311227
0.89678794, 0.65994367
-0.01849616, 0.11053975, -0.03802432
-0.43873408, -0.84469128, -0.30655843
0.79807645, 0.37491035
-0.01849616, 0.1075244, -0.01940821
-0.43937498, 0.55708486, -0.7046724
0.81128681, 0.3136431
-0.01849616, 0.11053975, -0.01940821
-0.48945585, -0.5537889, -0.67357403
0.79807645, 0.31364304
-0.01849616, 0.11053975, -0.03802432
-0.43873408, -0.84469128, -0.30655843
0.5013085, 0.44334882
-0.01581807, 0.10761058, -0.03927771
-0.84023559, 0.54216135, -0.00521867
0.51331925, 0.43385363
-0.01849616, 0.1075244, -0.03802432
-0.45121616, 0.85259563, -0.26355785
0.50130844, 0.43343216
-0.0195815, 0.11053975, -0.01973123
-0.46937469, -0.72835475, -0.49913022
0.36264652, 0.34045315
-0.01849616, 0.11053975, -0.03802432
-0.43873408, -0.84469128, -0.30655843
0.35666174, 0.40046233
-0.01849616, 0.11053975, -0.01940821
-0.48945585, -0.5537889, -0.67357403
0.36754686, 0.33988237
-0.0191552, 0.1075244, -0.01973123
0.67235327, 0.60399181, 0.4278695
0.22235708, 0.40047026
-0.01849616, 0.11053975, -0.01940821
-0.48945585, -0.5537889, -0.67357403
0.2251642, 0.41034234
-0.01849616, 0.1075244, -0.01940821
-0.43937498, 0.55708486, -0.7046724
0.2251642, 0.40042567
-0.0191552, 0.1075244, -0.01973123
0.67235327, 0.60399181, 0.4278695
0.34871125, 0.40555394
-0.0191552, 0.1075244, -0.03834736
-0.67775506, 0.60789818, -0.41358685
0.33782226, 0.34490794
-0.01690341, 0.11062593, -0.03960074
-0.38392285, -0.91817987, -0.09762871
0.36264652, 0.40631568
-0.0195815, 0.11053975, -0.03834736
-0.66811121, -0.59901732, -0.44132817
0.35176143, 0.4010331
-0.01335597, 0.10132595, 0.00420094
-0.62013614, 0.61296427, 0.4895474
0.91270709, 0.50234044
-0.00232648, 0.10132595, 0.00420094
0.61717582, 0.61467332, 0.49116489
0.96099931, 0.50234044
-0.01335597, 0.09894305, 0.00525881
-0.66750085, 0.1535081, 0.72856838
0.91270709, 0.78759061
-0.01333626, 0.05529384, 0.00412482
-0.56355482, -0.63142794, -0.53254801
0.61879438, 0.33863884
-0.00232648, 0.05548407, 0.00521344
0.58800012, -0.52107304, 0.61864072
0.62349701, 0.3748613
-0.01335597, 0.05548407, 0.00521344
-0.59306622, -0.52061528, 0.61415446
0.62349701, 0.3385644
-0.00232958, 0.09778996, 0.00403645
0.75576037, -0.13629566, -0.64046144
0.96085864, 0.49434775
-0.01333626, 0.05529384, 0.00412482
-0.56355482, -0.63142794, -0.53254801
0.91294152, 0.35460246
-0.00232648, 0.05548407, 0.00521344
0.58800012, -0.52107304, 0.61864072
0.97803169, 1.0
-0.00232958, 0.05529384, 0.00412482
0.56804103, -0.63032931, -0.5290994
0.9827984, 0.9993626
-0.01333626, 0.09778996, 0.00403645
-0.7511521, -0.13657033, -0.6458022
0.91946733, 0.78540084
-0.01335597, 0.05548407, 0.00521344
-0.59306622, -0.52061528, 0.61415446
0.97803164, 0.65324473
-0.01209455, 0.17364404, -0.03525167
0.71864986, 0.0, 0.69533372
0.24653083, 0.3781274
-0.01347354, 0.19171239, -0.0315147
0.7709586, 0.63682973, 0.0
0.23016965, 0.31866306
-0.01347354, 0.17364404, -0.0315147
1.0, 0.0, 0.0
0.23016968, 0.37812781
-0.01209455, 0.19171239, -0.02777774
0.32569355, 0.88149661, 0.34180731
0.21378717, 0.31866264
-0.01209455, 0.17364404, -0.02777774
0.68984038, 0.0, 0.72392958
0.21378718, 0.3781274
-0.00407645, 0.17364404, -0.03525167
-0.72167116, 0.0, 0.69219029
0.81174719, 0.31537372
-0.0080855, 0.19171239, -0.03688327
0.0, 0.0, 1.0
0.82954705, 0.37491041
-0.0080855, 0.17364404, -0.03688327
0.0, 0.0, 1.0
0.82954705, 0.31545365
-0.01209455, 0.19171239, -0.03525167
0.56010622, 0.62654501, 0.54191715
0.84685415, 0.37481558
-0.01209455, 0.17364404, -0.03525167
0.71864986, 0.0, 0.69533372
0.84685415, 0.31535882
-0.00407645, 0.17364404, -0.02777774
-0.68666649, 0.0, 0.72692037
0.76296949, 0.31545359
-0.0080855, 0.19171239, -0.02607455
0.0, 0.0, 0.99996948
0.78026587, 0.37481177
-0.0080855, 0.17364404, -0.02607455
0.0, 0.0, 0.99996948
0.78026581, 0.31535494
-0.01209455, 0.19171239, -0.02777774
0.32569355, 0.88149661, 0.34180731
0.79807645, 0.37489563
-0.01209455, 0.17364404, -0.02777774
0.68984038, 0.0, 0.72392958
0.79807645, 0.31543881
-0.00407645, 0.17364404, -0.02777774
-0.68666649, 0.0, 0.72692037
0.0, 0.35092515
-0.00273432, 0.19171239, -0.0315147
-0.76973784, -0.63832515, 0.0
0.01636002, 0.41038465
-0.00273432, 0.17364404, -0.0315147
-1.0, 0.0, 0.0
0.01636001, 0.35092002
-0.00407645, 0.19171239, -0.03525167
-0.56285286, -0.62584305, 0.53987241
0.03274366, 0.41038972
-0.00407645, 0.17364404, -0.03525167
-0.72167116, 0.0, 0.69219029
0.03274366, 0.35092515
-0.00599671, 0.19171239, -0.03340987
0.42191839, -0.81127352, -0.40467542
0.51337022, 0.59361464
-0.0080855, 0.17361338, -0.03425996
0.0, -0.63127536, -0.77553636
0.5044322, 0.53421152
-0.0080855, 0.19171239, -0.03425996
0.0, 0.0, -1.0
0.50443226, 0.59373432
-0.0108836, 0.17361338, -0.0315147
-0.7709586, -0.63682973, 0.0
0.69901723, 0.37465632
-0.0080855, 0.17361338, -0.03425996
0.0, -0.63127536, -0.77553636
0.71475154, 0.36951137
-0.0080855, 0.17361338, -0.02871452
0.0, -0.62877285, 0.7775811
0.69228667, 0.36267102
-0.00531606, 0.19171239, -0.0315147
0.61095005, -0.79165012, 0.0
0.85663426, 0.39814627
-0.00599671, 0.17361338, -0.03340987
0.56285286, -0.62584305, -0.53987241
0.84832615, 0.33858049
-0.00599671, 0.19171239, -0.03340987
0.42191839, -0.81127352, -0.40467542
0.84832621, 0.39814609
-0.01018602, 0.19171239, -0.0334051
-0.42130801, 0.81014436, -0.4076052
0.89732039, 0.39804298
-0.0108836, 0.17361338, -0.0315147
-0.7709586, -0.63682973, 0.0
0.88904458, 0.33848011
-0.0108836, 0.19171239, -0.0315147
-0.60798973, 0.79390848, 0.0
0.88904464, 0.39804566
-0.0101784, 0.19171239, -0.02960365
-0.42637411, 0.80813015, 0.40629292
0.49504188, 0.47449028
-0.0080855, 0.17361338, -0.02871452
0.0, -0.62877285, 0.7775811
0.50433981, 0.53409174
-0.0080855, 0.19171239, -0.02871452
0.0, 0.0, 1.0
0.50433969, 0.47453403
-0.00600418, 0.17361338, -0.02959874
0.56624043, -0.62706381, 0.53489792
0.51331925, 0.53404051
-0.00600418, 0.19171239, -0.02959874
0.42698446, -0.80928981, 0.40336314
0.51331925, 0.47448283
-0.0101784, 0.17361338, -0.02960366
-0.56349373, -0.62776572, 0.53694266
0.88066602, 0.33847737
-0.0101784, 0.19171239, -0.02960365
-0.42637411, 0.80813015, 0.40629292
0.88066602, 0.39804292
-0.00600418, 0.19171239, -0.02959874
0.42698446, -0.80928981, 0.40336314
0.8650229, 0.39814609
-0.00531606, 0.17361338, -0.0315147
0.76973784, -0.63832515, 0.0
0.85663426, 0.33858067
-0.01018602, 0.17361338, -0.0334051
-0.56010622, -0.62654501, -0.54191715
0.49504188, 0.53411916
-0.01018602, 0.19171239, -0.0334051
-0.42130801, 0.81014436, -0.4076052
0.49504197, 0.59364203
-0.00273432, 0.19171239, -0.0315147
-0.76973784, -0.63832515, 0.0
0.53777254, 0.35698491
-0.00531606, 0.19171239, -0.0315147
0.61095005, -0.79165012, 0.0
0.54908258, 0.35699129
-0.00599671, 0.19171239, -0.03340987
0.42191839, -0.81127352, -0.40467542
0.55206436, 0.35076982
-0.0108836, 0.19171239, -0.0315147
-0.60798973, 0.79390848, 0.0
0.52551413, 0.35698158
-0.01347354, 0.19171239, -0.0315147
0.7709586, 0.63682973, 0.0
0.51416767, 0.35698414
-0.0101784, 0.19171239, -0.02960365
-0.42637411, 0.80813015, 0.40629292
0.52860361, 0.36326295
-0.00080771, 0.19011548, -0.01545559
0.57734919, 0.57734919, 0.57734919
0.96109301, 0.28673387
0.00349638, 0.00727076, -0.03834736
0.59434795, -0.59862053, -0.53697318
0.88066602, 1.0
-0.00080771, 0.12460339, -0.02033264
0.57734919, 0.57734919, 0.57734919
0.65806472, 0.35882938
-0.01915521, 0.12460339, -0.02033264
-0.9040193, 0.30332348, 0.30118716
0.9824596, 0.50234044
-0.01915521, 0.12460339, -0.02033264
-0.9040193, 0.30332348, 0.30118716
0.67473614, 0.35882944
-0.00080771, 0.12460339, -0.02033264
0.57734919, 0.57734919, 0.57734919
0.9827984, 1.0
-0.01514914, 0.12460339, -0.02033264
-0.57734919, 0.57734919, 0.57734919
0.2465308, 0.37812781
-0.01209454, 0.00970925, -0.0440954
-0.57731867, -0.57734919, -0.57734919
0.14535218, 0.41038978
-0.01209455, 0.19011548, -0.04409539
-0.57734919, 0.57734919, -0.57734919
0.247251, 3.6e-07
-0.0195815, 0.00727074, -0.03834736
-0.5924558, -0.60097051, -0.53645438
0.88066602, 1.0
-0.01514914, 0.19011548, -0.01545559
-0.57734919, 0.57734919, 0.57734919
0.49536765, 0.33690447
0.0029977, 0.19011548, -0.02033263
0.57734919, 0.57734919, 0.57734919
0.41586676, 0.35295427
0.0029977, 0.1901155, -0.03834735
0.69417399, 0.61406291, -0.37549973
0.41586679, 0.4121725
-0.00080771, 0.19011548, -0.01545559
0.57734919, 0.57734919, 0.57734919
0.43253818, 0.33691865
-0.01915521, 0.19011548, -0.03834735
-0.69429606, 0.61412394, -0.37516403
0.51291811, 0.41215062
-0.01915521, 0.19011548, -0.02033263
-0.57734919, 0.57734919, 0.57734919
0.51291811, 0.35293239
0.00107026, 0.06391735, -0.01334155
0.87826169, 0.29966125, 0.37256998
0.50490636, 0.79345775
0.00107026, 0.05495753, 0.04322516
0.58604693, 0.52620012, 0.61610764
0.25708461, 0.82294533
0.00107026, 0.03031477, 0.00281328
0.76000243, -0.64784694, 0.05172887
0.43413118, 0.90404706
0.00107026, 0.02441913, 0.04322515
0.57008576, -0.6214484, 0.53733939
0.25708461, 0.92345018
0.00114796, 0.12460339, -0.01545559
0.57692188, -0.57765436, 0.57741022
0.51416767, 0.59373412
0.00114796, 0.12460339, -0.0133249
0.5771355, -0.57811213, 0.57676929
0.50483298, 0.59373412
0.00114796, 0.05098107, -0.0154556
0.59022796, 0.53474534, 0.60466325
0.51416755, 0.83603227
0.00114796, 0.00115946, -0.01332491
0.57802057, -0.5766167, 0.5773797
0.50483274, 1.0
0.00114796, 0.00115946, -0.0154556
0.51811272, -0.51713616, 0.6812647
0.51416743, 1.0
0.00112854, 0.00985562, -0.01332907
0.72637105, -0.06518754, 0.68419445
0.50485116, 0.97138012
-0.01695413, 0.0244191, 0.04322515
-0.57008576, -0.6214484, 0.53733939
0.41608077, 0.43106055
-0.0191552, 0.00016705, -0.0154556
-0.41175574, -0.50871301, 0.75603503
0.7147516, 1.0
-0.00080771, 0.19011548, -0.01545559
0.57734919, 0.57734919, 0.57734919
0.79508537, 0.37491041
-0.01514914, 0.19011548, -0.01545559
-0.57734919, 0.57734919, 0.57734919
0.732292, 0.37493688
0.00107026, 0.06391735, -0.01334155
0.87826169, 0.29966125, 0.37256998
0.25757682, 0.39403814
-0.01695413, 0.0244191, 0.04322515
-0.57008576, -0.6214484, 0.53733939
0.0336631, 0.41038978
0.00114796, 0.12460339, -0.01545559
0.57692188, -0.57765436, 0.57741022
0.80364817, 0.5904848
-0.01708167, 0.00115946, -0.01332491
-0.57847834, -0.57625049, 0.57728815
0.25721523, 0.39403814
-0.01708167, 0.00115946, -0.0154556
-0.52351451, -0.52177495, 0.673513
0.59583414, 0.31486994
-0.01695413, 0.0244191, 0.04322515
-0.57008576, -0.6214484, 0.53733939
5e-08, 0.67028397
-0.01695413, 0.05495753, 0.04322516
-0.58604693, 0.52620012, 0.61610764
0.0, 0.7707888
-0.01695413, 0.03031475, 0.00281328
-0.76018554, -0.64763331, 0.0512711
0.17704654, 0.68968681
-0.01708168, 0.12460339, -0.0133249
-0.57707447, -0.57853937, 0.57640308
0.24774984, 0.99999998
-0.01708168, 0.12460339, -0.01545559
-0.57667774, -0.57786798, 0.57744074
0.25708452, 1.0
-0.01708167, 0.00115946, -0.0154556
-0.52351451, -0.52177495, 0.673513
0.25708461, 0.59373432
-0.01708167, 0.00115946, -0.01332491
-0.57847834, -0.57625049, 0.57728815
0.24774991, 0.59373435
-0.01704979, 0.0098556, -0.01332907
-0.72688985, -0.06390576, 0.68373668
0.24776784, 0.62235403
-0.01333626, 0.10325161, -0.013336
-0.74004334, -0.66084778, -0.12469863
0.98279828, 0.82185119
-0.00407645, 0.19011548, -0.04409539
0.57731867, 0.57734919, -0.57734919
0.81174731, 0.40669149
-0.00407645, 0.19011548, -0.04409539
0.57731867, 0.57734919, -0.57734919
0.44685847, 0.43106055
-0.00407643, 0.00970925, -0.0440954
0.57734919, -0.57734919, -0.57734919
0.25708455, 0.59373432
0.00108483, 0.02755531, -0.00609796
0.77105016, -0.53489792, 0.3454085
0.33703059, 0.30710548
-0.01708168, 0.12460339, -0.01545559
-0.57667774, -0.57786798, 0.57744074
0.61446148, 0.37485653
0.00188672, 0.05101009, 0.04189428
0.58626056, 0.52504045, 0.61693168
0.98279846, 0.61384165
0.00188672, 0.05934864, -0.0095897
0.56169319, 0.5807367, -0.58922088
0.11258214, 0.41038978
0.00188672, 0.05934864, -0.0095897
0.56169319, 0.5807367, -0.58922088
0.59226245, 0.28664118
-0.01763019, 0.02598267, 0.04189428
0.57020783, 0.62083805, -0.53794974
0.62645465, 0.37485677
0.00188672, 0.02598269, 0.04189428
0.57020783, -0.62083805, 0.53794974
0.58667421, 0.37486029
0.00188672, 0.03270915, -0.00487764
0.59593493, -0.57689136, -0.55858028
0.98995209, 0.78441267
-0.01763019, 0.05934864, -0.0095897
0.56169319, -0.5807367, 0.58922088
0.0, 0.41038978
-0.01763019, 0.05934864, -0.0095897
0.56169319, -0.5807367, 0.58922088
0.58930242, 0.28693384
-0.01763019, 0.03270913, -0.00487764
0.59593493, 0.57689136, 0.55858028
0.99291372, 0.62958941
-0.01763019, 0.05101009, 0.04189428
0.58626056, -0.52504045, -0.61693168
0.98995203, 0.61351618
0.00114796, 0.04230744, -0.0154556
0.53334147, -0.65828425, 0.53117466
0.80364811, 0.86129281
0.00114796, 0.04230744, -0.01046033
-0.62297434, -0.51396221, 0.58964813
0.56121486, 0.34631598
0.00475099, 0.04164582, -0.01046033
0.5577563, -0.62562943, 0.54536575
0.64224839, 0.3748613
0.00475099, 0.05065028, -0.01046033
0.62825406, 0.54420608, 0.55598623
0.83363533, 0.40663785
0.00428446, 0.05065028, -0.0154556
0.58644366, 0.56120485, -0.58403271
0.21931031, 0.4103812
0.00475099, 0.05065028, -0.01046033
0.62825406, 0.54420608, 0.55598623
0.62645465, 0.35839146
0.00475099, 0.04164582, -0.01046033
0.5577563, -0.62562943, 0.54536575
0.51331925, 0.47448283
-0.01335597, 0.05548407, 0.00521344
-0.59306622, -0.52061528, 0.61415446
0.9127472, 0.65324476
-0.00232648, 0.10132595, 0.00420094
0.61717582, 0.61467332, 0.49116489
0.91349047, 0.85709383
-0.01335597, 0.10132595, 0.00420094
-0.62013614, 0.61296427, 0.4895474
0.36754686, 0.40628248
-0.00232958, 0.10017283, 0.00297858
0.82726526, -0.44047365, -0.34864345
0.76296955, 0.32061028
-0.01695413, 0.05495753, 0.04322516
-0.58604693, 0.52620012, 0.61610764
0.33690238, 0.59369436
-0.0195815, 0.11053975, -0.03834736
-0.66811121, -0.59901732, -0.44132817
0.51416767, 0.63675153
0.00349637, 0.00131748, -0.01973123
0.71633047, -0.6787622, -0.16153447
0.21368115, 0.32839096
-0.0195815, 0.00727074, -0.03834736
-0.5924558, -0.60097051, -0.53645438
0.11258214, 0.3910439
0.00349638, 0.00727076, -0.03834736
0.59434795, -0.59862053, -0.53697318
0.21368115, 0.39083552
0.00299771, 0.12190497, -0.03834735
0.87954342, -6.104e-05, -0.47575304
0.71475154, 0.59934872
-0.01915521, 0.19011548, -0.02033263
-0.57734919, 0.57734919, 0.57734919
0.59309489, 0.37486178
-0.0191552, 0.00016705, -0.0154556
-0.41175574, -0.50871301, 0.75603503
0.61446142, 1.0
-0.01915521, 0.12460339, -0.01545559
-0.40769675, 0.4090701, 0.81630909
0.61446142, 0.59046823
-0.0191552, 0.1075244, -0.03834736
-0.67775506, 0.60789818, -0.41358685
0.51417142, 0.64667696
0.00299771, 0.10752442, -0.03834736
0.8361156, 0.0849025, -0.54191715
0.58930242, 0.31280291
0.00246324, 0.10752442, -0.01946866
0.43906981, 0.55705434, -0.70488602
0.91053081, 0.39804566
-0.01915521, 0.19011548, -0.03834735
-0.69429606, 0.61412394, -0.37516403
0.87880111, 0.39867479
-0.01209455, 0.19011548, -0.0429731
-0.48908964, 0.83120215, -0.2642903
0.84682441, 0.39814627
-0.01209454, 0.00970925, -0.04297312
-0.49427778, -0.74086732, -0.45469528
0.84682441, 0.99145473
-0.0191552, 0.1075244, -0.03834736
-0.67775506, 0.60789818, -0.41358685
0.87880105, 0.67029503
-0.01581807, 0.10761058, -0.03927771
-0.84023559, 0.54216135, -0.00521867
0.50130844, 0.44377035
0.00246324, 0.10752442, -0.03808478
0.55070651, -0.1378521, 0.82320625
0.84566998, 0.38727146
-0.00024212, 0.11062597, -0.03933816
-0.82030702, 0.56840724, -0.06311227
0.88066602, 0.39774925
0.00299771, 0.10752442, -0.03834736
0.8361156, 0.0849025, -0.54191715
0.88284755, 0.67028886
0.0029977, 0.1901155, -0.03834735
0.69417399, 0.61406291, -0.37549973
0.88284767, 0.39866865
0.00246324, 0.11053976, -0.01946866
0.48850977, 0.58787805, -0.64476454
0.88066596, 0.3318187
-0.00024212, 0.10761063, -0.03933816
-0.84023559, -0.54213083, 0.00726341
0.49504194, 0.47448283
0.00246324, 0.10752442, -0.01946866
0.43906981, 0.55705434, -0.70488602
0.2251642, 0.40042567
0.00299771, 0.04164582, -0.0154556
0.62974942, 0.0, 0.77678764
0.61446148, 0.86348936
0.00299771, 0.12460339, -0.01545559
0.4082461, 0.4082461, 0.8164922
0.61446148, 0.59046796
0.00299771, 0.10752442, -0.03834736
0.8361156, 0.0849025, -0.54191715
0.71475154, 0.64667648
0.00299771, 0.00016705, -0.0154556
0.41300699, -0.51597643, 0.75041962
0.61446142, 1.0
-0.00024212, 0.10761063, -0.03933816
-0.84023559, -0.54213083, 0.00726341
0.89678794, 0.66986033
-0.01849616, 0.1075244, -0.03802432
-0.45121616, 0.85259563, -0.26355785
0.81128681, 0.37491041
-0.01581807, 0.11062593, -0.03927771
-0.82183295, -0.5676443, 0.04828028
0.51331925, 0.44377035
-0.0195815, 0.11053975, -0.01973123
-0.46937469, -0.72835475, -0.49913022
0.22049215, 0.41038978
-0.01849616, 0.1075244, -0.01940821
-0.43937498, 0.55708486, -0.7046724
0.35176143, 0.40631568
-0.01581807, 0.11062593, -0.03927771
-0.82183295, -0.5676443, 0.04828028
0.36754686, 0.40574491
-0.00232958, 0.05529384, 0.00412482
0.56804103, -0.63032931, -0.5290994
0.61879444, 0.3748607
-0.00232958, 0.05529384, 0.00412482
0.56804103, -0.63032931, -0.5290994
0.96109301, 0.35457838
-0.01333626, 0.05529384, 0.00412482
-0.56355482, -0.63142794, -0.53254801
0.98279822, 0.653882
-0.01209455, 0.19171239, -0.03525167
0.56010622, 0.62654501, 0.54191715
0.24653083, 0.31866264
-0.00407645, 0.19171239, -0.03525167
-0.56285286, -0.62584305, 0.53987241
0.81174731, 0.37483048
-0.00407645, 0.19171239, -0.02777774
-0.32767725, -0.87878048, 0.34690389
0.76296955, 0.37491041
-0.00407645, 0.19171239, -0.02777774
-0.32767725, -0.87878048, 0.34690389
2e-08, 0.41038978
-0.00599671, 0.17361338, -0.03340987
0.56285286, -0.62584305, -0.53987241
0.51337022, 0.53409174
-0.00599671, 0.17361338, -0.03340987
0.56285286, -0.62584305, -0.53987241
0.71475154, 0.36209416
-0.00531606, 0.17361338, -0.0315147
0.76973784, -0.63832515, 0.0
0.70819628, 0.35768121
-0.00600418, 0.17361338, -0.02959874
0.56624043, -0.62706381, 0.53489792
0.69930011, 0.35741585
-0.0101784, 0.17361338, -0.02960366
-0.56349373, -0.62776572, 0.53694266
0.69243819, 0.3701489
-0.01018602, 0.17361338, -0.0334051
-0.56010622, -0.62654501, -0.54191715
0.70782536, 0.3748613
-0.01018602, 0.17361338, -0.0334051
-0.56010622, -0.62654501, -0.54191715
0.89732039, 0.33847743
-0.0101784, 0.17361338, -0.02960366
-0.56349373, -0.62776572, 0.53694266
0.49504191, 0.5340479
-0.00600418, 0.17361338, -0.02959874
0.56624043, -0.62706381, 0.53489792
0.8650229, 0.33858049
-0.0080855, 0.19171239, -0.03688327
0.0, 0.0, 1.0
0.56121492, 0.33936942
-0.00407645, 0.19171239, -0.03525167
-0.56285286, -0.62584305, 0.53987241
0.54365212, 0.34471726
-0.00407645, 0.19171239, -0.02777774
-0.32767725, -0.87878048, 0.34690389
0.54365212, 0.36925924
-0.00600418, 0.19171239, -0.02959874
0.42698446, -0.80928981, 0.40336314
0.55209708, 0.36328441
-0.0080855, 0.19171239, -0.02607455
0.0, 0.0, 0.99996948
0.56121492, 0.37486178
-0.0080855, 0.19171239, -0.02871452
0.0, 0.0, 1.0
0.56121492, 0.366193
-0.0080855, 0.19171239, -0.03425996
0.0, 0.0, -1.0
0.56121492, 0.34798354
-0.01209455, 0.19171239, -0.02777774
0.32569355, 0.88149661, 0.34180731
0.52020895, 0.36926699
-0.0080855, 0.19171239, -0.02607455
0.0, 0.0, 0.99996948
0.53777254, 0.37486178
-0.0080855, 0.19171239, -0.02871452
0.0, 0.0, 1.0
0.53777254, 0.36618364
-0.01209455, 0.19171239, -0.03525167
0.56010622, 0.62654501, 0.54191715
0.52020895, 0.34469861
-0.01018602, 0.19171239, -0.0334051
-0.42130801, 0.81014436, -0.4076052
0.52857018, 0.35076684
-0.0080855, 0.19171239, -0.03425996
0.0, 0.0, -1.0
0.53777254, 0.34795457
-0.0080855, 0.19171239, -0.03688327
0.0, 0.0, 1.0
0.53777254, 0.33933121
# Number of Faces:
274
# Face Data:
0, 1, 2
3, 4, 5
6, 7, 8
9, 10, 11
12, 13, 14
15, 16, 17
18, 19, 20
21, 22, 23
24, 25, 26
27, 28, 29
30, 31, 32
33, 34, 35
36, 37, 38
39, 40, 41
42, 43, 44
45, 46, 47
48, 49, 50
51, 52, 42
53, 54, 55
56, 57, 58
59, 60, 61
62, 63, 64
65, 66, 67
68, 69, 70
34, 71, 72
73, 74, 75
55, 76, 53
77, 78, 76
79, 40, 80
81, 82, 83
84, 85, 86
87, 88, 89
90, 91, 92
93, 94, 95
96, 97, 98
99, 100, 101
102, 103, 104
105, 106, 107
108, 109, 110
111, 112, 113
114, 115, 116
117, 118, 119
120, 121, 122
123, 124, 125
126, 127, 128
129, 130, 131
132, 133, 134
135, 136, 137
138, 139, 140
141, 138, 142
143, 144, 145
146, 147, 148
149, 150, 151
152, 153, 154
155, 156, 157
158, 159, 160
23, 158, 21
161, 162, 163
164, 165, 166
166, 167, 157
168, 169, 170
160, 171, 172
173, 174, 175
27, 176, 177
178, 179, 180
181, 182, 183
184, 185, 186
187, 188, 189
190, 191, 192
188, 193, 189
194, 195, 196
197, 198, 199
200, 201, 202
203, 204, 5
205, 206, 207
208, 209, 210
211, 212, 213
214, 215, 216
217, 182, 218
219, 212, 220
221, 137, 222
66, 223, 67
224, 225, 226
227, 228, 153
140, 229, 230
231, 232, 223
233, 234, 235
235, 236, 237
238, 239, 240
240, 241, 242
243, 244, 245
245, 246, 247
248, 249, 250
250, 251, 252
253, 254, 255
256, 257, 258
259, 260, 261
262, 263, 264
265, 266, 267
267, 268, 269
264, 270, 271
272, 273, 259
255, 274, 275
276, 277, 278
279, 280, 281
0, 282, 1
3, 283, 4
6, 284, 7
9, 285, 10
12, 286, 13
15, 287, 16
18, 288, 19
21, 289, 22
24, 290, 25
27, 291, 28
30, 201, 31
35, 292, 33
33, 293, 294
292, 295, 33
296, 297, 35
34, 72, 35
33, 294, 34
296, 35, 72
298, 299, 300
299, 301, 300
302, 303, 298
37, 304, 300
305, 306, 307
307, 306, 37
304, 302, 298
298, 300, 304
36, 307, 37
300, 38, 37
39, 308, 40
56, 309, 42
114, 42, 309
309, 116, 114
310, 311, 44
44, 56, 42
42, 51, 43
43, 310, 44
45, 312, 46
48, 313, 49
51, 314, 52
53, 315, 54
56, 309, 57
59, 316, 60
317, 318, 319
62, 320, 321
321, 322, 62
322, 323, 324
319, 318, 62
62, 322, 324
62, 324, 63
64, 319, 62
65, 325, 66
68, 326, 69
34, 327, 71
73, 328, 74
55, 77, 76
77, 329, 78
79, 41, 40
81, 330, 82
84, 331, 85
87, 332, 88
90, 333, 91
93, 334, 94
96, 335, 97
99, 336, 100
102, 337, 103
105, 338, 106
108, 339, 109
111, 340, 112
114, 341, 115
117, 342, 118
120, 343, 121
123, 344, 124
126, 345, 127
129, 346, 130
132, 347, 133
135, 348, 136
138, 349, 139
141, 349, 138
143, 350, 144
146, 351, 147
149, 352, 150
152, 227, 153
155, 353, 156
354, 160, 159
355, 158, 160
159, 356, 354
23, 159, 158
161, 357, 162
164, 358, 165
157, 359, 360
360, 164, 157
166, 361, 167
167, 155, 157
157, 164, 166
168, 362, 169
160, 354, 171
173, 363, 174
177, 364, 365
365, 366, 177
27, 29, 176
176, 367, 177
177, 366, 27
178, 368, 179
181, 218, 182
184, 369, 185
187, 370, 188
190, 371, 203
203, 5, 4
4, 191, 190
192, 372, 190
190, 203, 4
188, 373, 193
194, 374, 195
197, 375, 198
357, 161, 200
200, 376, 201
161, 377, 200
202, 378, 357
201, 30, 202
376, 379, 201
202, 357, 200
203, 380, 204
205, 381, 206
208, 382, 209
211, 220, 212
214, 383, 215
217, 384, 182
219, 385, 212
221, 135, 137
66, 231, 223
224, 386, 225
227, 387, 228
140, 139, 229
231, 388, 232
233, 389, 234
235, 234, 236
238, 390, 239
240, 239, 241
243, 391, 244
245, 244, 246
248, 392, 249
250, 249, 251
253, 393, 254
394, 395, 257
396, 258, 395
397, 256, 258
398, 257, 256
395, 258, 257
259, 273, 260
262, 399, 263
265, 400, 266
267, 266, 268
264, 263, 270
272, 401, 273
255, 254, 274
402, 403, 278
276, 404, 405
406, 407, 405
404, 406, 405
278, 408, 402
276, 405, 277
278, 403, 276
409, 410, 281
410, 411, 281
412, 280, 413
414, 415, 413
413, 415, 412
409, 281, 280
279, 413, 280
