# Project Zomboid Skinned Mesh
# File Version:
1.0
# Model Name:
Cube
# Vertex Stride Element Count:
3
# Vertex Stride Size (in bytes):
76
# Vertex Stride Data:
# (Int)    Offset
# (String) Type
0
VertexArray
12
NormalArray
24
TextureCoordArray
# Vertex Count:
378
# Vertex Buffer:
-0.01063615, 0.0963961, -0.01299103
-0.67448956, 0.11197241, 0.72969759
0.29925689, 0.36092716
0.01033429, 0.05681299, -0.01299103
0.57387006, 0.66472363, 0.47831661
0.37891376, 0.50864124
0.01033428, 0.0963961, -0.01299103
0.67448956, 0.11197241, 0.72969759
0.37892482, 0.3609376
-0.01331145, 0.01103074, -0.05264855
-0.80361336, -0.55027926, -0.22656941
0.63703638, 0.28410637
0.01292726, 0.00165073, -0.04318875
0.6598407, -0.63878292, -0.39561144
0.59847885, 0.18604022
-0.01331146, 0.00165071, -0.04318875
-0.6598407, -0.63878292, -0.39561144
0.59847885, 0.28410876
-0.01245977, 0.19976, -0.03231233
-0.66823328, 0.74388868, 0.00338755
0.67172986, 0.99951108
-0.00665818, 0.08747733, -0.04956561
-0.80669576, 0.45466477, 0.37745291
0.73769999, 0.58045831
-0.01245975, 0.08542849, -0.03211652
-0.98193306, 0.04760887, -0.18305002
0.67098624, 0.57231426
-0.01331148, 0.05865182, -0.02821482
-0.99478132, 0.0794702, 0.0638142
0.84445345, 0.23104984
-0.01235377, 0.06094503, -0.03883001
-0.85781425, 0.51390117, -0.00347911
0.84081537, 0.27137721
-0.01331147, 0.06246246, -0.05264856
-0.61836606, 0.56004518, -0.55131686
0.84445733, 0.32333207
0.01292725, 0.06246248, -0.05264856
0.62504959, 0.54817349, -0.55565047
0.29829869, 0.35829353
0.01292724, 0.05865183, -0.02821482
0.99502546, 0.06897183, 0.07153539
0.29829869, 0.45057577
0.01292724, 0.05495434, -0.0197703
0.91183203, 0.40293589, 0.07843257
0.29829341, 0.48334765
-0.01331148, 0.05865182, -0.02821482
-0.99478132, 0.0794702, 0.0638142
0.65610224, 0.47219449
-0.01063615, 0.05681298, -0.0197703
-0.8705405, 0.4608295, 0.17258216
0.62422866, 0.46557826
-0.01063616, 0.11796283, -0.01977031
-0.63542587, 0.09118931, 0.76671654
0.62422866, 0.69406334
0.01292723, 0.16433963, -0.02869583
0.99850458, 3.052e-05, 0.05410932
0.84080487, 0.86714536
0.01033427, 0.19350784, -0.01977032
0.50236517, 0.42085025, 0.75530261
0.87456542, 0.97637092
0.01033427, 0.16107565, -0.01977031
0.60042113, 0.0, 0.79967648
0.87456542, 0.85518701
-0.009373, 0.08691855, -0.04819581
-0.73284096, 0.60615861, -0.3089999
0.73229271, 0.57812977
-0.00613076, 0.06392517, -0.05264856
-0.29081088, 0.15463729, -0.94418162
0.74944967, 0.49249798
-0.009373, 0.0624351, -0.04813055
-0.68257695, 0.71080661, -0.16971344
0.73204488, 0.48664802
0.01230049, 0.08542849, -0.03211652
0.98760951, 0.04553362, -0.15002899
0.82777596, 0.57234162
0.01221905, 0.06094504, -0.03883001
0.89483321, 0.44630268, -0.00354015
0.80226922, 0.48085696
0.01221905, 0.08617353, -0.03896054
0.74129462, 0.66969818, -0.04412977
0.80177337, 0.57512382
0.01292724, 0.05865183, -0.02821482
0.99502546, 0.06897183, 0.07153539
0.84263206, 0.47224003
-0.01331149, 0.16433962, -0.02869583
-0.99960327, 0.0, 0.02804651
0.65792918, 0.86709374
0.00418102, 0.00165073, -0.04318875
0.62764364, -0.30329296, -0.71694082
0.00418572, 0.29646808
0.01292726, -0.00303421, -0.02941463
0.70354319, -0.67632067, -0.21811579
0.05772143, 0.32915747
0.00418102, -0.00303422, -0.02941463
0.09924619, -0.98178047, -0.1619007
0.05772199, 0.29646796
-0.01063617, 0.19350784, -0.01977032
-0.4990997, 0.42103335, 0.75734735
0.6242286, 0.9763355
-0.01063616, 0.16107562, -0.01977031
-0.5970031, 0.0, 0.80220956
0.6242286, 0.85515334
0.01033428, 0.11796284, -0.01977031
0.63878292, 0.09143345, 0.7639088
0.87456542, 0.69409463
0.00964268, 0.08691856, -0.04773621
0.73589283, 0.61561936, -0.28177741
0.76829422, 0.57812127
0.00633381, 0.06392518, -0.05264856
0.30072939, 0.16147344, -0.93990904
0.74944967, 0.49248821
0.00633381, 0.08766359, -0.05264856
0.2120426, -0.17307046, -0.9617908
0.74944967, 0.58118758
0.00964269, 0.06243512, -0.04767094
0.70250559, 0.69298381, -0.16187018
0.76854211, 0.48663813
-0.01235377, 0.06094503, -0.03883001
-0.85781425, 0.51390117, -0.00347911
0.69649416, 0.48082995
-0.01245975, 0.05945496, -0.03192073
-0.73400068, 0.67751092, 0.04660176
0.67024255, 0.47526515
-0.01235377, 0.08617353, -0.03896054
-0.74150825, 0.66853845, -0.05648976
0.69698989, 0.57509542
0.01230047, 0.19976, -0.03231233
0.67561877, 0.73686939, 0.0225837
0.82703215, 0.9995448
0.00683103, 0.08747733, -0.04956561
0.79363382, 0.46119571, 0.3967101
0.76118839, 0.58045214
0.00683101, 0.19976, -0.04958195
0.28699607, 0.93548387, 0.20609149
0.7611264, 1.0
-0.00665818, 0.08747733, -0.04956561
-0.80669576, 0.45466477, 0.37745291
0.29800093, 0.28861207
-0.009373, 0.08691855, -0.04819581
-0.73284096, 0.60615861, -0.3089999
0.2898964, 0.29682797
-0.01235377, 0.08617353, -0.03896054
-0.74150825, 0.66853845, -0.05648976
0.29018128, 0.33319867
-0.00456522, -0.00303422, -0.02941463
-0.09924619, -0.98178047, -0.1619007
0.05772254, 0.26377845
-0.01331146, -0.00597618, -0.01977029
-0.8519547, -0.33732107, -0.40043336
0.09510978, 0.23108894
-0.01331146, 0.00165071, -0.04318875
-0.6598407, -0.63878292, -0.39561144
0.00418682, 0.23108906
-0.01331146, -0.00303422, -0.02941463
-0.70354319, -0.67632067, -0.21811579
0.05772311, 0.23108888
-0.00456521, -0.00749711, -0.04499519
-0.58940399, -0.74413282, -0.31431013
5.3e-07, 0.26377594
0.00418103, -0.00749711, -0.04499519
0.58940399, -0.74413282, -0.31431013
0.0, 0.29646546
-0.00456521, -0.00499467, -0.04633795
-0.61833555, -0.01959288, -0.78563797
0.37892482, 0.18639511
0.00418103, -0.00749711, -0.04499519
0.58940399, -0.74413282, -0.31431013
0.41215262, 0.17669845
-0.00456521, -0.00749711, -0.04499519
-0.58940399, -0.74413282, -0.31431013
0.37892511, 0.17669851
-0.00456522, 0.00165072, -0.04318875
-0.62764364, -0.30329296, -0.71694082
0.76099563, 0.19943541
-0.00456521, -0.00749711, -0.04499519
-0.58940399, -0.74413282, -0.31431013
0.79250264, 0.21535069
-0.00456522, -0.00303422, -0.02941463
-0.09924619, -0.98178047, -0.1619007
0.79250258, 0.15478039
0.00418102, 0.00165073, -0.04318875
0.62764364, -0.30329296, -0.71694082
0.69816124, 0.18114263
0.00418103, -0.00749711, -0.04499519
0.58940399, -0.74413282, -0.31431013
0.72967005, 0.16523129
0.00418103, -0.00499467, -0.04633795
0.61833555, -0.01959288, -0.78563797
0.71912968, 0.16298431
0.00418102, 0.00165073, -0.04318875
0.62764364, -0.30329296, -0.71694082
0.41215321, 0.21030015
-0.00456522, 0.00165072, -0.04318875
-0.62764364, -0.30329296, -0.71694082
0.37892574, 0.21030015
-0.01063616, 0.16107562, -0.01977031
-0.5970031, 0.0, 0.80220956
0.29924783, 0.1210202
0.01033427, 0.16107565, -0.01977031
0.60042113, 0.0, 0.79967648
0.37891576, 0.12103063
0.01033427, 0.19350784, -0.01977032
0.50236517, 0.42085025, 0.75530261
0.37892482, 1.055e-05
-0.01063616, 0.11796283, -0.01977031
-0.63542587, 0.09118931, 0.76671654
0.29923579, 0.2818948
0.01033428, 0.11796284, -0.01977031
0.63878292, 0.09143345, 0.7639088
0.37890372, 0.28190523
-0.01331147, 0.05495433, -0.0197703
-0.90905482, 0.40891752, 0.07971434
0.84445733, 0.19827795
-0.01063615, 0.05681298, -0.01299103
-0.56788844, 0.6692099, 0.47917113
0.83428615, 0.17375034
-0.01063615, 0.05681298, -0.0197703
-0.8705405, 0.4608295, 0.17258216
0.83428955, 0.19896448
-0.01331146, -0.01412731, -0.0187421
-0.68474382, -0.16473891, -0.7098605
0.3284083, 0.67392972
-0.01331146, -0.02227846, -0.01594436
-0.54033023, -0.83697015, 0.08661153
0.29923579, 0.68852064
-0.01331146, -0.01429354, -0.01494608
-0.73168129, -0.15558337, 0.663625
0.32979658, 0.68806222
0.01033429, 0.05681299, -0.01299103
0.57387006, 0.66472363, 0.47831661
0.28844908, 0.50787634
0.01292724, 0.05495434, -0.01299102
0.86272776, 0.4867397, 0.13681448
0.29829577, 0.50856176
0.01292726, -0.01429354, -0.01494608
0.73168129, -0.15558337, 0.663625
0.20822452, 0.29913121
-0.01331146, -0.00819092, -0.01281335
-0.6807459, -0.15585802, 0.71572006
0.10854448, 0.27592474
-0.01331146, -0.01429354, -0.01494608
-0.73168129, -0.15558337, 0.663625
0.10854208, 0.29915071
0.01292726, -0.00819092, -0.01281335
0.6807459, -0.15585802, 0.71572006
0.05464407, 0.81580675
0.01292726, -0.01429354, -0.01494608
0.73168129, -0.15558337, 0.663625
0.03056079, 0.82052192
0.01292726, -0.01412731, -0.0187421
0.68474382, -0.16473891, -0.7098605
0.02917203, 0.83465573
0.01292726, -0.01412731, -0.0187421
0.68474382, -0.16473891, -0.7098605
0.72982568, 0.2258051
-0.01331146, -0.02227846, -0.01594436
-0.54033023, -0.83697015, 0.08661153
0.69816124, 0.3238731
-0.01331146, -0.01412731, -0.0187421
-0.68474382, -0.16473891, -0.7098605
0.72982562, 0.32387364
0.01292726, -0.00597618, -0.01260764
0.76161993, -0.18247017, 0.62175357
0.20822555, 0.26759714
0.01292726, -0.00819092, -0.01281335
0.6807459, -0.15585802, 0.71572006
0.20822692, 0.27590525
0.01292726, -0.02227845, -0.01594436
0.54033023, -0.83697015, 0.08661153
0.20822841, 0.32913935
-0.01331146, -0.02227846, -0.01594436
-0.54033023, -0.83697015, 0.08661153
0.10854597, 0.32915884
0.01292726, -0.00597618, -0.01977029
0.8519547, -0.33732107, -0.40043336
0.76099563, 0.22580522
-0.01331146, -0.00597618, -0.01977029
-0.8519547, -0.33732107, -0.40043336
0.76099563, 0.32387376
-0.01331147, 0.05495433, -0.01299102
-0.85882139, 0.49305704, 0.13882869
0.59127527, 0.65928653
-0.01063615, 0.05282978, -0.00419277
-0.52531511, 0.79293191, 0.30860317
0.58816463, 0.69271713
-0.01063615, 0.05681298, -0.01299103
-0.56788844, 0.6692099, 0.47917113
0.59847879, 0.6580905
0.01292725, 0.03122732, 0.07118522
0.72167116, 0.14242989, 0.67738885
0.24746019, 0.52548945
0.01292726, -0.0063135, 0.07047825
0.70586258, -0.45170447, 0.54557937
0.1058948, 0.50856179
0.01292726, 0.01378312, 0.00771397
0.91586047, -0.40116581, -0.01504563
0.14817859, 0.75128466
0.01292726, 0.01545545, -0.05264855
0.90450758, 0.30149236, -0.30149236
0.1224433, 0.97552806
0.01292725, 0.01016933, -0.00785994
0.9436323, -0.25113681, 0.21549119
0.12632464, 0.80703489
0.01292726, 0.00165073, -0.04318875
0.6598407, -0.63878292, -0.39561144
0.0755428, 0.9333351
-0.01063615, 0.05681298, -0.01299103
-0.56788844, 0.6692099, 0.47917113
0.47861329, 0.18801403
0.01033429, 0.05282979, -0.00419277
0.53138828, 0.78960538, 0.30674154
0.55827719, 0.22220045
0.01033429, 0.05681299, -0.01299103
0.57387006, 0.66472363, 0.47831661
0.55828124, 0.18800759
0.01292724, 0.05495434, -0.01299102
0.86272776, 0.4867397, 0.13681448
0.29203784, 0.8493377
0.01033429, 0.05282979, -0.00419277
0.53138828, 0.78960538, 0.30674154
0.28892294, 0.81584573
0.01292725, 0.04770971, -0.00650966
0.9848628, 0.15109713, 0.08465835
0.26822957, 0.82158172
-0.01331146, 0.01016933, -0.00785994
-0.9436323, -0.25113681, 0.21549119
0.42556018, 0.70156139
-0.01331147, 0.05495433, -0.0197703
-0.90905482, 0.40891752, 0.07971434
0.58767951, 0.63420185
-0.01331146, 0.01545544, -0.05264855
-0.90450758, 0.30149236, -0.30149236
0.42168513, 0.53308553
0.00418102, 0.00423913, -0.00554306
0.25376141, -0.73442793, 0.62941372
0.17501585, 0.22798115
-0.00456522, 0.00423913, -0.00554306
-0.25376141, -0.73442793, 0.62941372
0.14178838, 0.22798759
0.01292726, -0.0063135, 0.07047825
0.70586258, -0.45170447, 0.54557937
0.59847885, 0.30623591
0.01292725, 0.03122732, 0.07118522
0.72167116, 0.14242989, 0.67738885
0.59847885, 0.44646937
-0.01331146, -0.00631351, 0.07047825
-0.70586258, -0.45170447, 0.54557937
0.69816124, 0.30623984
-0.01331146, 0.01378311, 0.00771397
-0.91586047, -0.40116581, -0.01504563
0.44741201, 0.7573088
-0.01331147, 0.0477097, -0.00650966
-0.98400831, 0.15527818, 0.08700827
0.5674659, 0.68703622
-0.01063615, 0.05282978, -0.00419277
-0.52531511, 0.79293191, 0.30860317
0.47860926, 0.22220695
0.0103343, 0.0363474, 0.0711852
0.41294596, 0.61409342, 0.67253637
0.55828118, 0.50863472
0.00418102, 0.00785291, 0.00771397
0.31431013, -0.94888151, -0.02826014
0.41215396, 0.26900029
0.01292726, -0.0063135, 0.07047825
0.70586258, -0.45170447, 0.54557937
0.37892678, 0.50694609
0.00418102, -0.01224371, 0.07047825
0.23603015, -0.81350136, 0.53144932
0.4121559, 0.50864094
-0.01331147, 0.03122731, 0.07118522
-0.72154909, 0.14661092, 0.67662585
0.54668528, 0.98309422
-0.01063614, 0.03634739, 0.0711852
-0.40787989, 0.61616868, 0.67372662
0.56615508, 0.98020214
0.01292725, 0.01016933, -0.00785994
0.9436323, -0.25113681, 0.21549119
0.37892672, 0.21030015
0.00418102, 0.00423913, -0.00554306
0.25376141, -0.73442793, 0.62941372
0.41215575, 0.2206291
-0.01331146, 0.01016933, -0.00785994
-0.9436323, -0.25113681, 0.21549119
0.4786092, 0.21030104
-0.00456522, 0.0078529, 0.00771397
-0.31431013, -0.94888151, -0.02826014
0.44538146, 0.26900059
-0.01331146, 0.01378311, 0.00771397
-0.91586047, -0.40116581, -0.01504563
0.4786073, 0.26730639
-0.00456522, 0.00423913, -0.00554306
-0.25376141, -0.73442793, 0.62941372
0.44538322, 0.22062939
-0.01331146, -0.00631351, 0.07047825
-0.70586258, -0.45170447, 0.54557937
0.47860923, 0.50694701
-0.00456522, -0.01224371, 0.07047825
-0.23603015, -0.81350136, 0.53144932
0.4453834, 0.50864124
-0.00754468, 0.09412986, -0.01299103
-0.70708334, -0.70708334, 0.0
0.79784369, 0.46557826
0.00724281, 0.09412988, 0.01283474
0.90450758, -0.30149236, -0.30149236
0.85402226, 0.36933529
-0.00754468, 0.09412986, 0.01283474
-0.90450758, -0.30149236, -0.30149236
0.79784369, 0.36933559
-0.00754468, 0.09705672, 0.01558281
-0.57734919, 0.57734919, 0.57734919
0.8171742, 0.21759921
0.00724281, 0.09705672, -0.01299103
0.70708334, 0.70708334, 0.0
0.76099563, 0.32387054
-0.00754468, 0.09705672, -0.01299103
-0.70708334, 0.70708334, 0.0
0.8171742, 0.32387376
-0.00754466, 0.04904409, 0.01558282
-0.57734919, -0.57734919, 0.57734919
0.21707447, 0.50855842
0.00724281, 0.09705672, 0.01558281
0.57734919, 0.57734919, 0.57734919
0.27325308, 0.32940352
-0.00754468, 0.09705672, 0.01558281
-0.57734919, 0.57734919, 0.57734919
0.21707453, 0.32940018
-0.00754468, 0.09412986, 0.01283474
-0.90450758, -0.30149236, -0.30149236
0.11898005, 0.49762076
-0.00754466, 0.04904409, 0.01558282
-0.57734919, -0.57734919, 0.57734919
0.10854209, 0.32916367
-0.00754468, 0.09705672, 0.01558281
-0.57734919, 0.57734919, 0.57734919
0.10854208, 0.50856176
-0.00754468, 0.09412986, 0.01283474
-0.90450758, -0.30149236, -0.30149236
0.21707448, 0.32939994
0.00724284, 0.04904409, 0.01283475
0.57734919, -0.57734919, -0.57734919
0.27325302, 0.16134572
-0.00754466, 0.04904409, 0.01283475
-0.57734919, -0.57734919, -0.57734919
0.21707447, 0.16134548
-0.01063615, 0.0963961, -0.01299103
-0.67448956, 0.11197241, 0.72969759
0.59847885, 0.61349168
0.00724284, 0.04904409, 0.01558282
0.57734919, -0.57734919, 0.57734919
0.10854202, 0.32916105
0.00724284, 0.04904409, 0.01283475
0.57734919, -0.57734919, -0.57734919
0.09810305, 0.32915753
0.00724281, 0.09412988, 0.01283474
0.90450758, -0.30149236, -0.30149236
0.09810312, 0.49762201
-0.00754466, 0.04904409, 0.01283475
-0.57734919, -0.57734919, -0.57734919
0.09510978, 0.27388853
0.00724284, 0.04904409, 0.01558282
0.57734919, -0.57734919, 0.57734919
0.10551928, 0.32915759
-0.00754466, 0.04904409, 0.01558282
-0.57734919, -0.57734919, 0.57734919
0.10551928, 0.27388853
0.01033428, 0.0963961, -0.01299103
0.67448956, 0.11197241, 0.72969759
0.90031755, 0.61351845
0.01033429, 0.05681299, -0.0197703
0.87405014, 0.45533615, 0.16925566
0.87456548, 0.46560621
0.01292722, 0.19819698, -0.02917682
0.75362408, 0.59819329, 0.2723777
0.79784369, 0.42886263
-0.0133115, 0.19819695, -0.02917682
-0.76409191, 0.59852898, 0.2405469
0.69816124, 0.42886263
-0.01063617, 0.19350784, -0.01977032
-0.4990997, 0.42103335, 0.75734735
0.70831662, 0.46557826
-0.00588851, 0.17858869, -0.04122727
0.77636033, 0.63023776, 0.0
0.81002188, 0.32822782
0.00426551, 0.17858869, -0.03702134
-0.54896694, 0.63023776, -0.54896694
0.81002188, 0.36927736
0.00600766, 0.17858869, -0.04122727
-0.77636033, 0.63023776, 0.0
0.82724446, 0.36933529
0.00217893, 0.18740338, -0.05264858
0.06704917, -0.10779138, -0.99188209
0.95916665, 0.95392162
-0.00197593, 0.19734754, -0.05731981
-0.66118354, -0.16339611, -0.73216957
0.94338083, 0.99227111
0.00217893, 0.19734754, -0.05731981
0.66118354, -0.16339611, -0.73216957
0.95916539, 0.99227116
0.00217893, 0.19905563, -0.05731981
0.58561969, 0.52870268, -0.61439866
0.95916539, 0.99863794
-0.00197593, 0.19905563, -0.05731981
-0.58561969, 0.52870268, -0.61439866
0.94338083, 0.99863788
-0.00197593, 0.19976, -0.05264858
-0.27167577, 0.89858699, -0.34449294
0.74741286, 0.17963427
-0.00197593, 0.19734754, -0.05731981
-0.66118354, -0.16339611, -0.73216957
0.72967005, 0.18865669
-0.00197592, 0.18740338, -0.05264858
-0.06494339, -0.10773034, -0.99203467
0.74741286, 0.22580451
0.00217893, 0.19976, -0.05264858
0.27167577, 0.89858699, -0.34449294
0.27325308, 0.21351427
0.00217893, 0.19734754, -0.05731981
0.66118354, -0.16339611, -0.73216957
0.29099745, 0.22253454
0.00217893, 0.19905563, -0.05731981
0.58561969, 0.52870268, -0.61439866
0.29099745, 0.21615219
0.00217893, 0.19976, -0.05264858
0.27167577, 0.89858699, -0.34449294
0.75700861, 0.34098756
-0.00197593, 0.19905563, -0.05731981
-0.58561969, 0.52870268, -0.61439866
0.74122149, 0.32387376
-0.00197593, 0.19976, -0.05264858
-0.27167577, 0.89858699, -0.34449294
0.74122405, 0.34098756
-0.00456522, 0.01545544, -0.05412683
0.30149236, 0.90450758, -0.30149236
0.6967774, 0.28410876
-0.00456522, 0.01103075, -0.05705095
0.57734919, -0.57734919, -0.57734919
0.6856696, 0.26757193
-0.00456522, 0.01545544, -0.05705096
0.57734919, 0.57734919, -0.57734919
0.6856696, 0.284105
0.00418102, 0.01545544, -0.05412683
-0.30149236, 0.90450758, -0.30149236
0.42891741, 0.17761058
-0.00456522, 0.01103075, -0.05412683
0.30149236, -0.90450758, -0.30149236
0.41215324, 0.21030015
-0.00456522, 0.01545544, -0.05412683
0.30149236, 0.90450758, -0.30149236
0.42891741, 0.21030009
-0.01331145, 0.01103074, -0.05705095
-0.57734919, -0.57734919, -0.57734919
0.40270874, 0.51909664
-0.01331145, 0.01103074, -0.05264855
-0.80361336, -0.55027926, -0.22656941
0.40504381, 0.53538644
0.01292726, 0.01103075, -0.05264855
0.80361336, -0.55027926, -0.22656941
0.63703638, 0.18603784
0.00418102, 0.01103075, -0.05412683
-0.30149236, -0.90450758, -0.30149236
0.64263594, 0.21872735
0.01292726, 0.01545545, -0.05705096
0.57734919, 0.57734919, -0.57734919
0.27325308, 0.21351427
0.00418102, 0.01103075, -0.05705095
-0.57734919, -0.57734919, -0.57734919
0.29001725, 0.18082464
0.00418102, 0.01545544, -0.05705096
-0.57734919, 0.57731867, -0.57734919
0.27325311, 0.18082476
-0.00456522, 0.01545544, -0.05705096
0.57734919, 0.57734919, -0.57734919
0.80926687, 0.18490636
-0.01331145, 0.01103074, -0.05705095
-0.57734919, -0.57734919, -0.57734919
0.79250264, 0.21759599
-0.01331146, 0.01545544, -0.05705096
-0.57734919, 0.57734919, -0.57734919
0.80926687, 0.21759588
-0.00456522, 0.01545544, -0.05412683
0.30149236, 0.90450758, -0.30149236
0.28430775, 0.32506448
-0.01331146, 0.01545544, -0.05264855
-0.90450758, 0.30149236, -0.30149236
0.2898964, 0.35775369
0.01292726, 0.01545545, -0.05264855
0.90450758, 0.30149236, -0.30149236
0.2898964, 0.25968516
0.00418102, 0.01545544, -0.05412683
-0.30149236, 0.90450758, -0.30149236
0.10621655, 0.2573505
0.00418102, 0.01103075, -0.05705095
-0.57734919, -0.57734919, -0.57734919
0.09510978, 0.27388847
0.00418102, 0.01103075, -0.05412683
-0.30149236, -0.90450758, -0.30149236
0.10621655, 0.27388328
0.01292726, 0.01103075, -0.05705095
0.57734919, -0.57734919, -0.57734919
0.10346642, 0.98951573
0.01292726, 0.01545545, -0.05705096
0.57734919, 0.57734919, -0.57734919
0.12010762, 0.99181926
-0.0085765, 0.19975999, -0.0496554
-0.63792843, 0.57072663, 0.51698357
0.57003081, 0.08909959
-0.00804906, 0.08766355, -0.05272201
-0.51286358, -0.5648976, -0.64638203
0.55828124, 0.50790185
-0.00857648, 0.0874773, -0.04963908
-0.63307595, -0.58836633, 0.50297558
0.57003081, 0.50864124
0.01292726, 0.01545545, -0.05264855
0.90450758, 0.30149236, -0.30149236
1.0, 0.31299621
-0.01331146, 0.01545544, -0.05264855
-0.90450758, 0.30149236, -0.30149236
0.90031761, 0.31299567
-0.00613076, 0.06392517, -0.05264856
-0.29081088, 0.15463729, -0.94418162
0.92759752, 0.49366385
-0.00665818, 0.08747733, -0.04956561
-0.80669576, 0.45466477, 0.37745291
0.28989643, 0.27610356
-0.00804906, 0.08766355, -0.05272201
-0.51286358, -0.5648976, -0.64638203
0.29712695, 0.26533151
-0.00613077, 0.08766359, -0.05264856
-0.20273446, -0.1686758, -0.96456802
0.2898964, 0.26439428
-0.0085765, 0.19975999, -0.0496554
-0.63792843, 0.57072663, 0.51698357
0.58176947, 0.08966392
-0.00665818, 0.08747733, -0.04956561
-0.80669576, 0.45466477, 0.37745291
0.58905745, 0.50862589
-0.0066582, 0.19976, -0.04958195
-0.28919339, 0.93591112, 0.20105594
0.58905745, 0.0896486
0.00874663, 0.19975999, -0.04962988
0.63206887, 0.57057405, 0.52430797
0.58176947, 0.50860006
0.00824943, 0.08766356, -0.0526965
0.5200659, -0.5648976, -0.64061403
0.57003081, 0.08978927
0.00824941, 0.19975999, -0.05269651
0.51887572, 0.58607745, -0.62227243
0.57009268, 0.50864124
0.00683103, 0.08747733, -0.04956561
0.79363382, 0.46119571, 0.3967101
0.58905745, 0.50863048
0.00874663, 0.19975999, -0.04962988
0.63206887, 0.57057405, 0.52430797
0.59633482, 0.08966398
0.00683101, 0.19976, -0.04958195
0.28699607, 0.93548387, 0.20609149
0.58905751, 0.08965319
0.00824943, 0.08766356, -0.0526965
0.5200659, -0.5648976, -0.64061403
0.6856696, 0.25588113
0.00683103, 0.08747733, -0.04956561
0.79363382, 0.46119571, 0.3967101
0.69288349, 0.26661015
0.00633381, 0.08766359, -0.05264856
0.2120426, -0.17307046, -0.9617908
0.69288349, 0.25491929
0.0042655, 0.19974776, -0.0454332
-0.42136905, 0.8031556, 0.42112491
0.76493716, 0.36782813
0.00683101, 0.19976, -0.04958195
0.28699607, 0.93548387, 0.20609149
0.77468282, 0.35239327
5.957e-05, 0.19974776, -0.04717536
0.0, 0.80336922, 0.59544665
0.74895823, 0.36134857
0.00683103, 0.08747733, -0.04956561
0.79363382, 0.46119571, 0.3967101
0.21630804, 0.31759268
0.01221905, 0.08617353, -0.03896054
0.74129462, 0.66969818, -0.04412977
0.20882857, 0.27348679
0.00964268, 0.08691856, -0.04773621
0.73589283, 0.61561936, -0.28177741
0.20822841, 0.30777556
5.957e-05, 0.19974776, -0.03527919
0.0, 0.80291146, -0.59608752
0.74896085, 0.40559393
-0.00414636, 0.19974776, -0.03702135
0.42069766, 0.80364388, -0.42085025
0.73298186, 0.39911437
-0.01245977, 0.19976, -0.03231233
-0.66823328, 0.74388868, 0.00338755
0.7013998, 0.41662413
5.957e-05, 0.19974776, -0.03527919
0.0, 0.80291146, -0.59608752
0.6696915, 0.28363007
-0.00414635, 0.17858869, -0.03702134
0.54896694, 0.63023776, -0.54896694
0.65371245, 0.20523936
-0.00414636, 0.19974776, -0.03702135
0.42069766, 0.80364388, -0.42085025
0.65371245, 0.28410858
5.958e-05, 0.17858869, -0.04717536
0.0, 0.63023776, 0.77636033
0.01598552, 0.15176225
0.0042655, 0.19974776, -0.0454332
-0.42136905, 0.8031556, 0.42112491
0.0, 0.23108703
5.957e-05, 0.19974776, -0.04717536
0.0, 0.80336922, 0.59544665
0.01598552, 0.230717
-0.00414635, 0.17858869, -0.03702134
0.54896694, 0.63023776, -0.54896694
0.06391088, 0.15188068
-0.00588851, 0.19974776, -0.04122727
0.59581286, 0.80309457, 0.00057985
0.04783702, 0.23108894
-0.00414636, 0.19974776, -0.03702135
0.42069766, 0.80364388, -0.42085025
0.06391087, 0.23094231
0.00426551, 0.17858869, -0.0454332
-0.54896694, 0.63023776, 0.54896694
0.09586176, 0.15186495
0.00600766, 0.19974776, -0.04122727
-0.59584337, 0.80306405, 0.00054933
0.08001744, 0.23108894
0.0042655, 0.19974776, -0.0454332
-0.42136905, 0.8031556, 0.42112491
0.09586176, 0.23092544
-0.00588851, 0.17858869, -0.04122727
0.77636033, 0.63023776, 0.0
0.04783703, 0.15202731
-0.00414636, 0.19974776, -0.0454332
0.42139959, 0.8031556, 0.42112491
0.03195716, 0.23093158
0.00600766, 0.17858869, -0.04122727
-0.77636033, 0.63023776, 0.0
0.08001744, 0.15202838
0.0042655, 0.19974776, -0.03702135
-0.42069766, 0.80364388, -0.42085025
0.06391088, 0.23094034
-0.00414636, 0.19974776, -0.0454332
0.42139959, 0.8031556, 0.42112491
0.03195715, 0.23108894
0.00426551, 0.17858869, -0.03702134
-0.54896694, 0.63023776, -0.54896694
0.6856696, 0.20523953
0.0042655, 0.19974776, -0.03702135
-0.42069766, 0.80364388, -0.42085025
0.6856696, 0.28410876
-0.01063615, 0.05681298, -0.01299103
-0.56788844, 0.6692099, 0.47917113
0.29924583, 0.50863081
-0.0066582, 0.19976, -0.04958195
-0.28919339, 0.93591112, 0.20105594
0.73776191, 1.0
-0.01245975, 0.05945496, -0.03192073
-0.73400068, 0.67751092, 0.04660176
0.84121782, 0.24512976
-0.009373, 0.0624351, -0.04813055
-0.68257695, 0.71080661, -0.16971344
0.82949269, 0.30651927
-0.00613076, 0.06392517, -0.05264856
-0.29081088, 0.15463729, -0.94418162
0.8171742, 0.32387376
0.00633381, 0.06392518, -0.05264856
0.30072939, 0.16147344, -0.93990904
0.27325308, 0.35775465
0.00964269, 0.06243512, -0.04767094
0.70250559, 0.69298381, -0.16187018
0.28582212, 0.37681729
0.01221905, 0.06094504, -0.03883001
0.89483321, 0.44630268, -0.00354015
0.29560962, 0.41024876
0.0123005, 0.05945497, -0.03192073
0.72969759, 0.6797998, 0.07339702
0.29591814, 0.43649614
0.01033429, 0.05681299, -0.0197703
0.87405014, 0.45533615, 0.16925566
0.28844675, 0.4826622
0.01292722, 0.19819698, -0.02917682
0.75362408, 0.59819329, 0.2723777
0.83897775, 0.99365376
-0.00613077, 0.08766359, -0.05264856
-0.20273446, -0.1686758, -0.96456802
0.74944967, 0.58119601
0.0123005, 0.05945497, -0.03192073
0.72969759, 0.6797998, 0.07339702
0.82851964, 0.47529095
-0.0133115, 0.19819695, -0.02917682
-0.76409191, 0.59852898, 0.2405469
0.65975612, 0.99360003
0.01292726, 0.00165073, -0.04318875
0.6598407, -0.63878292, -0.39561144
0.00418514, 0.32915759
-0.01245975, 0.08542849, -0.03211652
-0.98193306, 0.04760887, -0.18305002
0.29800093, 0.35775465
-0.00613077, 0.08766359, -0.05264856
-0.20273446, -0.1686758, -0.96456802
0.29622611, 0.27704078
0.01292726, -0.00597618, -0.01977029
0.8519547, -0.33732107, -0.40043336
0.09510811, 0.32915747
-0.00456522, 0.00165072, -0.04318875
-0.62764364, -0.30329296, -0.71694082
0.00418626, 0.26377857
0.00418103, -0.00499467, -0.04633795
0.61833555, -0.01959288, -0.78563797
0.41215232, 0.18639511
-0.00456521, -0.00499467, -0.04633795
-0.61833555, -0.01959288, -0.78563797
0.78196281, 0.21759599
0.00418102, -0.00303422, -0.02941463
0.09924619, -0.98178047, -0.1619007
0.72967005, 0.22580451
-0.01063617, 0.19350784, -0.01977032
-0.4990997, 0.42103335, 0.75734735
0.29925689, 6e-08
-0.01331147, 0.05495433, -0.01299102
-0.85882139, 0.49305704, 0.13882869
0.84445393, 0.17306381
-0.01331146, -0.00819092, -0.01281335
-0.6807459, -0.15585802, 0.71572006
0.35387981, 0.69278032
-0.01331146, -0.00597618, -0.01260764
-0.76161993, -0.18247017, 0.62175357
0.36231855, 0.69238982
-0.01331146, -0.00597618, -0.01977029
-0.8519547, -0.33732107, -0.40043336
0.35851941, 0.66588655
0.01292726, -0.00597618, -0.01977029
0.8519547, -0.33732107, -0.40043336
0.0592827, 0.84270401
0.01292726, -0.00597618, -0.01260764
0.76161993, -0.18247017, 0.62175357
0.06308287, 0.8161985
0.01292726, -0.02227845, -0.01594436
0.54033023, -0.83697015, 0.08661153
0.0, 0.82005912
0.01292726, -0.02227845, -0.01594436
0.54033023, -0.83697015, 0.08661153
0.69816136, 0.22580451
-0.01331146, -0.00597618, -0.01260764
-0.76161993, -0.18247017, 0.62175357
0.10854313, 0.26761663
0.01292726, 0.01103075, -0.05264855
0.80361336, -0.55027926, -0.22656941
0.10580207, 0.97322455
0.01292725, 0.06246248, -0.05264856
0.62504959, 0.54817349, -0.55565047
0.29923579, 1.0
0.01292724, 0.05495434, -0.0197703
0.91183203, 0.40293589, 0.07843257
0.28844109, 0.87442455
0.01292726, -0.00303421, -0.02941463
0.70354319, -0.67632067, -0.21811579
0.06523067, 0.8799247
0.01033429, 0.05681299, -0.01299103
0.57387006, 0.66472363, 0.47831661
0.29923579, 0.85047749
-0.01331146, 0.00165071, -0.04318875
-0.6598407, -0.63878292, -0.39561144
0.37478295, 0.57526734
-0.01331146, -0.00303422, -0.02941463
-0.70354319, -0.67632067, -0.21811579
0.36446878, 0.62867066
-0.01331147, 0.06246246, -0.05264856
-0.61836606, 0.56004518, -0.55131686
0.59847885, 0.50864121
-0.01331146, 0.01016933, -0.00785994
-0.9436323, -0.25113681, 0.21549119
0.10854598, 0.20635903
0.01292725, 0.01016933, -0.00785994
0.9436323, -0.25113681, 0.21549119
0.20822841, 0.20633954
-0.01063614, 0.03634739, 0.0711852
-0.40787989, 0.61616868, 0.67372662
0.68799794, 0.46557826
-0.01331147, 0.03122731, 0.07118522
-0.72154909, 0.14661092, 0.67662585
0.69816124, 0.44647324
-0.00456522, -0.01224371, 0.07047825
-0.23603015, -0.81350136, 0.53144932
0.66493332, 0.28411013
0.00418102, -0.01224371, 0.07047825
0.23603015, -0.81350136, 0.53144932
0.63170588, 0.28410876
0.0103343, 0.0363474, 0.0711852
0.41294596, 0.61409342, 0.67253637
0.60833001, 0.46557516
0.0103343, 0.0363474, 0.0711852
0.41294596, 0.61409342, 0.67253637
0.26692429, 0.52832711
-0.01331146, -0.00631351, 0.07047825
-0.70586258, -0.45170447, 0.54557937
0.40511906, 1.0
-0.01063614, 0.03634739, 0.0711852
-0.40787989, 0.61616868, 0.67372662
0.47861329, 0.50864124
0.01292726, 0.01378312, 0.00771397
0.91586047, -0.40116581, -0.01504563
0.37892482, 0.26730549
0.00724281, 0.09412986, -0.01299103
0.70708334, -0.70708334, 0.0
0.85402226, 0.46557796
0.00724281, 0.09705672, 0.01558281
0.57734919, 0.57734919, 0.57734919
0.76099563, 0.21759599
0.00724284, 0.04904409, 0.01558282
0.57734919, -0.57734919, 0.57734919
0.27325302, 0.50856176
-0.00754468, 0.09705672, -0.01299103
-0.70708334, 0.70708334, 0.0
0.21707447, 0.5085111
-0.00754468, 0.09412986, -0.01299103
-0.70708334, -0.70708334, 0.0
0.21707447, 0.49757499
-0.00754466, 0.04904409, 0.01283475
-0.57734919, -0.57734919, -0.57734919
0.11898008, 0.32915884
0.00724281, 0.09412988, 0.01283474
0.90450758, -0.30149236, -0.30149236
0.27325305, 0.32940024
-0.01063615, 0.05681298, -0.01299103
-0.56788844, 0.6692099, 0.47917113
0.59847885, 0.4655903
0.00724281, 0.09412986, -0.01299103
0.70708334, -0.70708334, 0.0
0.0, 0.49758899
0.00724281, 0.09705672, -0.01299103
0.70708334, 0.70708334, 0.0
0.0, 0.50852528
0.00724281, 0.09705672, 0.01558281
0.57734919, 0.57734919, 0.57734919
0.10854208, 0.50856176
0.00724284, 0.04904409, 0.01283475
0.57734919, -0.57734919, -0.57734919
0.09510979, 0.32915753
0.01033429, 0.05681299, -0.01299103
0.57387006, 0.66472363, 0.47831661
0.90031755, 0.46561486
0.01033427, 0.19350784, -0.01977032
0.50236517, 0.42085025, 0.75530261
0.78798455, 0.46557826
0.01230047, 0.19976, -0.03231233
0.67561877, 0.73686939, 0.0225837
0.79546541, 0.41662407
0.00426551, 0.17858869, -0.0454332
-0.54896694, 0.63023776, 0.54896694
0.83942264, 0.35735315
5.958e-05, 0.17858869, -0.04717536
0.0, 0.63023776, 0.77636033
0.83942264, 0.34034991
-0.00414635, 0.17858869, -0.0454332
0.54896694, 0.63023776, 0.54896694
0.8272444, 0.32828575
-0.00414635, 0.17858869, -0.03702134
0.54896694, 0.63023776, -0.54896694
0.79784369, 0.34020996
5.958e-05, 0.17858869, -0.03527919
0.0, 0.63023776, -0.77636033
0.79784369, 0.35721326
-0.00197592, 0.18740338, -0.05264858
-0.06494339, -0.10773034, -0.99203467
0.94338208, 0.95392152
-0.00197593, 0.19905563, -0.05731981
-0.58561969, 0.52870268, -0.61439866
0.72967005, 0.18227452
0.00217893, 0.18740338, -0.05264858
0.06704917, -0.10779138, -0.99188209
0.27325308, 0.25968516
0.00217893, 0.19905563, -0.05731981
0.58561969, 0.52870268, -0.61439866
0.75700599, 0.32387376
-0.00456522, 0.01103075, -0.05412683
0.30149236, -0.90450758, -0.30149236
0.6967774, 0.26757568
0.00418102, 0.01103075, -0.05412683
-0.30149236, -0.90450758, -0.30149236
0.41215321, 0.17761064
-0.01331146, 0.01545544, -0.05705096
-0.57734919, 0.57734919, -0.57734919
0.41935006, 0.51679572
-0.01331145, 0.01103074, -0.05705095
-0.57734919, -0.57734919, -0.57734919
0.65371239, 0.28410643
-0.00456522, 0.01103075, -0.05412683
0.30149236, -0.90450758, -0.30149236
0.64263594, 0.25141686
-0.00456522, 0.01103075, -0.05705095
0.57734919, -0.57734919, -0.57734919
0.65371239, 0.25141692
0.00418102, 0.01103075, -0.05705095
-0.57734919, -0.57734919, -0.57734919
0.65371239, 0.21872741
0.01292726, 0.01103075, -0.05705095
0.57734919, -0.57734919, -0.57734919
0.65371239, 0.1860379
0.01292726, 0.01103075, -0.05705095
0.57734919, -0.57734919, -0.57734919
0.29001725, 0.21351415
-0.00456522, 0.01103075, -0.05705095
0.57734919, -0.57734919, -0.57734919
0.7925027, 0.18490648
-0.00456522, 0.01545544, -0.05705096
0.57734919, 0.57734919, -0.57734919
0.27325308, 0.32506514
-0.01331146, 0.01545544, -0.05705096
-0.57734919, 0.57734919, -0.57734919
0.27325308, 0.35775465
0.01292726, 0.01545545, -0.05705096
0.57734919, 0.57734919, -0.57734919
0.27325308, 0.25968611
0.00418102, 0.01545544, -0.05412683
-0.30149236, 0.90450758, -0.30149236
0.28430778, 0.29237497
0.00418102, 0.01545544, -0.05705096
-0.57734919, 0.57731867, -0.57734919
0.27325308, 0.29237562
0.00418102, 0.01545544, -0.05705096
-0.57734919, 0.57731867, -0.57734919
0.09510978, 0.25735569
-0.00804908, 0.19975999, -0.05272203
-0.51234472, 0.58653522, -0.6272164
0.55834311, 0.08905613
0.00633379, 0.19976, -0.05264858
-0.01058992, 0.71169162, -0.70238352
0.97495121, 0.99998025
0.00824941, 0.19975999, -0.05269651
0.51887572, 0.58607745, -0.62227243
0.9822287, 0.99999332
0.00824943, 0.08766356, -0.0526965
0.5200659, -0.5648976, -0.64061403
0.9822287, 0.58216074
0.00217893, 0.19976, -0.05264858
0.27167577, 0.89858699, -0.34449294
0.95916665, 0.99998017
-0.00613079, 0.19976, -0.05264858
0.01614429, 0.71413314, -0.6997894
0.92759752, 0.99997999
-0.00197593, 0.19976, -0.05264858
-0.27167577, 0.89858699, -0.34449294
0.94338208, 0.99998008
0.00633381, 0.08766359, -0.05264856
0.2120426, -0.17307046, -0.9617908
0.97495115, 0.58214763
-0.00804908, 0.19975999, -0.05272203
-0.51234472, 0.58653522, -0.6272164
0.92030978, 1.0
0.00633381, 0.06392518, -0.05264856
0.30072939, 0.16147344, -0.93990904
0.97495115, 0.49366415
0.01292725, 0.06246248, -0.05264856
0.62504959, 0.54817349, -0.55565047
1.0, 0.48821211
-0.00613077, 0.08766359, -0.05264856
-0.20273446, -0.1686758, -0.96456802
0.92759752, 0.58214736
-0.00804906, 0.08766355, -0.05272201
-0.51286358, -0.5648976, -0.64638203
0.92030978, 0.58216736
-0.01331147, 0.06246246, -0.05264856
-0.61836606, 0.56004518, -0.55131686
0.90031755, 0.48821157
-0.00857648, 0.0874773, -0.04963908
-0.63307595, -0.58836633, 0.50297558
0.29712695, 0.27704078
-0.00857648, 0.0874773, -0.04963908
-0.63307595, -0.58836633, 0.50297558
0.58176947, 0.50864124
0.00874665, 0.08747731, -0.04961355
0.6273995, -0.58818322, 0.51023895
0.58176941, 0.0890522
0.00874665, 0.08747731, -0.04961355
0.6273995, -0.58818322, 0.51023895
0.59633482, 0.50864124
0.00874665, 0.08747731, -0.04961355
0.6273995, -0.58818322, 0.51023895
0.6856696, 0.26757193
0.00633379, 0.19976, -0.05264858
-0.01058992, 0.71169162, -0.70238352
0.77279317, 0.34098756
-0.00613079, 0.19976, -0.05264858
0.01614429, 0.71413314, -0.6997894
0.72543949, 0.34098756
-0.00804908, 0.19975999, -0.05272203
-0.51234472, 0.58653522, -0.6272164
0.71815175, 0.34071434
-0.0066582, 0.19976, -0.04958195
-0.28919339, 0.93591112, 0.20105594
0.72343647, 0.35239327
-0.0085765, 0.19975999, -0.0496554
-0.63792843, 0.57072663, 0.51698357
0.71614879, 0.3521201
-0.00588851, 0.19974776, -0.04122727
0.59581286, 0.80309457, 0.00057985
0.72636241, 0.38347125
-0.00414636, 0.19974776, -0.0454332
0.42139959, 0.8031556, 0.42112491
0.73298001, 0.36782819
0.00874663, 0.19975999, -0.04962988
0.63206887, 0.57057405, 0.52430797
0.78196037, 0.35221499
0.00824941, 0.19975999, -0.05269651
0.51887572, 0.58607745, -0.62227243
0.78007072, 0.34080929
0.00600766, 0.19974776, -0.04122727
-0.59584337, 0.80306405, 0.00054933
0.77155668, 0.38347125
0.00633381, 0.08766359, -0.05264856
0.2120426, -0.17307046, -0.9617908
0.21462631, 0.32915884
0.01230049, 0.08542849, -0.03211652
0.98760951, 0.04553362, -0.15002899
0.21630806, 0.24882972
0.0042655, 0.19974776, -0.03702135
-0.42069766, 0.80364388, -0.42085025
0.76493901, 0.39911437
5.958e-05, 0.17858869, -0.03527919
0.0, 0.63023776, -0.77636033
0.6696915, 0.20476079
0.00426551, 0.17858869, -0.0454332
-0.54896694, 0.63023776, 0.54896694
1e-08, 0.15213227
-0.00414635, 0.17858869, -0.0454332
0.54896694, 0.63023776, 0.54896694
0.03195716, 0.15186989
0.00426551, 0.17858869, -0.03702134
-0.54896694, 0.63023776, -0.54896694
0.06391089, 0.15187985
-0.00414635, 0.17858869, -0.0454332
0.54896694, 0.63023776, 0.54896694
0.03195715, 0.15213412
# Number of Faces:
292
# Face Data:
0, 1, 2
3, 4, 5
6, 7, 8
9, 10, 11
12, 13, 14
15, 16, 17
18, 19, 20
21, 22, 23
24, 25, 26
18, 27, 24
8, 15, 28
29, 30, 31
32, 28, 33
18, 20, 34
35, 36, 37
26, 38, 35
8, 39, 40
41, 23, 39
42, 43, 44
45, 46, 47
48, 31, 49
50, 48, 51
31, 52, 53
54, 55, 56
57, 58, 59
60, 61, 62
63, 54, 64
65, 66, 67
68, 2, 69
70, 71, 72
73, 74, 75
14, 76, 77
78, 79, 80
81, 82, 83
84, 85, 86
87, 79, 88
89, 80, 90
91, 86, 92
93, 94, 95
96, 97, 98
99, 100, 101
102, 103, 104
105, 106, 107
108, 109, 110
87, 111, 112
113, 114, 115
106, 96, 107
108, 116, 117
118, 119, 103
120, 121, 122
94, 123, 124
125, 120, 126
127, 128, 129
126, 128, 130
128, 131, 129
120, 132, 128
133, 134, 135
136, 137, 138
139, 140, 141
142, 143, 144
145, 146, 147
16, 148, 17
149, 150, 151
152, 153, 154
155, 156, 34
157, 158, 159
160, 161, 162
163, 164, 165
166, 164, 167
168, 169, 170
171, 172, 173
174, 175, 176
177, 178, 179
180, 181, 182
110, 183, 184
185, 3, 186
187, 188, 189
190, 191, 192
193, 194, 195
196, 197, 198
99, 199, 200
201, 202, 203
204, 205, 206
207, 208, 209
210, 211, 212
213, 214, 215
216, 217, 218
219, 220, 221
222, 223, 224
225, 226, 227
228, 229, 230
231, 232, 233
234, 235, 236
237, 238, 239
240, 241, 242
243, 244, 238
245, 246, 241
247, 234, 236
248, 231, 249
0, 250, 1
3, 185, 4
6, 251, 7
70, 72, 9
9, 252, 10
253, 254, 11
70, 9, 11
10, 253, 11
12, 255, 256
257, 258, 13
12, 256, 257
13, 259, 14
12, 257, 13
17, 33, 28
28, 15, 17
18, 260, 19
21, 261, 22
24, 262, 25
24, 42, 18
260, 18, 42
27, 262, 24
28, 263, 6
6, 8, 28
40, 15, 8
29, 264, 30
32, 263, 28
34, 156, 27
27, 18, 34
35, 38, 36
26, 25, 38
8, 41, 39
41, 21, 23
42, 24, 43
47, 265, 45
45, 266, 46
267, 49, 31
51, 48, 49
31, 30, 267
50, 268, 48
31, 48, 52
54, 269, 55
57, 270, 58
60, 271, 61
63, 269, 54
67, 272, 65
65, 68, 69
69, 66, 65
68, 0, 2
70, 273, 71
274, 275, 276
276, 73, 274
75, 274, 73
14, 259, 76
78, 88, 79
83, 277, 81
278, 81, 277
82, 279, 83
84, 280, 85
87, 281, 79
89, 78, 80
91, 84, 86
93, 117, 94
98, 100, 107
107, 96, 98
101, 282, 99
99, 283, 284
284, 105, 107
107, 100, 284
278, 277, 100
285, 101, 100
99, 284, 100
100, 277, 285
102, 118, 103
105, 286, 106
184, 287, 110
288, 276, 108
275, 108, 276
117, 93, 109
109, 289, 110
110, 287, 108
288, 108, 287
117, 109, 108
290, 281, 112
87, 291, 111
112, 281, 87
292, 293, 114
115, 294, 295
295, 113, 115
114, 296, 292
293, 115, 114
106, 297, 96
123, 117, 116
116, 298, 123
118, 299, 119
120, 300, 121
94, 117, 123
125, 300, 120
127, 130, 128
126, 120, 128
128, 132, 131
120, 122, 132
133, 301, 134
136, 302, 137
139, 303, 140
304, 305, 142
142, 306, 143
144, 304, 142
145, 307, 146
16, 308, 148
309, 310, 151
311, 149, 151
151, 310, 311
152, 312, 153
155, 313, 156
159, 314, 157
157, 315, 230
230, 158, 157
162, 316, 160
317, 318, 160
160, 319, 320
320, 161, 160
316, 317, 160
163, 321, 164
166, 165, 164
168, 322, 169
171, 323, 172
174, 324, 175
177, 325, 178
180, 326, 181
110, 327, 183
3, 328, 329
328, 330, 329
331, 332, 186
3, 329, 186
186, 332, 185
187, 333, 188
190, 334, 191
193, 335, 336
195, 337, 338
337, 339, 338
193, 336, 194
195, 338, 193
196, 340, 197
99, 282, 199
201, 341, 202
342, 343, 163
343, 344, 163
163, 345, 342
346, 347, 321
163, 344, 348
349, 346, 321
321, 163, 348
350, 351, 204
321, 348, 352
353, 349, 321
352, 353, 321
350, 204, 206
352, 348, 350
205, 354, 206
206, 352, 350
207, 355, 208
210, 356, 211
213, 357, 214
216, 358, 217
219, 359, 220
360, 174, 223
361, 362, 363
174, 176, 224
362, 364, 363
363, 230, 365
363, 365, 366
176, 361, 363
367, 368, 223
369, 315, 223
223, 368, 360
176, 363, 224
363, 366, 224
369, 223, 222
174, 224, 223
227, 370, 225
225, 371, 226
315, 369, 372
315, 372, 228
229, 365, 230
230, 315, 228
231, 373, 232
234, 374, 235
237, 243, 238
240, 245, 241
243, 375, 244
245, 376, 246
247, 377, 234
248, 373, 231
