# Project Zomboid Skinned Mesh
# File Version:
1.0
# Model Name:
Cube
# Vertex Stride Element Count:
3
# Vertex Stride Size (in bytes):
76
# Vertex Stride Data:
# (Int)    Offset
# (String) Type
0
VertexArray
12
NormalArray
24
TextureCoordArray
# Vertex Count:
514
# Vertex Buffer:
0.00573091, 0.14515677, -0.01955252
0.72542495, 0.0, 0.6882534
0.62218231, 0.99999996
0.00063526, 0.39353874, -0.01706976
-0.00125126, 0.62025821, 0.78435624
0.60937983, 0.37059903
0.00063525, 0.14515677, -0.01706976
-0.00158696, 0.0, 0.99996948
0.60937983, 0.99999781
0.00063527, 0.39353874, -0.0323675
-0.0013123, 0.61525315, -0.78829312
0.63521409, 0.37093371
0.00573092, 0.14515677, -0.02967474
0.7314676, 0.0, -0.68184453
0.62218237, 0.99979296
0.00063526, 0.14515677, -0.0323675
-0.00167852, 0.0, -0.99996948
0.63521397, 1.0
0.00573092, 0.14515677, -0.02967474
0.7314676, 0.0, -0.68184453
0.69854236, 0.99999962
0.00791992, 0.39353874, -0.02471863
0.77840513, 0.62767416, -0.00585955
0.68613738, 0.37060106
0.0079199, 0.14515677, -0.02471863
0.99996948, 0.0, -0.00753807
0.68613744, 1.0
-0.00441908, 0.14515677, -0.01955252
-0.72420424, 0.0, 0.6895352
0.67310768, 1.0
-0.00664938, 0.39353874, -0.02471863
-0.77932066, 0.62657553, -0.00595111
0.6600951, 0.37059897
-0.00664939, 0.14515677, -0.02471863
-0.99996948, 0.0, -0.00762963
0.6600951, 0.99999777
-0.00441907, 0.39353874, -0.02967474
-0.56047243, 0.64104128, -0.52430797
0.64767247, 0.37060118
-0.00441908, 0.14515677, -0.02967474
-0.7302469, 0.0, -0.68312633
0.64767247, 1.0
0.00573092, 0.39353874, -0.02967474
0.56193733, 0.64015627, -0.52381968
0.84960365, 0.60282257
-0.00441907, 0.39353874, -0.02967474
-0.56047243, 0.64104128, -0.52430797
0.87253881, 0.59157056
-0.00441908, 0.39353874, -0.01955252
-0.55833614, 0.63686025, 0.53160191
0.8615194, 0.56872681
0.00573092, 0.39353874, -0.01955252
0.55980104, 0.63600576, 0.53108311
0.67310774, 0.37060058
0.00573091, 0.14515677, -0.01955252
0.72542495, 0.0, 0.6882534
0.67310774, 0.99999955
-0.00441907, 0.39353874, -0.02967474
-0.56047243, 0.64104128, -0.52430797
0.64767241, 0.3706975
-0.00441908, 0.14515677, -0.02967474
-0.7302469, 0.0, -0.68312633
0.64767247, 0.99976397
-0.00441908, 0.39353874, -0.01955252
-0.55833614, 0.63686025, 0.53160191
0.59667689, 0.3706013
-0.00441908, 0.14515677, -0.01955252
-0.72420424, 0.0, 0.6895352
0.59667695, 1.0
0.0200922, 0.14371845, 0.00525966
-0.72295296, -0.62807095, -0.28778955
0.84915221, 0.09952343
0.0200922, 0.12819862, -0.00469155
-0.84936064, 0.48866236, 0.19937742
0.88815141, 0.12473899
0.0200922, 0.12819862, 0.00525966
-0.76888335, 0.61748099, -0.1657155
0.88815117, 0.09952307
0.01460749, 0.14131555, 0.01609528
-0.54560989, -0.59022796, -0.59486681
0.23196632, 0.13399822
0.00502663, 0.12819862, 0.02238781
-0.4844203, 0.7383343, -0.46919155
0.25547856, 0.16667372
0.00502663, 0.13979658, 0.02238781
-0.48451185, -0.78261667, -0.39078951
0.25547856, 0.13730013
0.01460749, 0.14131555, 0.01609528
-0.54560989, -0.59022796, -0.59486681
0.85518461, 0.0721435
0.01460749, 0.12556222, 0.01609528
-0.15189062, 0.98837245, 0.00323496
0.89477026, 0.0721432
-0.01390773, 0.14131555, 0.01609526
0.55656606, -0.58415478, -0.59071624
0.33690012, 0.1681549
-0.01881024, 0.12819862, 0.00525966
0.77004302, 0.62105167, -0.145909
0.36986008, 0.14080817
-0.01881024, 0.14371845, 0.00525966
0.72316658, -0.63365579, -0.2746971
0.33086112, 0.14080817
-0.01390773, 0.14131555, 0.01609526
0.55656606, -0.58415478, -0.59071624
0.15535738, 0.14698303
-0.00377211, 0.12819862, 0.02238781
0.47532579, 0.74150825, -0.47349468
0.18135977, 0.1142512
-0.01390773, 0.12556222, 0.01609526
0.15442365, 0.98797572, 0.00689718
0.15535739, 0.10708529
-0.00377211, 0.12819862, 0.02238781
0.47532579, 0.74150825, -0.47349468
0.75851327, 0.16819328
0.00502663, 0.12819862, 0.02972895
-0.80483413, 0.54954678, 0.22400586
0.73640436, 0.14976972
0.00502663, 0.12819862, 0.02238781
-0.4844203, 0.7383343, -0.46919155
0.73640341, 0.16819334
-0.01881024, 0.12819862, -0.00469156
0.84981841, 0.48817408, 0.19858395
0.36986002, 0.11559278
-0.01881024, 0.14591372, -0.00469156
0.74535358, -0.6598407, 0.09488205
0.32534474, 0.11559278
0.01460749, 0.12556222, 0.01609528
-0.15189062, 0.98837245, 0.00323496
0.7123248, 0.18306124
-0.01390773, 0.12556222, 0.01609526
0.15442365, 0.98797572, 0.00689718
0.78397918, 0.18306124
-0.00954175, 0.24011871, -0.0315682
0.1053499, 0.95843381, -0.26511428
0.91840339, 1.0
-0.00954162, 0.14832473, -0.01689451
0.57734919, 0.57734919, 0.57734919
0.95527476, 0.76739444
-0.00954162, 0.14832473, -0.0315682
0.16156499, 0.89919734, -0.40653706
0.91840339, 0.76739447
0.01382539, 0.14832473, -0.01689449
0.66603595, -0.33326212, 0.66731775
0.89914721, 0.38270432
0.01107013, 0.24011871, -0.01689449
-0.57734919, 0.57734919, 0.57734919
0.89222395, 0.1500988
0.01107026, 0.14832473, -0.01689449
-0.57734919, 0.57734919, 0.57734919
0.89222395, 0.38270432
-0.01257085, 0.14832473, -0.01689451
-0.66600543, -0.33326212, 0.66731775
0.88504279, 0.1500988
-0.00954175, 0.24011871, -0.01689451
0.57734919, 0.57734919, 0.57734919
0.87743086, 0.38270432
-0.01257098, 0.24011871, -0.01689451
0.0, 0.70708334, 0.70708334
0.88504279, 0.38270432
0.01107026, 0.14832473, -0.03100381
-0.16150396, 0.89925838, -0.4064455
0.42286831, 0.25986278
0.01107013, 0.24011871, -0.01689449
-0.57734919, 0.57734919, 0.57734919
0.45832232, 0.02725714
0.01107013, 0.24011871, -0.03100381
-0.10531937, 0.95843381, -0.26505324
0.42286831, 0.02725714
0.00860715, 0.24011871, -0.03893096
0.57179481, 0.79320657, -0.20926543
0.74636668, 0.3017658
-0.00747442, 0.24011871, -0.04191968
-0.57734919, 0.57734919, -0.57734919
0.73892868, 0.34251601
-0.00747442, 0.24011871, -0.03893096
-0.57484663, 0.79171115, -0.20661031
0.74636668, 0.34251642
-0.00377211, 0.13979658, 0.02972895
0.64058352, -0.7269814, -0.24713889
0.6344654, 0.2567634
0.00495737, 0.13284862, 0.038708
-0.61632133, -0.34385204, -0.70842618
0.65640128, 0.23258615
-0.00384138, 0.13284862, 0.038708
0.62285227, -0.34293649, -0.70314646
0.63429135, 0.23258615
0.00502663, 0.12819862, 0.02238781
-0.4844203, 0.7383343, -0.46919155
0.08201861, 0.23047018
0.00502663, 0.13979658, 0.02972895
-0.64146852, -0.7255165, -0.24918362
0.06357174, 0.25985938
0.00502663, 0.13979658, 0.02238781
-0.48451185, -0.78261667, -0.39078951
0.0820186, 0.25985932
0.00502663, 0.13979658, 0.02238781
-0.48451185, -0.78261667, -0.39078951
0.65657532, 0.27529746
-0.00377211, 0.13979658, 0.02238781
0.47590563, -0.7858516, -0.39481795
0.6344654, 0.27529746
-0.00377211, 0.13979658, 0.02238781
0.47590563, -0.7858516, -0.39481795
0.04101008, 0.10596836
-0.00377211, 0.12819862, 0.02972895
0.80257577, 0.55061495, 0.22943816
0.02256365, 0.13535756
-0.00377211, 0.12819862, 0.02238781
0.47532579, 0.74150825, -0.47349468
0.04101008, 0.13535756
-0.00384138, 0.13284862, 0.038708
0.62285227, -0.34293649, -0.70314646
0.86084658, 0.63070318
0.00495736, 0.08830396, 0.03841507
-0.65565968, 0.16562395, -0.73662525
0.83858418, 0.74353054
-0.00384138, 0.08830396, 0.03841507
0.66759241, 0.16708884, -0.72548598
0.86068082, 0.74354354
-0.00377211, 0.12819862, 0.02972895
0.80257577, 0.55061495, 0.22943816
0.75851423, 0.14976972
0.00502663, 0.12361071, 0.03434872
-0.81017488, 0.22602008, 0.54081851
0.73640054, 0.13656771
0.00502663, 0.12819862, 0.02972895
-0.80483413, 0.54954678, 0.22400586
0.06357175, 0.23047024
0.00495737, 0.13284862, 0.038708
-0.61632133, -0.34385204, -0.70842618
0.04101008, 0.24225336
-0.00384138, 0.13284862, 0.038708
0.62285227, -0.34293649, -0.70314646
0.0, 0.12357444
-0.00377212, 0.12361071, 0.03434872
0.80074465, 0.22580644, 0.55479598
0.0109553, 0.14698333
-0.00377212, 0.07906602, 0.03405577
0.53834653, 0.82164985, 0.18723105
0.86084658, 0.76729935
-0.00377212, 0.12361071, 0.03434872
0.80074465, 0.22580644, 0.55479598
0.18135977, 0.25985932
0.00502663, 0.07906602, 0.03405577
-0.54170352, 0.81966615, 0.18622394
0.1592499, 0.14698303
0.00502663, 0.12361071, 0.03434872
-0.81017488, 0.22602008, 0.54081851
0.15924984, 0.25985938
0.00502663, 0.12361071, 0.03434872
-0.81017488, 0.22602008, 0.54081851
0.05196315, 0.21884447
0.00495736, 0.08830396, 0.03841507
-0.65565968, 0.16562395, -0.73662525
0.0417462, 0.12937742
-0.00384138, 0.08830396, 0.03841507
0.66759241, 0.16708884, -0.72548598
0.00073607, 0.23645043
-0.00377212, 0.07906602, 0.03405577
0.53834653, 0.82164985, 0.18723105
0.01169144, 0.25985938
-0.00377212, 0.06228236, 0.02460242
-0.28000733, -0.92190313, 0.26767784
0.48239219, 0.25860119
0.00502662, 0.04927031, 0.07684779
0.22177801, -0.79784536, 0.56056398
0.50450206, 0.12387401
-0.00377212, 0.04927031, 0.07684779
-0.2131718, -0.79982913, 0.56102175
0.48239219, 0.12387401
0.01382539, 0.14832473, -0.01462695
0.14935759, -0.74459058, 0.65056306
0.83757162, 0.15000343
0.0200922, 0.14591372, -0.00469155
-0.74529254, -0.65977967, 0.0957976
0.8436361, 0.12473935
-0.00377212, 0.06228236, 0.02460242
-0.28000733, -0.92190313, 0.26767784
0.88338029, 0.55409518
0.00502663, 0.04948965, 0.01105477
0.08462783, -0.33094272, 0.93981749
0.86128175, 0.52166647
0.00502663, 0.06228236, 0.02460242
0.28650776, -0.91970581, 0.26837978
0.86127037, 0.55409518
-0.00377211, 0.10113147, 0.01600694
-0.12991729, 0.51344341, 0.84820092
0.57261211, 0.25986278
0.00502662, 0.08319435, 0.07684779
0.18930632, 0.63490707, 0.74901575
0.55050224, 0.10088605
0.00502663, 0.10113147, 0.01600694
0.13721122, 0.50611895, 0.85146642
0.55050224, 0.25986147
-0.00620516, 0.14832473, -0.03510252
-0.4328135, 0.88192391, 0.18662068
0.42286831, 0.02725738
0.00720221, 0.24011871, -0.03510252
0.27546006, 0.95391703, 0.11877804
0.38917729, 0.25986278
-0.00620529, 0.24011871, -0.03510252
-0.27542955, 0.95394754, 0.11874752
0.42286822, 0.25986278
0.00720221, 0.24011871, -0.03510252
0.27546006, 0.95391703, 0.11877804
0.75589448, 0.3053264
0.00720233, 0.14832473, -0.03510252
0.43290505, 0.88186288, 0.18668172
0.3192873, 0.25986212
0.01107013, 0.24011871, -0.03100381
-0.10531937, 0.95843381, -0.26505324
0.30907398, 0.02725726
0.01107026, 0.14832473, -0.03100381
-0.16150396, 0.89925838, -0.4064455
0.30907398, 0.25986278
-0.00620516, 0.14832473, -0.03510252
-0.4328135, 0.88192391, 0.18662068
0.30907395, 0.02725393
-0.00954175, 0.24011871, -0.0315682
0.1053499, 0.95843381, -0.26511428
0.30023947, 0.25986278
-0.00620529, 0.24011871, -0.03510252
-0.27542955, 0.95394754, 0.11874752
0.30907398, 0.2598595
0.01137768, 0.13909575, 0.01235642
0.3906064, -0.74938202, 0.53459275
0.11655973, 0.25452554
0.00844246, 0.13909575, 0.01543839
0.55684072, -0.75801873, 0.33957946
0.1272231, 0.25501072
-0.00686359, 0.13909575, 0.01543839
-0.55592519, -0.7556383, 0.34632406
0.15502593, 0.22821057
0.00844246, 0.13909575, -0.00724408
0.55848873, -0.76567888, -0.31900999
0.90611953, 0.99999966
0.00712691, 0.3025057, -0.0115062
0.64848781, 0.31650746, -0.69228184
0.91681129, 0.5859195
0.0084425, 0.3025057, -0.00774071
0.8077029, 0.33234656, -0.48692283
0.90737867, 0.5859195
0.01089113, 0.3025057, -0.00517497
0.50807214, 0.34589678, -0.7887814
0.9009859, 0.58591989
0.01137768, 0.13909575, -0.00416209
0.32728049, -0.77266765, -0.54393137
0.8984403, 1.0
0.00083219, 0.13909575, 0.02086267
0.0, -0.65971863, 0.75148779
0.82192409, 0.13780409
-0.00539431, 0.3025057, 0.01942272
-0.62306589, 0.32139042, 0.71303445
0.83757156, 0.55188292
-0.00539435, 0.13909575, 0.01942272
-0.52177495, -0.61415446, 0.59202856
0.83757162, 0.13780278
0.01586439, 0.13909575, -0.00289895
0.59215063, -0.60512102, -0.53205967
0.74056602, 0.56907144
0.01698574, 0.3025057, 0.00363891
0.94909513, 0.31482893, -0.00668355
0.75696909, 0.98315142
0.01698571, 0.13909575, 0.00363891
0.74147773, -0.67094946, 0.0
0.75696915, 0.56907126
0.01137768, 0.13909575, -0.00416209
0.32728049, -0.77266765, -0.54393137
0.93565983, 0.56833115
0.01565541, 0.3025057, -0.0035524
0.71413314, 0.32471693, -0.62007505
0.90746158, 0.15526628
0.01586439, 0.13909575, -0.00289895
0.59215063, -0.60512102, -0.53205967
0.92428851, 0.56872681
0.00844246, 0.13909575, 0.01543839
0.55684072, -0.75801873, 0.33957946
0.9816227, 0.5690715
0.00705876, 0.3025057, 0.01942272
0.62968838, 0.32178718, 0.70702231
0.99166495, 0.98315187
0.00705873, 0.13909575, 0.01942272
0.52812278, -0.61275065, 0.58787805
0.99166501, 0.56907171
0.01137771, 0.3025057, 0.01235642
0.55565047, 0.33771783, 0.75969726
0.97381335, 0.98315112
0.00844249, 0.3025057, 0.01543839
0.8056581, 0.33664969, 0.48738059
0.98162264, 0.98315157
0.01586443, 0.3025057, 0.01017677
0.7574389, 0.31949827, 0.56935334
0.77342194, 0.98315172
0.01586439, 0.13909575, 0.01017677
0.629017, -0.61729789, 0.47245705
0.773422, 0.56907144
0.01137768, 0.13909575, 0.01235642
0.3906064, -0.74938202, 0.53459275
0.97381335, 0.56900871
0.01586443, 0.3025057, 0.01017677
0.7574389, 0.31949827, 0.56935334
0.95527476, 0.9828208
0.01137771, 0.3025057, 0.01235642
0.55565047, 0.33771783, 0.75969726
0.96654558, 0.98302394
-0.01551554, 0.13909575, 0.00363891
-0.74657428, -0.66527301, 0.0
0.78986877, 0.56907746
-0.01419997, 0.3025057, 0.01017677
-0.75160986, 0.31867427, 0.57747126
0.773422, 0.98315625
-0.01551551, 0.3025057, 0.00363891
-0.949736, 0.3129673, 0.00070193
0.78986871, 0.98315769
-0.01420002, 0.13909575, 0.01017677
-0.62227243, -0.62007505, 0.47773674
0.97112262, 0.56872681
-0.00979877, 0.3025057, 0.0123564
-0.55864131, 0.33729056, 0.75771356
0.97489196, 0.15451199
-0.01419997, 0.3025057, 0.01017677
-0.75160986, 0.31867427, 0.57747126
0.96383238, 0.15471196
-0.00686359, 0.13909575, 0.01543839
-0.55592519, -0.7556383, 0.34632406
0.98996764, 0.56872547
-0.00979877, 0.3025057, 0.0123564
-0.55864131, 0.33729056, 0.75771356
0.98218226, 0.15464246
-0.00979881, 0.13909575, 0.0123564
-0.39326152, -0.74846643, 0.53395182
0.98218226, 0.56872252
0.00705874, 0.13909575, -0.0121449
0.56096071, -0.61152989, -0.55796993
0.83858418, 0.56886664
0.00083223, 0.3025057, -0.01331364
0.00442518, 0.32300791, -0.94637901
0.82261866, 0.98264076
0.00712691, 0.3025057, -0.0115062
0.64848781, 0.31650746, -0.69228184
0.83858418, 0.98278047
-0.00539435, 0.13909575, -0.0121449
-0.5553453, -0.61305583, -0.5618763
0.80731034, 0.56888473
0.0008322, 0.13909575, -0.01395232
0.0, -0.64793849, -0.76165044
0.82278973, 0.56872681
-0.00539435, 0.13909575, 0.01942272
-0.52177495, -0.61415446, 0.59202856
1.0, 0.56872681
-0.00686356, 0.3025057, 0.01543839
-0.8011719, 0.33573413, 0.49534592
0.98996764, 0.15464538
-0.00979881, 0.13909575, -0.0041621
-0.33014923, -0.77175206, -0.5434736
0.96383238, 0.13771999
-0.01419997, 0.3025057, -0.00289896
-0.75273901, 0.31473738, -0.57817316
0.93565983, 0.55086932
-0.00979877, 0.3025057, -0.00508789
-0.52784812, 0.33445233, -0.78066349
0.94652033, 0.55113664
-0.00686359, 0.13909575, -0.00724408
-0.55742055, -0.76418346, -0.32441175
0.88614601, 0.56907752
-0.00573686, 0.3025057, -0.01150622
-0.65962708, 0.32157353, -0.67931151
0.89668357, 0.98316056
-0.00539435, 0.13909575, -0.0121449
-0.5553453, -0.61305583, -0.5618763
0.8984403, 0.56908086
-0.0142, 0.13909575, -0.00289896
-0.58433789, -0.60673851, -0.53886533
0.80627882, 0.56907618
-0.01419997, 0.3025057, -0.00289896
-0.75273901, 0.31473738, -0.57817316
0.80627882, 0.98315618
-0.00979877, 0.3025057, -0.00508789
-0.52784812, 0.33445233, -0.78066349
0.88061219, 0.98315852
-0.00686356, 0.3025057, -0.00774072
-0.79729605, 0.34507278, -0.49516281
0.88723731, 0.98315806
0.00705873, 0.13909575, 0.01942272
0.52812278, -0.61275065, 0.58787805
0.80627894, 0.13780278
0.00083222, 0.3025057, 0.02086267
0.0, 0.32282481, 0.94644004
0.82192403, 0.5518842
-0.00974482, 0.3091543, 0.00052628
-0.53169346, 0.73290199, -0.42442092
0.79760969, 0.9999994
-0.01031402, 0.3091543, 0.00364745
-0.71065402, 0.70348215, 0.00747703
0.78977472, 1.0
0.00362884, 0.3091543, -0.00705574
0.4901883, 0.73195595, -0.47315896
0.83017784, 0.99999064
0.00083064, 0.3091543, -0.00775297
-0.00207526, 0.72115237, -0.69273967
0.8230899, 0.99993739
0.01129261, 0.3091543, 0.00669542
0.54728842, 0.72850734, 0.41193885
0.76477557, 1.0
0.01181538, 0.3091543, 0.00364745
0.71050143, 0.7035737, -0.01190222
0.75710517, 0.99999985
0.00428309, 0.3091543, 0.01240577
0.59092993, 0.72148806, 0.36085087
0.77466965, 0.08597648
0.01137771, 0.3025057, 0.01235642
0.55565047, 0.33771783, 0.75969726
0.75683558, 0.0837701
0.00836875, 0.3091543, 0.00811582
0.40797144, 0.72383803, 0.55638295
0.76440245, 0.09674275
-0.00184967, 0.3091543, 0.014777
-0.45603809, 0.73229164, 0.50569171
0.8286683, 0.5687263
0.00083064, 0.3091543, 0.01539683
0.0, 0.71956539, 0.69438767
0.82193273, 0.56872681
-0.0066141, 0.3091543, -0.00084873
-0.3897824, 0.72936183, -0.56218147
0.95416486, 0.56865418
-0.00686356, 0.3025057, -0.00774072
-0.79729605, 0.34507278, -0.49516281
0.95366359, 0.55121261
-0.00184967, 0.3091543, 0.014777
-0.45603809, 0.73229164, 0.50569171
0.98837566, 0.13780284
-0.00539431, 0.3025057, 0.01942272
-0.62306589, 0.32139042, 0.71303445
1.0, 0.15464681
-0.00196084, 0.3091543, -0.00704209
-0.47831661, 0.7332682, -0.48319957
0.81614149, 1.0
-0.00573686, 0.3025057, -0.01150622
-0.65962708, 0.32157353, -0.67931151
0.80627888, 0.9827992
0.01129261, 0.3091543, 0.00669542
0.54728842, 0.72850734, 0.41193885
0.96646851, 0.99986769
0.01117422, 0.3091543, 0.00047436
0.51249731, 0.73958558, -0.4362621
0.74914622, 1.0
0.01565541, 0.3025057, -0.0035524
0.71413314, 0.32471693, -0.62007505
0.73892862, 0.98315172
0.00362884, 0.3091543, -0.00705574
0.4901883, 0.73195595, -0.47315896
0.90555131, 0.56907108
0.00345509, 0.3091543, 0.01478991
0.46028015, 0.73339027, 0.50022888
0.81533831, 0.56872621
0.00705876, 0.3025057, 0.01942272
0.62968838, 0.32178718, 0.70702231
0.80627888, 0.55188292
-0.00974482, 0.3091543, 0.00052628
-0.53169346, 0.73290199, -0.42442092
0.94642425, 0.56844854
-0.00970397, 0.3091543, 0.00667924
-0.54469436, 0.72634053, 0.4191412
0.78214788, 0.9999994
0.00345509, 0.3091543, 0.01478991
0.46028015, 0.73339027, 0.50022888
0.98010379, 1.0
0.00428309, 0.3091543, 0.01240577
0.59092993, 0.72148806, 0.36085087
0.97409469, 0.99999985
0.01117422, 0.3091543, 0.00047436
0.51249731, 0.73958558, -0.4362621
0.91763169, 0.13763243
0.01089113, 0.3025057, -0.00517497
0.50807214, 0.34589678, -0.7887814
0.9195618, 0.15486813
0.00816694, 0.3091543, -0.00065356
0.3790704, 0.73281044, -0.56505018
0.9252789, 0.13738936
0.00418034, 0.3091543, -0.00483416
0.60502946, 0.7239601, -0.33127841
0.93565971, 0.13727778
0.0084425, 0.3025057, -0.00774071
0.8077029, 0.33234656, -0.48692283
0.92593771, 0.15479958
-0.00196084, 0.3091543, -0.00704209
-0.47831661, 0.7332682, -0.48319957
0.88540709, 1.0
-0.00262944, 0.3091543, -0.00480459
-0.5912351, 0.72423476, -0.35477766
0.879794, 0.99999857
-0.00273674, 0.3091543, 0.01237144
-0.58827478, 0.72057253, 0.36692405
0.7923094, 0.08606267
-0.00979877, 0.3025057, 0.0123564
-0.55864131, 0.33729056, 0.75771356
0.81004882, 0.08377016
-0.00686356, 0.3025057, 0.01543839
-0.8011719, 0.33573413, 0.49534592
0.80267352, 0.07603544
-0.00970397, 0.3091543, 0.00667924
-0.54469436, 0.72634053, 0.4191412
0.97482878, 0.13766813
-0.00677766, 0.3091543, 0.00812845
-0.41032135, 0.72344124, 0.55519271
0.98218226, 0.13753504
-0.00814829, 0.31061068, 0.00210716
-0.35886714, 0.89681691, -0.25858334
0.80590779, 0.11233276
-0.01031402, 0.3091543, 0.00364745
-0.71065402, 0.70348215, 0.00747703
0.8113488, 0.10795671
-0.0083994, 0.31061068, 0.00364745
-0.46589556, 0.88476211, 0.00979644
0.80653906, 0.10846716
0.00212818, 0.31061068, -0.00545064
0.31702629, 0.89443648, -0.31528673
0.7800836, 0.13130009
0.00083064, 0.3091543, -0.00775297
-0.00207526, 0.72115237, -0.69273967
0.78334242, 0.13656771
0.00083064, 0.31061068, -0.00571226
-0.00320444, 0.8933683, -0.44926298
0.78334409, 0.1319567
0.0096217, 0.31061068, 0.0053399
0.36371958, 0.89217812, 0.2677694
0.76125497, 0.10421973
0.01181538, 0.3091543, 0.00364745
0.71050143, 0.7035737, -0.01190222
0.755741, 0.10795677
0.00991198, 0.31061068, 0.00364745
0.4677572, 0.88369393, -0.0155034
0.76052535, 0.10846716
0.00266525, 0.31061068, 0.01132284
0.3612476, 0.90603352, 0.22031312
0.77873629, 0.08920473
0.00727976, 0.31061068, 0.00647761
0.24951933, 0.90606403, 0.34168524
0.76714009, 0.10136449
-0.00046555, 0.31061068, 0.01308302
-0.29960021, 0.89407027, 0.33286539
0.78660375, 0.08478731
0.00083064, 0.3091543, 0.01539683
0.0, 0.71956539, 0.69438767
0.78334552, 0.07847011
0.00083064, 0.31061068, 0.01338277
0.0, 0.89178139, 0.45240638
0.78334665, 0.0840351
-0.00098039, 0.31061068, -0.00375444
-0.3589282, 0.90844446, -0.2141789
0.7878952, 0.12704325
-0.0066141, 0.3091543, -0.00084873
-0.3897824, 0.72936183, -0.56218147
0.80205083, 0.11924052
-0.00564086, 0.31061068, 0.00091104
-0.24195075, 0.90847498, -0.34073916
0.79960686, 0.11533463
-0.00184967, 0.3091543, 0.014777
-0.45603809, 0.73229164, 0.50569171
0.79008067, 0.08002567
-0.00047987, 0.31061068, -0.00543127
-0.30823696, 0.89440596, -0.32401502
0.78663725, 0.13125151
-0.00196084, 0.3091543, -0.00704209
-0.47831661, 0.7332682, -0.48319957
0.79035705, 0.13478363
0.01129261, 0.3091543, 0.00669542
0.54728842, 0.72850734, 0.41193885
0.75705504, 0.1003074
0.00954124, 0.31061068, 0.00205104
0.33930477, 0.89812922, -0.27958006
0.76145673, 0.11247361
0.01117422, 0.3091543, 0.00047436
0.51249731, 0.73958558, -0.4362621
0.7573517, 0.11592007
0.00418034, 0.3091543, -0.00483416
0.60502946, 0.7239601, -0.33127841
0.77492553, 0.12924248
0.00362884, 0.3091543, -0.00705574
0.4901883, 0.73195595, -0.47315896
0.7763111, 0.1348179
0.00204759, 0.31061068, 0.01310134
0.30228585, 0.89452803, 0.32926419
0.78028858, 0.08474129
0.00345509, 0.3091543, 0.01478991
0.46028015, 0.73339027, 0.50022888
0.77675062, 0.07999319
-0.00974482, 0.3091543, 0.00052628
-0.53169346, 0.73290199, -0.42442092
0.80991805, 0.11578971
-0.00806347, 0.31061068, 0.00531695
-0.36194953, 0.89141512, 0.27265236
0.80569512, 0.10427737
-0.00970397, 0.3091543, 0.00667924
-0.54469436, 0.72634053, 0.4191412
0.80981624, 0.10034806
0.00816694, 0.3091543, -0.00065356
0.3790704, 0.73281044, -0.56505018
0.76490837, 0.11875069
0.00719715, 0.31061068, 0.00110982
0.23233742, 0.91070282, -0.34147161
0.76734692, 0.11483574
0.0025195, 0.31061068, -0.00379638
0.36683249, 0.90893275, -0.19803461
0.77910048, 0.12714851
-0.00262944, 0.3091543, -0.00480459
-0.5912351, 0.72423476, -0.35477766
0.79203749, 0.12916827
-0.00113259, 0.31061068, 0.01127413
-0.36039308, 0.90536213, 0.22452468
0.78827965, 0.08932698
-0.00677766, 0.3091543, 0.00812845
-0.41032135, 0.72344124, 0.55519271
0.80246305, 0.09671098
-0.00568363, 0.31061068, 0.00649553
-0.25119784, 0.90575886, 0.34125796
0.7997151, 0.10131955
-0.00051783, 0.31082192, 0.01085361
-0.10171819, 0.99273658, 0.06399731
0.786735, 0.09045637
0.00686243, 0.31082192, 0.00584979
0.07095554, 0.99264503, 0.09799493
0.76818889, 0.10301411
-0.00526436, 0.31082192, 0.00586974
-0.07159642, 0.99258399, 0.09805597
0.79866165, 0.10296404
-0.00753646, 0.31082192, 0.00271301
-0.1338847, 0.98727375, -0.08575701
0.80437064, 0.11088634
-0.00766566, 0.31082192, 0.00364745
-0.15427107, 0.98800623, 0.00524918
0.80469543, 0.10854119
0.00155307, 0.31082192, -0.00483551
0.114597, 0.98626667, -0.11865596
0.78152907, 0.12983042
0.00083064, 0.31082192, -0.00493019
-0.00195318, 0.98965424, -0.14322336
0.78334439, 0.130068
0.00898135, 0.31082192, 0.00482042
0.13129063, 0.98675495, 0.09494308
0.76286423, 0.1055975
0.00918254, 0.31082192, 0.00364745
0.15930662, 0.9871822, -0.00863674
0.76235855, 0.10854119
0.00204525, 0.31082192, 0.01090783
0.10144353, 0.99285865, 0.06250191
0.78029442, 0.09032035
6.489e-05, 0.31082192, 0.01243382
-0.10885952, 0.98690754, 0.11877804
0.78527093, 0.08649057
0.00083064, 0.31082192, 0.01261092
0.0, 0.98837245, 0.15198217
0.78334677, 0.08604616
-0.00034842, 0.31082192, -0.00335199
-0.09918515, 0.99325544, -0.05957213
0.78630739, 0.12610728
-0.00526789, 0.31082192, 0.00158544
-0.06933805, 0.99270606, -0.09839167
0.79866993, 0.11371607
8.769e-05, 0.31082192, -0.00481395
-0.10971404, 0.98657185, -0.12088381
0.78521132, 0.12977624
0.00891542, 0.31082192, 0.00265527
0.12027345, 0.98788416, -0.09799493
0.76302958, 0.11103123
0.00150819, 0.31082192, 0.01245422
0.11001923, 0.98693806, 0.11764885
0.78164417, 0.08643937
-0.00743478, 0.31082192, 0.00479487
-0.13019197, 0.98678547, 0.09637745
0.80411541, 0.10566157
0.0068255, 0.31082192, 0.0017856
0.06482132, 0.99319434, -0.09659109
0.76828116, 0.11321378
0.00188301, 0.31082192, -0.00339868
0.09982605, 0.99346906, -0.05478073
0.78070015, 0.12622446
-0.0083994, 0.32797518, -0.01404308
0.65636158, -0.73189491, -0.18298899
0.18349712, 0.20245379
0.00991198, 0.32797518, -0.03678081
-0.57734919, -0.57734919, 0.57734919
0.2295108, 0.25985938
0.00991198, 0.32797518, -0.01404307
-0.65636158, -0.73189491, -0.18298899
0.22951078, 0.20245385
0.00991198, 0.31091312, -0.03678081
-0.57734919, 0.57734919, 0.57734919
0.59667689, 0.23258615
-0.0083994, 0.31091312, 0.0127636
0.57734919, 0.57734919, -0.57734919
0.6426906, 0.10824513
0.00991198, 0.31091312, 0.0127636
-0.57734919, 0.57734919, -0.57734919
0.59667689, 0.1082477
0.00991198, 0.31091312, 0.0127636
-0.57734919, 0.57734919, -0.57734919
0.6944328, 0.10704279
0.00991198, 0.31609288, 0.00823302
-0.76598406, -0.62364572, -0.15591906
0.68141687, 0.11852306
0.00991198, 0.31091312, -0.03678081
-0.57734919, 0.57734919, 0.57734919
0.6944328, 0.23258615
0.00991198, 0.31091312, -0.03678081
-0.57734919, 0.57734919, 0.57734919
0.63955128, 0.06184405
-0.0083994, 0.32797518, -0.03678081
0.57734919, -0.57734919, 0.57734919
0.59667689, 0.10824507
-0.0083994, 0.31091312, -0.03678081
0.57734919, 0.57734919, 0.57734919
0.63955128, 0.10824507
-0.0083994, 0.31091312, -0.03678081
0.57734919, 0.57734919, 0.57734919
0.25547856, 0.17389596
-0.0083994, 0.32797518, -0.01404308
0.65636158, -0.73189491, -0.18298899
0.29835293, 0.11628091
-0.0083994, 0.31609288, 0.00823301
0.76598406, -0.62364572, -0.15591906
0.26849452, 0.05983555
-0.0083994, 0.31091312, 0.0127636
0.57734919, 0.57734919, -0.57734919
0.87385571, 0.72092623
0.00991198, 0.31609288, 0.0127636
-0.57734919, -0.57734919, -0.57734919
0.86084658, 0.76728451
0.00991198, 0.31091312, 0.0127636
-0.57734919, 0.57734919, -0.57734919
0.87385565, 0.76729935
-0.0083994, 0.31609288, 0.0127636
0.57734919, -0.57734919, -0.57734919
0.1834971, 0.13219655
0.00991198, 0.31609288, 0.00823302
-0.76598406, -0.62364572, -0.15591906
0.2295108, 0.1436348
0.00991198, 0.31609288, 0.0127636
-0.57734919, -0.57734919, -0.57734919
0.2295108, 0.13219655
-0.0083994, 0.31609288, 0.00823301
0.76598406, -0.62364572, -0.15591906
0.1834971, 0.1436348
-0.0074743, -0.05196389, -0.03893096
-0.33356732, -0.62254709, -0.7078768
0.73892862, 0.63003543
0.00860721, 0.09407739, -0.03893096
0.71098971, -0.2812891, -0.64445937
0.69854236, 0.2602089
0.00860727, -0.05196389, -0.03893096
0.32914212, -0.62346262, -0.7091586
0.69854242, 0.63008142
-0.00747436, 0.09407739, -0.04191968
-0.57734919, -0.57734919, -0.57734919
0.73892862, 0.99995405
0.00860715, 0.24011871, -0.04191968
0.57734919, 0.57734919, -0.57734919
0.69854236, 0.63012731
0.00860721, 0.09407739, -0.04191968
0.57734919, -0.57734919, -0.57734919
0.69854242, 1.0
-0.00747436, 0.09407739, -0.03893096
-0.71532333, -0.28135014, -0.63960689
0.80378211, 0.21941233
0.00860721, 0.09407739, -0.04191968
0.57734919, -0.57734919, -0.57734919
0.79629952, 0.26016295
0.00860721, 0.09407739, -0.03893096
0.71098971, -0.2812891, -0.64445937
0.80378211, 0.26016295
0.00860721, 0.09407739, -0.03893096
0.71098971, -0.2812891, -0.64445937
0.589167, 0.62993091
0.00860715, 0.24011871, -0.04191968
0.57734919, 0.57734919, -0.57734919
0.59667689, 0.25986278
0.00860715, 0.24011871, -0.03893096
0.57179481, 0.79320657, -0.20926543
0.58916694, 0.25986278
-0.00747442, 0.24011871, -0.03893096
-0.57484663, 0.79171115, -0.20661031
0.29083306, 0.99999532
-0.00747436, 0.09407739, -0.04191968
-0.57734919, -0.57734919, -0.57734919
0.29835293, 0.62992746
-0.00747436, 0.09407739, -0.03893096
-0.71532333, -0.28135014, -0.63960689
0.29084283, 0.62992728
-0.01257098, 0.24011871, -0.01689451
0.0, 0.70708334, 0.70708334
0.80120862, 0.355434
-0.01542875, 0.24011871, -0.0327569
-0.57734919, 0.57734919, -0.57731867
0.76173204, 0.36267346
-0.01542875, 0.24011871, -0.01689449
-0.57734919, 0.57734919, 0.57734919
0.80120867, 0.36267555
-0.01542875, 0.24011871, -0.0327569
-0.57734919, 0.57734919, -0.57731867
0.87743086, 0.38270432
-0.01542863, 0.14832473, -0.01689449
-0.57747126, -0.57658619, 0.57795954
0.83757162, 0.15009874
-0.01542875, 0.24011871, -0.01689449
-0.57734919, 0.57734919, 0.57734919
0.83757168, 0.38270432
-0.01542863, 0.14832473, -0.01689449
-0.57747126, -0.57658619, 0.57795954
0.89222401, 0.1500988
-0.01257097, 0.24011871, -0.03275693
-0.24594867, 0.81670582, -0.52198857
0.99166507, 0.76742218
-0.01542872, 0.14828715, -0.0327569
-0.57722712, -0.57808161, -0.57670826
0.99884188, 0.99999181
-0.01542875, 0.24011871, -0.0327569
-0.57734919, 0.57734919, -0.57731867
0.99884188, 0.76741396
0.01681162, 0.24011871, -0.03275693
0.57731867, 0.57734919, -0.57734919
0.83858418, 1.0
0.01681174, 0.14832473, -0.01689451
0.57747126, -0.57658619, 0.57795954
0.87844253, 0.76739436
0.01681165, 0.14828724, -0.03275693
0.5771966, -0.57808161, -0.57670826
0.83858424, 0.76729935
0.01681162, 0.24011871, -0.01689451
0.57734919, 0.57734919, 0.57731867
0.9066515, 0.1500988
0.01382527, 0.24011871, -0.01689449
0.0, 0.70708334, 0.70708334
0.89914715, 0.1500988
0.01382527, 0.24011871, -0.0327569
0.24381237, 0.81517988, -0.52534562
0.64405864, 0.23258615
0.01681165, 0.14828724, -0.03275693
0.5771966, -0.57808161, -0.57670826
0.65155834, 0.0
0.0138253, 0.14828724, -0.0327569
0.71150851, -0.28131962, -0.64387953
0.64405864, 8.58e-06
0.01382527, 0.24011871, -0.0327569
0.24381237, 0.81517988, -0.52534562
0.76173198, 0.28854394
0.01681162, 0.24011871, -0.01689451
0.57734919, 0.57734919, 0.57731867
0.80120856, 0.28097862
0.01681162, 0.24011871, -0.03275693
0.57731867, 0.57734919, -0.57734919
0.76173192, 0.28097653
-0.01257085, 0.12556222, -0.01462697
-0.76738793, 0.46598712, 0.44038209
0.78061581, 0.26016289
-0.01881024, 0.12819862, 0.00525966
0.77004302, 0.62105167, -0.145909
0.79629952, 0.21117872
0.01382539, 0.12556222, -0.01462695
0.76604509, 0.46125674, 0.44764549
0.71428609, 0.26016295
-0.01257085, 0.14832473, -0.01462697
-0.1490524, -0.74465162, 0.65053254
0.3192873, 0.09027803
-0.01257085, 0.12556222, -0.01462697
-0.76738793, 0.46598712, 0.44038209
0.376486, 0.09027803
-0.01881024, 0.14591372, -0.00469156
0.74535358, -0.6598407, 0.09488205
0.59667689, 0.34499192
0.0200922, 0.14371845, 0.00525966
-0.72295296, -0.62807095, -0.28778955
0.6944328, 0.31939185
-0.01881024, 0.14371845, 0.00525966
0.72316658, -0.63365579, -0.2746971
0.59667689, 0.31939185
0.01382539, 0.12556222, -0.01462695
0.76604509, 0.46125674, 0.44764549
0.69854236, 0.13656771
-0.01257085, 0.14832473, -0.01462697
-0.1490524, -0.74465162, 0.65053254
0.755741, 0.0696798
-0.01257085, 0.12556222, -0.01462697
-0.76738793, 0.46598712, 0.44038209
0.69854236, 0.0696798
0.01382527, 0.24011871, -0.0327569
0.24381237, 0.81517988, -0.52534562
0.57376879, 0.25986373
0.0138253, 0.14828724, -0.0327569
0.71150851, -0.28131962, -0.64387953
0.57376879, 0.49256432
-0.01257091, 0.09407739, -0.03275693
-0.93865782, 0.00183111, -0.3447676
0.27539977, 0.62993199
-0.01257095, 0.14828715, -0.03275693
-0.71584213, -0.28138065, -0.63899654
0.27539617, 0.76729935
0.01107026, 0.14832473, -0.03100381
-0.16150396, 0.89925838, -0.4064455
0.19369751, 0.07996422
-0.00954162, 0.14832473, -0.0315682
0.16156499, 0.89919734, -0.40653706
0.19229294, 0.13219458
-0.00954162, 0.14832473, -0.01689451
0.57734919, 0.57734919, 0.57734919
0.22881128, 0.13219655
-0.00377212, 0.04927031, 0.07684779
-0.2131718, -0.79982913, 0.56102175
0.27428305, 0.17389601
0.01404523, 0.05497221, 0.07682848
0.69743949, -0.44392225, 0.56254768
0.2295108, 0.18834454
0.00502662, 0.08319435, 0.07684779
0.18930632, 0.63490707, 0.74901575
0.25217316, 0.25985938
0.01404523, 0.05497221, 0.07682848
0.69743949, -0.44392225, 0.56254768
0.52716446, 0.12516034
0.00502663, 0.06228236, 0.02460242
0.28650776, -0.91970581, 0.26837978
0.50450212, 0.25860119
0.01432943, 0.06803934, 0.02459764
0.9382, -0.3370159, 0.07849361
0.52787864, 0.25986278
-0.01335084, 0.05504445, 0.07684624
-0.69457078, -0.4519181, 0.55970949
0.45832235, 0.12513113
-0.00377212, 0.08319435, 0.07684779
-0.17664114, 0.63469344, 0.75228125
0.57261217, 0.1008873
-0.01335084, 0.09567884, 0.01600539
-0.93313396, 0.25479904, 0.25357831
0.59667689, 0.25795692
-0.01335084, 0.07774178, 0.07684624
-0.68245488, 0.32312998, 0.65559864
0.59667689, 0.0989815
0.01382539, 0.09568039, 0.01600694
0.93343914, 0.25400555, 0.25318155
0.52838719, 0.25794959
0.01402776, 0.07766966, 0.07685226
0.68440807, 0.31382182, 0.65807062
0.52787864, 0.09893715
0.01441558, 0.0552607, 0.01103682
0.8825953, -0.23337504, 0.40806299
0.8376888, 0.53629023
-0.01335084, 0.05526379, 0.01105321
-0.88128299, -0.23938718, 0.4074221
0.90746152, 0.53629816
-0.00377211, 0.04948965, 0.01105477
-0.08236945, -0.33164465, 0.93978697
0.88339162, 0.52166647
-0.01390773, 0.12556222, 0.01609526
0.15442365, 0.98797572, 0.00689718
0.08201861, 0.1047188
-0.01335084, 0.09567884, 0.01600539
-0.93313396, 0.25479904, 0.25357831
0.08341791, 0.18044317
-0.00377211, 0.10113147, 0.01600694
-0.12991729, 0.51344341, 0.84820092
0.10748779, 0.16662633
0.01446222, -0.00534948, 0.01097336
0.80562758, 0.21832941, 0.55067599
0.83757162, 0.38270432
-0.01335084, -0.00534662, 0.01105321
-0.80504775, 0.22037415, 0.55070651
0.38917732, 0.2596851
0.01430926, -0.03907951, 0.04270297
0.64207894, 0.2750023, 0.71559799
0.3196716, 0.16841078
0.01446222, -0.00534948, 0.01097336
0.80562758, 0.21832941, 0.55067599
0.3192873, 0.25986278
0.01430926, -0.03907951, 0.04270297
0.64207894, 0.2750023, 0.71559799
0.52787864, 0.12387407
-0.01257087, -0.05196389, 0.04282015
-0.55739003, -0.59236425, 0.58171332
0.49541309, 0.05580318
0.01382537, -0.05196389, 0.04282015
0.56498915, -0.58458203, 0.58223212
0.49550068, 0.12269109
0.01382537, -0.05196389, 0.04282015
0.56498915, -0.58458203, 0.58223212
0.73892862, 0.56907123
-0.01257085, -0.05196389, -0.03275693
-0.72154909, -0.63988161, -0.26432082
0.80525839, 0.378263
0.01382539, -0.05196389, -0.0327569
0.72145754, -0.6385693, -0.26770836
0.73892868, 0.37826306
0.00860727, -0.05196389, -0.03893096
0.32914212, -0.62346262, -0.7091586
0.589167, 0.99999893
0.01382533, 0.09407739, -0.0327569
0.93841362, 0.00192267, -0.34546953
0.57376879, 0.62993184
0.01382539, -0.05196389, -0.0327569
0.72145754, -0.6385693, -0.26770836
0.57376879, 0.99999987
-0.0074743, -0.05196389, -0.03893096
-0.33356732, -0.62254709, -0.7078768
0.29085264, 0.25985932
-0.01257085, -0.05196389, -0.03275693
-0.72154909, -0.63988161, -0.26432082
0.27540955, 0.25986403
0.01441558, 0.0552607, 0.01103682
0.8825953, -0.23337504, 0.40806299
0.46373925, 0.72829339
0.01382539, 0.09568039, 0.01600694
0.93343914, 0.25400555, 0.25318155
0.45123747, 0.62586993
0.01681174, 0.14832473, -0.01689451
0.57747126, -0.57658619, 0.57795954
0.8038038, 0.17937291
0.0138253, 0.14828724, -0.0327569
0.71150851, -0.28131962, -0.64387953
0.79629952, 0.21941233
0.01681165, 0.14828724, -0.03275693
0.5771966, -0.57808161, -0.57670826
0.8038038, 0.21941233
-0.01335084, -0.00534662, 0.01105321
-0.80504775, 0.22037415, 0.55070651
0.16533086, 0.37799007
-0.01542872, 0.14828715, -0.0327569
-0.57722712, -0.57808161, -0.57670826
0.79629952, 0.17937285
-0.01257085, 0.14832473, -0.01689451
-0.66600543, -0.33326212, 0.66731775
0.80348068, 0.13933343
-0.01542863, 0.14832473, -0.01689449
-0.57747126, -0.57658619, 0.57795954
0.79629952, 0.13933343
0.00573092, 0.39353874, -0.01955252
0.55980104, 0.63600576, 0.53108311
0.62218237, 0.3706013
0.00573092, 0.39353874, -0.02967474
0.56193733, 0.64015627, -0.52381968
0.62218243, 0.37072647
0.00573092, 0.39353874, -0.02967474
0.56193733, 0.64015627, -0.52381968
0.69854236, 0.37060058
-0.00441908, 0.39353874, -0.01955252
-0.55833614, 0.63686025, 0.53160191
0.67310768, 0.37060112
-0.00664938, 0.39353874, -0.02471863
-0.77932066, 0.62657553, -0.00595111
0.87218302, 0.57791308
0.00063526, 0.39353874, -0.01706976
-0.00125126, 0.62025821, 0.78435624
0.84739566, 0.56872681
0.00573092, 0.39353874, -0.01955252
0.55980104, 0.63600576, 0.53108311
0.83858418, 0.57997879
0.00791992, 0.39353874, -0.02471863
0.77840513, 0.62767416, -0.00585955
0.83926195, 0.59406433
0.00063527, 0.39353874, -0.0323675
-0.0013123, 0.61525315, -0.78829312
0.86404932, 0.60325056
0.01460749, 0.12556222, 0.01609528
-0.15189062, 0.98837245, 0.00323496
0.23196629, 0.17389601
-0.01390773, 0.12556222, 0.01609526
0.15442365, 0.98797572, 0.00689718
0.37648582, 0.1681549
-0.00377211, 0.13979658, 0.02238781
0.47590563, -0.7858516, -0.39481795
0.18135977, 0.1436249
-0.00954175, 0.24011871, -0.01689451
0.57734919, 0.57734919, 0.57734919
0.9552747, 1.0
-0.00954162, 0.14832473, -0.01689451
0.57734919, 0.57734919, 0.57734919
0.87743086, 0.15009874
0.01107026, 0.14832473, -0.01689449
-0.57734919, 0.57734919, 0.57734919
0.45832229, 0.25986272
0.00860715, 0.24011871, -0.04191968
0.57734919, 0.57734919, -0.57734919
0.73892862, 0.30176538
0.00502663, 0.13979658, 0.02972895
-0.64146852, -0.7255165, -0.24918362
0.65657532, 0.2567634
-0.00377211, 0.13979658, 0.02972895
0.64058352, -0.7269814, -0.24713889
0.02256365, 0.10596836
0.00495737, 0.13284862, 0.038708
-0.61632133, -0.34385204, -0.70842618
0.83874995, 0.63069025
-0.00377212, 0.12361071, 0.03434872
0.80074465, 0.22580644, 0.55479598
0.75851047, 0.13656771
0.00502663, 0.07906602, 0.03405577
-0.54170352, 0.81966615, 0.18622394
0.83874995, 0.7672864
-0.00377212, 0.07906602, 0.03405577
0.53834653, 0.82164985, 0.18723105
0.18135978, 0.14698297
0.00502663, 0.07906602, 0.03405577
-0.54170352, 0.81966615, 0.18622394
0.05269934, 0.10596836
0.01382539, 0.12556222, -0.01462695
0.76604509, 0.46125674, 0.44764549
0.89477032, 0.15000302
0.00720233, 0.14832473, -0.03510252
0.43290505, 0.88186288, 0.18668172
0.38917732, 0.02725726
-0.01257097, 0.24011871, -0.03275693
-0.24594867, 0.81670582, -0.52198857
0.76173192, 0.35543185
-0.00954175, 0.24011871, -0.0315682
0.1053499, 0.95843381, -0.26511428
0.76469034, 0.34775597
-0.00954175, 0.24011871, -0.01689451
0.57734919, 0.57734919, 0.57734919
0.80120867, 0.34775794
0.01107013, 0.24011871, -0.01689449
-0.57734919, 0.57734919, 0.57734919
0.80120867, 0.29552752
0.01382527, 0.24011871, -0.01689449
0.0, 0.70708334, 0.70708334
0.80120867, 0.28854603
0.01107013, 0.24011871, -0.03100381
-0.10531937, 0.95843381, -0.26505324
0.76609492, 0.29552567
-0.00620529, 0.24011871, -0.03510252
-0.27542955, 0.95394754, 0.11874752
0.75589454, 0.33930093
0.00720221, 0.24011871, -0.03510252
0.27546006, 0.95391703, 0.11877804
0.3192873, 0.02725655
-0.00954162, 0.14832473, -0.0315682
0.16156499, 0.89919734, -0.40653706
0.30023944, 0.02725726
-0.01420002, 0.13909575, 0.01017677
-0.62227243, -0.62007505, 0.47773674
0.15924986, 0.20576227
-0.01551554, 0.13909575, 0.00363891
-0.74657428, -0.66527301, 0.0
0.1503292, 0.19152719
-0.00979881, 0.13909575, 0.0123564
-0.39326152, -0.74846643, 0.53395182
0.15502591, 0.21744645
-0.0142, 0.13909575, -0.00289896
-0.58433789, -0.60673851, -0.53886533
0.13662934, 0.18189889
-0.00979881, 0.13909575, -0.0041621
-0.33014923, -0.77175206, -0.5434736
0.1264496, 0.18729997
-0.00686359, 0.13909575, -0.00724408
-0.55742055, -0.76418346, -0.32441175
0.11578617, 0.18681467
-0.00539435, 0.13909575, -0.0121449
-0.5553453, -0.61305583, -0.5618763
0.10463912, 0.18044317
0.0008322, 0.13909575, -0.01395232
0.0, -0.64793849, -0.76165044
0.09020211, 0.18804699
0.01137768, 0.13909575, -0.00416209
0.32728049, -0.77266765, -0.54393137
0.08798336, 0.224379
0.00083219, 0.13909575, 0.02086267
0.0, -0.65971863, 0.75148779
0.15043063, 0.25158489
-0.00539435, 0.13909575, 0.01942272
-0.52177495, -0.61415446, 0.59202856
0.15924986, 0.23805463
0.00844246, 0.13909575, -0.00724408
0.55848873, -0.76567888, -0.31900999
0.08798335, 0.21361488
0.00705874, 0.13909575, -0.0121449
0.56096071, -0.61152989, -0.55796993
0.08201861, 0.20224798
0.00705873, 0.13909575, 0.01942272
0.52812278, -0.61275065, 0.58787805
0.13662934, 0.25985938
0.01698571, 0.13909575, 0.00363891
0.74147773, -0.67094946, 0.0
0.09129202, 0.24843538
0.01586439, 0.13909575, 0.01017677
0.629017, -0.61729789, 0.47245705
0.10463911, 0.25840366
0.01586439, 0.13909575, -0.00289895
0.59215063, -0.60512102, -0.53205967
0.08201862, 0.23454028
0.00705874, 0.13909575, -0.0121449
0.56096071, -0.61152989, -0.55796993
0.91840339, 0.99999977
0.01137768, 0.13909575, 0.01235642
0.3906064, -0.74938202, 0.53459275
0.97381341, 0.56907097
0.01586439, 0.13909575, 0.01017677
0.629017, -0.61729789, 0.47245705
0.96254253, 0.56880555
-0.01420002, 0.13909575, 0.01017677
-0.62227243, -0.62007505, 0.47773674
0.77342206, 0.56907624
-0.00979881, 0.13909575, 0.0123564
-0.39326152, -0.74846643, 0.53395182
0.9821822, 0.56852683
-0.0142, 0.13909575, -0.00289896
-0.58433789, -0.60673851, -0.53886533
0.95289439, 0.13737297
-0.00979881, 0.13909575, -0.0041621
-0.33014923, -0.77175206, -0.5434736
0.87844253, 0.56907752
0.00844249, 0.3025057, 0.01543839
0.8056581, 0.33664969, 0.48738059
0.76421177, 0.07603544
-0.00262944, 0.3091543, -0.00480459
-0.5912351, 0.72423476, -0.35477766
0.96383238, 0.56872681
-0.00273674, 0.3091543, 0.01237144
-0.58827478, 0.72057253, 0.36692405
0.98231858, 0.13780195
0.00836875, 0.3091543, 0.00811582
0.40797144, 0.72383803, 0.55638295
0.97381341, 1.0
0.00418034, 0.3091543, -0.00483416
0.60502946, 0.7239601, -0.33127841
0.89998126, 0.56907108
-0.0083994, 0.32797518, -0.03678081
0.57734919, -0.57734919, 0.57734919
0.1834971, 0.25985938
-0.0083994, 0.31091312, -0.03678081
0.57734919, 0.57734919, 0.57734919
0.6426906, 0.23258364
0.00991198, 0.32797518, -0.03678081
-0.57734919, -0.57734919, 0.57734919
0.6515584, 0.23258609
0.00991198, 0.32797518, -0.01404307
-0.65636158, -0.73189491, -0.18298899
0.6515584, 0.17496961
0.00991198, 0.31609288, 0.0127636
-0.57734919, -0.57734919, -0.57734919
0.68141687, 0.10704273
0.00991198, 0.32797518, -0.03678081
-0.57734919, -0.57734919, 0.57734919
0.59667689, 0.06184411
-0.0083994, 0.31609288, 0.0127636
0.57734919, -0.57734919, -0.57734919
0.26849452, 0.04835552
-0.0083994, 0.31091312, 0.0127636
0.57734919, 0.57734919, -0.57734919
0.25547856, 0.04835552
-0.0083994, 0.32797518, -0.03678081
0.57734919, -0.57734919, 0.57734919
0.29835293, 0.17389601
-0.0083994, 0.31609288, 0.0127636
0.57734919, -0.57734919, -0.57734919
0.86084676, 0.7209115
-0.00747436, 0.09407739, -0.03893096
-0.71532333, -0.28135014, -0.63960689
0.73892862, 0.26016289
-0.00747442, 0.24011871, -0.04191968
-0.57734919, 0.57734919, -0.57734919
0.73892862, 0.63008139
-0.00747436, 0.09407739, -0.04191968
-0.57734919, -0.57734919, -0.57734919
0.79629952, 0.21941233
0.00860721, 0.09407739, -0.04191968
0.57734919, -0.57734919, -0.57734919
0.59667689, 0.62993091
-0.00747442, 0.24011871, -0.04191968
-0.57734919, 0.57734919, -0.57734919
0.29834315, 0.99999554
-0.01542872, 0.14828715, -0.0327569
-0.57722712, -0.57808161, -0.57670826
0.8774308, 0.15000343
-0.01542875, 0.24011871, -0.01689449
-0.57734919, 0.57734919, 0.57734919
0.89222395, 0.38270432
-0.01257095, 0.14828715, -0.03275693
-0.71584213, -0.28138065, -0.63899654
0.99166507, 1.0
0.01681162, 0.24011871, -0.01689451
0.57734919, 0.57734919, 0.57731867
0.87844247, 1.0
0.01681174, 0.14832473, -0.01689451
0.57747126, -0.57658619, 0.57795954
0.9066515, 0.38270432
0.01681162, 0.24011871, -0.03275693
0.57731867, 0.57734919, -0.57734919
0.6515584, 0.23257768
0.0200922, 0.12819862, 0.00525966
-0.76888335, 0.61748099, -0.1657155
0.69854367, 0.21117884
0.0200922, 0.12819862, -0.00469155
-0.84936064, 0.48866236, 0.19937742
0.69854236, 0.23615277
-0.01881024, 0.12819862, -0.00469156
0.84981841, 0.48817408, 0.19858395
0.79629827, 0.23615265
0.01460749, 0.14131555, 0.01609528
-0.54560989, -0.59022796, -0.59486681
0.68065053, 0.2915138
-0.01390773, 0.14131555, 0.01609526
0.55656606, -0.58415478, -0.59071624
0.60899615, 0.29151386
-0.01257085, 0.14832473, -0.01462697
-0.1490524, -0.74465162, 0.65053254
0.61235553, 0.37059903
0.01382539, 0.14832473, -0.01462695
0.14935759, -0.74459058, 0.65056306
0.67868525, 0.37059897
0.0200922, 0.14591372, -0.00469155
-0.74529254, -0.65977967, 0.0957976
0.6944328, 0.34499192
0.01382539, 0.14832473, -0.01462695
0.14935759, -0.74459058, 0.65056306
0.75574106, 0.13656771
-0.01257097, 0.24011871, -0.03275693
-0.24594867, 0.81670582, -0.52198857
0.27539, 1.0
0.01107026, 0.14832473, -0.01689449
-0.57734919, 0.57734919, 0.57734919
0.22881128, 0.07996613
0.00720233, 0.14832473, -0.03510252
0.43290505, 0.88186288, 0.18668172
0.1834971, 0.08976501
-0.00620516, 0.14832473, -0.03510252
-0.4328135, 0.88192391, 0.18662068
0.18349712, 0.12373954
-0.00377212, 0.08319435, 0.07684779
-0.17664114, 0.63469344, 0.75228125
0.27428305, 0.25985938
-0.01335084, 0.07774178, 0.07684624
-0.68245488, 0.32312998, 0.65559864
0.29835293, 0.24604255
-0.01335084, 0.05504445, 0.07684624
-0.69457078, -0.4519181, 0.55970949
0.29835293, 0.18852758
0.00502662, 0.04927031, 0.07684779
0.22177801, -0.79784536, 0.56056398
0.25217316, 0.17389601
0.01402776, 0.07766966, 0.07685226
0.68440807, 0.31382182, 0.65807062
0.2295547, 0.2458598
-0.01335084, 0.0680565, 0.02460086
-0.93295085, -0.35099337, 0.0798059
0.45832232, 0.25985837
0.01432943, 0.06803934, 0.02459764
0.9382, -0.3370159, 0.07849361
0.8378939, 0.5686833
-0.01335084, 0.0680565, 0.02460086
-0.93295085, -0.35099337, 0.0798059
0.9074502, 0.56872681
0.00502663, 0.10113147, 0.01600694
0.13721122, 0.50611895, 0.85146642
0.12959768, 0.16662633
0.01382539, 0.09568039, 0.01600694
0.93343914, 0.25400555, 0.25318155
0.15170763, 0.18043929
0.01460749, 0.12556222, 0.01609528
-0.15189062, 0.98837245, 0.00323496
0.15367299, 0.1047188
-0.01335084, -0.00534662, 0.01105321
-0.80504775, 0.22037415, 0.55070651
0.90746152, 0.38271165
-0.01335084, -0.03904303, 0.04281863
-0.64351326, 0.26712853, 0.717246
0.38917732, 0.1681549
-0.01335084, -0.03904303, 0.04281863
-0.64351326, 0.26712853, 0.717246
0.52787864, 0.05378354
0.00860727, -0.05196389, -0.03893096
0.32914212, -0.62346262, -0.7091586
0.75204104, 0.36267555
-0.01257087, -0.05196389, 0.04282015
-0.55739003, -0.59236425, 0.58171332
0.80525833, 0.56907126
-0.0074743, -0.05196389, -0.03893096
-0.33356732, -0.62254709, -0.7078768
0.79245156, 0.36267555
0.01402776, 0.07766966, 0.07685226
0.68440807, 0.31382182, 0.65807062
0.29835293, 0.67150921
0.01432943, 0.06803934, 0.02459764
0.9382, -0.3370159, 0.07849361
0.42966238, 0.69591236
0.01404523, 0.05497221, 0.07682848
0.69743949, -0.44392225, 0.56254768
0.2984131, 0.72902444
0.01382539, 0.12556222, -0.01462695
0.76604509, 0.46125674, 0.44764549
0.52821279, 0.55014944
0.01460749, 0.12556222, 0.01609528
-0.15189062, 0.98837245, 0.00323496
0.45103285, 0.55014962
0.01382539, 0.14832473, -0.01689449
0.66603595, -0.33326212, 0.66731775
0.53391051, 0.49246937
0.01382539, 0.14832473, -0.01462695
0.14935759, -0.74459058, 0.65056306
0.52821279, 0.49246937
0.01430926, -0.03907951, 0.04270297
0.64207894, 0.2750023, 0.71559799
0.38416779, 0.96735112
0.01382537, -0.05196389, 0.04282015
0.56498915, -0.58458203, 0.58223212
0.38386261, 1.0
0.01446222, -0.00534948, 0.01097336
0.80562758, 0.21832941, 0.55067599
0.46389973, 0.88187933
0.01382539, 0.14832473, -0.01689449
0.66603595, -0.33326212, 0.66731775
0.79629952, 0.17937291
-0.01335084, 0.0680565, 0.02460086
-0.93295085, -0.35099337, 0.0798059
0.13128328, 0.56399238
-0.01335084, 0.05504445, 0.07684624
-0.69457078, -0.4519181, 0.55970949
1.52e-06, 0.53101668
-0.01335084, 0.07774178, 0.07684624
-0.68245488, 0.32312998, 0.65559864
0.0, 0.58853161
-0.01335084, 0.09567884, 0.01600539
-0.93313396, 0.25479904, 0.25357831
0.15288018, 0.63398781
-0.01390773, 0.12556222, 0.01609526
0.15442365, 0.98797572, 0.00689718
0.15266015, 0.70971271
-0.01257085, 0.12556222, -0.01462697
-0.76738793, 0.46598712, 0.44038209
0.22984056, 0.70971328
-0.01335084, 0.05526379, 0.01105321
-0.88128299, -0.23938718, 0.4074221
0.16532679, 0.5315766
-0.01257085, 0.14832473, -0.01462697
-0.1490524, -0.74465162, 0.65053254
0.22983904, 0.76739338
-0.01257085, 0.14832473, -0.01689451
-0.66600543, -0.33326212, 0.66731775
0.23553693, 0.76739353
-0.01257087, -0.05196389, 0.04282015
-0.55739003, -0.59236425, 0.58171332
0.08549885, 0.25985932
-0.01335084, -0.03904303, 0.04281863
-0.64351326, 0.26712853, 0.717246
0.08551268, 0.29260153
-0.01257095, 0.14828715, -0.03275693
-0.71584213, -0.28138065, -0.63899654
0.80348068, 0.17937285
# Number of Faces:
434
# Face Data:
0, 1, 2
3, 4, 5
6, 7, 8
9, 10, 11
11, 12, 13
14, 15, 16
8, 17, 18
19, 5, 20
2, 21, 22
23, 24, 25
26, 27, 28
29, 25, 30
31, 32, 33
34, 35, 36
37, 38, 39
33, 40, 41
37, 42, 43
44, 45, 46
47, 48, 49
50, 51, 52
53, 54, 55
56, 57, 58
59, 60, 61
62, 63, 64
65, 59, 66
67, 68, 69
70, 71, 72
73, 74, 38
75, 76, 63
68, 77, 78
71, 79, 72
80, 81, 82
83, 84, 76
78, 85, 86
87, 88, 89
90, 24, 91
92, 93, 94
95, 96, 97
98, 99, 100
56, 58, 101
102, 103, 104
105, 106, 107
108, 109, 110
111, 112, 113
111, 114, 115
116, 117, 118
119, 120, 121
122, 123, 124
125, 126, 127
125, 128, 129
121, 130, 131
132, 133, 134
135, 136, 137
138, 139, 140
141, 142, 143
144, 145, 146
147, 145, 148
149, 150, 141
151, 152, 153
154, 155, 156
157, 137, 158
154, 159, 160
161, 162, 116
163, 137, 164
165, 145, 166
167, 120, 168
169, 170, 171
172, 162, 173
174, 175, 153
176, 150, 177
178, 145, 179
180, 134, 133
181, 120, 182
183, 113, 112
184, 162, 185
186, 153, 152
187, 137, 136
188, 129, 189
190, 191, 192
193, 191, 194
195, 160, 196
197, 198, 199
200, 139, 201
202, 203, 204
205, 206, 207
208, 209, 210
211, 171, 212
213, 214, 215
216, 217, 218
213, 197, 219
220, 206, 221
208, 171, 222
223, 209, 224
205, 225, 226
227, 214, 228
202, 217, 229
230, 203, 231
227, 169, 211
223, 232, 233
234, 232, 225
220, 235, 216
236, 237, 197
230, 237, 238
239, 240, 241
242, 204, 243
244, 207, 245
246, 210, 247
248, 212, 240
249, 215, 250
251, 218, 252
249, 236, 213
253, 207, 220
246, 212, 208
254, 210, 223
244, 234, 205
255, 215, 227
242, 218, 202
256, 204, 230
255, 211, 248
254, 233, 257
258, 233, 234
253, 216, 251
239, 238, 236
256, 238, 241
259, 260, 261
262, 263, 264
265, 266, 267
268, 269, 270
271, 272, 273
274, 275, 276
277, 278, 279
280, 261, 278
281, 282, 283
284, 285, 286
287, 288, 289
290, 291, 292
293, 294, 295
296, 297, 298
299, 300, 301
52, 302, 50
303, 304, 305
306, 307, 308
47, 309, 310
311, 312, 313
314, 315, 316
317, 318, 319
320, 40, 321
322, 323, 324
325, 326, 327
328, 329, 292
295, 330, 331
332, 333, 334
335, 336, 337
338, 339, 340
341, 87, 89
342, 343, 344
345, 96, 346
347, 94, 93
92, 348, 349
350, 351, 352
353, 347, 93
354, 355, 356
357, 358, 359
360, 361, 362
363, 364, 365
330, 366, 367
368, 364, 369
370, 371, 372
330, 367, 373
374, 375, 376
0, 377, 1
3, 378, 4
6, 379, 7
9, 380, 10
11, 10, 12
381, 16, 15
382, 383, 16
384, 14, 383
385, 15, 14
16, 383, 14
8, 7, 17
19, 3, 5
2, 1, 21
23, 91, 24
26, 386, 27
29, 23, 25
31, 387, 32
34, 388, 35
37, 73, 38
33, 32, 40
37, 39, 42
44, 389, 45
47, 310, 48
50, 390, 51
53, 391, 54
56, 392, 57
59, 393, 60
62, 75, 63
65, 393, 59
67, 394, 68
70, 395, 71
73, 396, 74
75, 83, 76
68, 394, 77
71, 397, 79
80, 398, 81
83, 399, 84
78, 77, 85
87, 339, 88
90, 400, 24
92, 349, 93
95, 342, 96
98, 401, 99
402, 296, 403
296, 404, 403
405, 406, 407
407, 406, 314
58, 402, 408
402, 403, 408
407, 314, 101
58, 408, 101
101, 314, 56
102, 409, 103
105, 410, 106
411, 412, 413
412, 414, 415
413, 412, 415
416, 417, 418
413, 415, 419
420, 421, 110
110, 413, 108
416, 418, 422
418, 423, 422
420, 110, 109
109, 424, 420
425, 426, 108
108, 413, 419
415, 416, 419
419, 427, 425
416, 422, 419
425, 108, 419
111, 428, 112
111, 113, 114
116, 162, 117
119, 182, 120
122, 191, 123
125, 129, 126
125, 429, 128
121, 120, 130
132, 430, 133
135, 431, 136
138, 432, 139
141, 150, 142
144, 148, 145
147, 179, 145
149, 177, 150
151, 433, 152
154, 160, 155
157, 135, 137
154, 434, 159
161, 185, 162
163, 158, 137
165, 146, 145
167, 130, 120
169, 435, 170
172, 117, 162
174, 436, 175
176, 437, 150
178, 166, 145
180, 438, 134
181, 168, 120
183, 439, 113
184, 173, 162
186, 174, 153
187, 164, 137
188, 126, 129
190, 123, 191
193, 192, 191
195, 155, 160
197, 237, 198
200, 140, 139
202, 229, 203
205, 226, 206
208, 222, 209
211, 169, 171
213, 219, 214
216, 235, 217
213, 236, 197
220, 207, 206
208, 212, 171
223, 210, 209
205, 234, 225
227, 215, 214
202, 218, 217
230, 204, 203
227, 228, 169
223, 224, 232
234, 233, 232
220, 221, 235
236, 238, 237
230, 231, 237
242, 243, 252
243, 256, 241
252, 243, 241
239, 249, 250
252, 241, 257
245, 253, 251
251, 252, 257
239, 250, 248
250, 255, 248
245, 251, 258
258, 244, 245
247, 254, 257
258, 251, 257
246, 247, 240
257, 241, 240
239, 248, 240
240, 247, 257
242, 202, 204
244, 205, 207
246, 208, 210
248, 211, 212
249, 213, 215
251, 216, 218
249, 239, 236
253, 245, 207
246, 240, 212
254, 247, 210
244, 258, 234
255, 250, 215
242, 252, 218
256, 243, 204
255, 227, 211
254, 223, 233
258, 257, 233
253, 220, 216
239, 241, 238
256, 230, 238
259, 440, 260
262, 441, 263
442, 267, 443
265, 444, 266
266, 443, 267
268, 445, 269
446, 447, 273
271, 448, 272
273, 447, 271
274, 449, 275
277, 280, 278
280, 259, 261
281, 450, 282
284, 451, 285
287, 452, 288
290, 453, 291
293, 454, 294
296, 402, 297
299, 455, 300
52, 456, 302
303, 457, 304
306, 458, 307
47, 459, 309
311, 460, 312
314, 406, 315
42, 461, 318
462, 319, 461
317, 463, 318
318, 43, 42
461, 319, 318
320, 41, 40
65, 66, 464
465, 324, 464
322, 466, 467
467, 468, 322
323, 464, 324
66, 465, 464
322, 468, 323
325, 469, 326
290, 292, 329
329, 364, 290
331, 470, 293
293, 295, 331
334, 471, 332
332, 472, 333
473, 333, 472
337, 474, 335
475, 476, 474
335, 477, 336
336, 478, 337
474, 476, 335
338, 88, 339
341, 479, 87
342, 95, 343
345, 97, 96
347, 480, 94
92, 481, 348
482, 483, 484
484, 350, 352
352, 482, 484
349, 348, 485
485, 353, 349
93, 349, 353
354, 486, 355
357, 487, 358
488, 362, 361
360, 489, 361
361, 490, 488
363, 290, 364
330, 295, 366
369, 491, 492
491, 493, 492
494, 495, 369
496, 497, 494
364, 329, 494
498, 499, 365
500, 498, 365
365, 364, 500
494, 369, 364
329, 496, 494
368, 500, 364
369, 492, 368
370, 501, 371
502, 503, 504
505, 506, 507
502, 504, 505
508, 502, 505
507, 509, 510
508, 505, 330
511, 512, 367
373, 508, 330
507, 510, 331
331, 330, 507
367, 512, 373
505, 507, 330
374, 513, 375
