# Project Zomboid Skinned Mesh
# File Version:
1.0
# Model Name:
Cube
# Vertex Stride Element Count:
3
# Vertex Stride Size (in bytes):
76
# Vertex Stride Data:
# (Int)    Offset
# (String) Type
0
VertexArray
12
NormalArray
24
TextureCoordArray
# Vertex Count:
538
# Vertex Buffer:
0.01004099, 0.09066049, 0.02141231
0.24753563, 0.28101444, 0.92721337
0.6429432, 0.85856858
0.01004099, 0.0873581, 0.02141231
0.36091191, -0.30872524, 0.87997073
0.6429432, 0.86783944
0.01459274, 0.08331969, 0.02141231
0.75212866, 0.09515671, 0.65205848
0.65782195, 0.87917655
-0.00597364, 0.09910162, -0.01320367
-0.60429698, -0.18842128, -0.77413249
0.22275427, 0.71584284
-0.0097685, 0.18847467, -0.00713329
-0.73104036, 0.64967805, -0.20844142
0.16118623, 0.99729582
-0.00597364, 0.18847467, -0.01320367
-0.48643452, 0.64180428, -0.59279156
0.18095745, 1.0
-0.00597366, 0.07940683, -0.00296809
-0.62547684, -0.33503219, -0.70461136
0.19885309, 0.64851701
-0.00976852, 0.09910162, -0.00713329
-0.94686729, -0.08880886, -0.30906093
0.20298305, 0.71313867
0.01459274, 0.18847467, 0.02141231
0.58537555, 0.57560962, 0.57094026
0.29091093, 0.02020669
0.01401124, 0.13404253, 0.00014872
0.85940123, 0.39741203, -0.32163456
0.3851718, 0.18349743
0.01401126, 0.17572318, 0.00014872
0.85808891, -0.40006715, -0.3218177
0.36568815, 0.05097467
-0.00051537, 0.18847467, -0.01527215
-0.13391522, 0.66872156, -0.73134553
0.70682794, 0.7005263
-0.0097685, 0.18847467, -0.00713329
-0.73104036, 0.64967805, -0.20844142
0.73715836, 0.67481947
0.01401126, 0.18847467, -0.00713329
0.72927028, 0.65248573, -0.20581684
0.65942776, 0.67457482
-0.0005154, 0.04710147, 0.00850042
-0.18631551, -0.16119877, -0.96914577
0.46297404, 0.54179534
-0.00597366, 0.07940683, -0.00296809
-0.62547684, -0.33503219, -0.70461136
0.44536906, 0.64774594
-0.00051539, 0.07914325, -0.00503661
-0.17319255, -0.41883603, -0.89135408
0.46328309, 0.64734876
-0.00976852, 0.08033787, 0.0031023
-0.96258432, -0.12305063, -0.24127933
0.17864642, 0.64877304
-0.0096783, 0.08331969, 0.02141231
-0.74028748, 0.09961241, 0.66484571
0.11802281, 0.64983088
0.01401124, 0.09910162, -0.00713329
0.94790488, -0.08600116, -0.30664998
0.42505112, 0.29124117
0.01040115, 0.07940666, -0.00296809
0.63447982, -0.33182776, -0.69804984
0.42117003, 0.35582429
0.01040115, 0.09910162, -0.01320367
0.61217076, -0.1871395, -0.76824242
0.44506007, 0.28849548
0.01040115, 0.09910162, -0.01320367
0.61217076, -0.1871395, -0.76824242
0.49914813, 0.71307045
0.00494287, 0.07914325, -0.00503661
0.17319255, -0.41883603, -0.89135408
0.48112395, 0.64736348
0.00494289, 0.09910162, -0.01527215
0.17160557, -0.22598957, -0.95886105
0.48137906, 0.71348879
-0.00051538, 0.09910145, -0.01527215
-0.17160557, -0.22598957, -0.95886105
0.4635382, 0.7134735
-0.00597364, 0.09910162, -0.01320367
-0.60429698, -0.18842128, -0.77413249
0.44562554, 0.71302629
0.01040115, 0.1340424, -0.01320367
0.72392958, 0.42204046, -0.54570144
0.42872697, 0.17740196
0.01401124, 0.13404253, -0.00713329
0.73107088, 0.65202796, -0.20093387
0.40871799, 0.18014717
0.01040115, 0.1340424, -0.01320367
0.72392958, 0.42204046, -0.54570144
0.49897277, 0.82508332
0.0049429, 0.18847467, -0.01527215
0.13391522, 0.66869104, -0.73134553
0.48093051, 1.0
-0.00051537, 0.18847467, -0.01527215
-0.13391522, 0.66872156, -0.73134553
0.46308962, 0.9999853
-0.00597364, 0.18847467, -0.01320367
-0.48643452, 0.64180428, -0.59279156
0.44517696, 0.99953751
-0.00597368, 0.03532583, 0.00969843
-0.89580983, 0.02566607, -0.44367808
0.44515064, 0.50377959
-0.00597366, 0.04736522, 0.01056893
-0.78133488, -0.1683401, -0.60093999
0.44506007, 0.54219308
-0.00597366, 0.04736522, 0.01056893
-0.78133488, -0.1683401, -0.60093999
0.17004608, 0.54041678
0.01401122, 0.08033753, 0.0031023
0.9602344, -0.12997833, -0.24701682
0.4007259, 0.35561031
0.01040113, 0.04736491, 0.01056893
0.84759057, -0.21964172, -0.48298594
0.39237639, 0.4639284
-0.0096783, 0.06698114, 0.0263997
-0.77950376, 0.25324258, 0.57286292
0.57848507, 0.93283453
0.01153973, 0.05064233, 0.04003417
0.84588152, 0.28199103, 0.45268106
0.64784235, 0.99999996
0.01459273, 0.06698114, 0.0263997
0.80333871, 0.21436201, 0.55555892
0.65782189, 0.93283448
0.01040115, 0.07940666, -0.00296809
0.63447982, -0.33182776, -0.69804984
0.49889174, 0.64778957
0.00494286, 0.04710147, 0.00850042
0.18631551, -0.16119877, -0.96914577
0.4808149, 0.54181007
0.01459273, 0.06698114, 0.0263997
0.80333871, 0.21436201, 0.55555892
0.33157656, 0.40878755
0.01095823, 0.0482958, 0.01663932
0.96688741, -0.25287637, -0.03375347
0.37225407, 0.46375418
-0.00773398, 0.0482958, 0.01663932
-0.98248237, -0.154149, -0.10455641
0.14991131, 0.54062441
-0.0096783, 0.06698114, 0.0263997
-0.77950376, 0.25324258, 0.57286292
0.10952977, 0.59558961
-0.00051541, 0.03506208, 0.00762992
-0.17249061, 0.24384288, -0.95431381
0.46306464, 0.50338188
-0.00597368, 0.02013381, 0.00303075
-0.88991976, 0.10937834, -0.44273201
0.44545832, 0.45647317
-0.00540387, 0.03625673, 0.01576883
-0.98760951, -0.15454572, 0.02658162
0.15843973, 0.50269338
0.00632106, 0.03625639, 0.01576883
0.94451737, -0.24604023, 0.21750541
0.38118538, 0.50169331
-0.00764376, 0.05064233, 0.04003417
-0.81832331, 0.4062624, 0.40647602
0.80875158, 0.04612225
0.00690257, 0.04338492, 0.06371653
0.56501967, 0.29718924, 0.76964629
0.85630041, 0.11742687
0.01153973, 0.05064233, 0.04003417
0.84588152, 0.28199103, 0.45268106
0.87145835, 0.04612225
0.01040111, 0.03532583, 0.00969843
0.97936946, -0.03753777, -0.19840083
0.49867323, 0.50382379
0.01040113, 0.04736491, 0.01056893
0.84759057, -0.21964172, -0.48298594
0.49858266, 0.54223627
0.01153973, 0.05064233, 0.04003417
0.84588152, 0.28199103, 0.45268106
0.29544926, 0.46704912
0.00494285, 0.03506208, 0.00762992
0.17249061, 0.24384288, -0.95431381
0.4809055, 0.5033966
-0.00764376, 0.05064233, 0.04003417
-0.81832331, 0.4062624, 0.40647602
0.0731355, 0.53732389
-0.00051542, 0.01987006, 0.00096225
-0.17093417, 0.14221625, -0.97494429
0.46337226, 0.45607543
-0.00597376, -0.12009324, 0.01848449
-0.48735008, -0.71843624, -0.496292
0.44562551, 0.00369918
-0.00597368, 0.03532583, 0.00969843
-0.89580983, 0.02566607, -0.44367808
0.1784925, 0.5025385
-0.00256797, 0.02106497, 0.00910114
-0.95992917, -0.07467879, 0.27002776
0.18721406, 0.45739293
0.00382429, 0.02106497, 0.00910114
0.8998993, -0.09149449, 0.42634359
0.41010958, 0.54695907
0.01040111, 0.03532583, 0.00969843
0.97936946, -0.03753777, -0.19840083
0.40081877, 0.50180593
-0.0032474, 0.02562852, 0.05453612
-0.62529373, -0.53553879, 0.56761378
0.59601307, 0.04080003
0.0044058, 0.02080821, 0.04844075
0.82485425, -0.26905119, 0.49717703
0.62102979, 0.06234092
0.00591293, 0.02562852, 0.05453612
0.65715504, -0.52177495, 0.54390085
0.62595624, 0.04079998
0.01040111, 0.02013413, 0.00303075
0.94222844, 0.10605182, -0.31769767
0.49898091, 0.45651835
0.0044058, 0.02080821, 0.04844075
0.82485425, -0.26905119, 0.49717703
0.28296474, 0.56586683
0.00494284, 0.01987006, 0.00096225
0.17093417, 0.14221625, -0.97494429
0.48121315, 0.45609015
-0.00247775, 0.02080853, 0.04844075
-0.82659382, -0.23770867, 0.51008636
0.06007482, 0.43848354
-0.0032474, 0.02562852, 0.05453612
-0.62529373, -0.53553879, 0.56761378
0.03807522, 0.45102298
-0.00051549, -0.12035668, 0.01641598
-0.13599047, -0.7561571, -0.64006472
0.8578006, 0.11742687
0.01401114, -0.11916229, 0.02455488
0.74651325, -0.65883356, -0.09289834
0.81035745, 0.14392513
-0.00976862, -0.11916229, 0.02455488
-0.74361402, -0.66081727, -0.10162663
0.88808835, 0.14380801
-0.00597368, 0.02013381, 0.00303075
-0.88991976, 0.10937834, -0.44273201
0.20716703, 0.45730263
-0.00976862, -0.11916229, 0.02455488
-0.74361402, -0.66081727, -0.10162663
0.20254761, 0.00460654
0.01401114, -0.11916229, 0.02455488
0.74651325, -0.65883356, -0.09289834
0.42461589, 0.99978577
0.01040111, 0.02013413, 0.00303075
0.94222844, 0.10605182, -0.31769767
0.4294799, 0.54704005
-0.0096784, -0.10969143, 0.08266178
-0.58806115, -0.43421736, 0.68233281
0.57848501, 0.58019143
0.0044058, 0.02080821, 0.04844075
0.82485425, -0.26905119, 0.49717703
0.53243697, 0.9999986
-0.00247775, 0.02080853, 0.04844075
-0.82659382, -0.23770867, 0.51008636
0.55493784, 1.0
0.01040105, -0.12009324, 0.01848449
0.49482712, -0.71584213, -0.49259925
0.49914822, 0.00374341
0.00494278, -0.12035668, 0.01641598
0.13599047, -0.7561571, -0.64006472
0.48138043, 0.00331718
0.01004097, 0.08331952, 0.02141231
0.0, 0.14758751, 0.98904383
0.64294314, 0.87917704
0.00690257, 0.04338492, 0.06371653
0.56501967, 0.29718924, 0.76964629
0.62919104, 0.00367892
-0.00531365, 0.04338492, 0.06371653
-0.57795954, 0.29340494, 0.76146734
0.58925885, 0.00367892
0.00969448, 0.17576402, -0.00548434
0.77636033, -0.63023776, 0.0
0.96888328, 0.18526942
-0.00284685, 0.17576402, -0.00028955
-0.54896694, -0.63023776, 0.54896694
0.99999994, 0.15426582
-0.00499861, 0.17576402, -0.00548434
-0.77636033, -0.63023776, 0.0
0.98711109, 0.14159769
0.00234793, 0.44979462, 0.0018622
0.0, 0.63023776, 0.77636033
0.85262322, 0.03308749
0.00969448, 0.44979462, -0.00548434
0.77636033, 0.63023776, 0.0
0.83977354, 0.00242817
0.00234793, 0.44979462, -0.01283089
0.0, 0.63023776, -0.77636033
0.80875164, 0.01546299
0.00969448, 0.39513171, -0.00548434
1.0, 0.0, 0.0
0.93924236, 0.15741462
0.00754273, 0.44979462, -0.00028955
0.54896694, 0.63023776, 0.54896694
0.95599425, 0.33295518
0.00754273, 0.39513171, -0.00028955
0.70708334, 0.0, 0.70708334
0.95599425, 0.15735048
-0.00499861, 0.39513171, -0.00548434
-1.0, 0.0, 0.0
0.9275437, 0.47778791
-0.00284685, 0.44979462, -0.01067914
-0.54896694, 0.63023776, -0.54896694
0.94459146, 0.65333441
-0.00284685, 0.39513171, -0.01067914
-0.70708334, 0.0, -0.70708334
0.94459146, 0.47772974
0.00754273, 0.39513171, -0.01067914
0.70708334, 0.0, -0.70708334
0.92204958, 0.15735948
0.00969448, 0.44979462, -0.00548434
0.77636033, 0.63023776, 0.0
0.9392423, 0.33301932
-0.00284685, 0.39513171, -0.00028955
-0.70708334, 0.0, 0.70708334
0.91063166, 0.47772682
-0.00499861, 0.44979462, -0.00548434
-0.77636033, 0.63023776, 0.0
0.9275437, 0.65339252
0.00234793, 0.39513171, -0.01283089
0.0, 0.0, -1.0
0.92767203, 0.82476172
0.00754273, 0.44979462, -0.01067914
0.54896694, 0.63023776, -0.54896694
0.94457632, 0.99953775
0.00754273, 0.39513171, -0.01067914
0.70708334, 0.0, -0.70708334
0.94457632, 0.82429984
0.00234793, 0.39513171, 0.0018622
0.0, 0.0, 1.0
0.96157217, 0.49146253
-0.00284685, 0.44979462, -0.00028955
-0.54896694, 0.63023776, 0.54896694
0.94459146, 0.33464497
-0.00284685, 0.39513171, -0.00028955
-0.70708334, 0.0, 0.70708334
0.94459152, 0.48810154
0.00754273, 0.39513171, -0.00028955
0.70708334, 0.0, 0.70708334
0.97855282, 0.48810154
0.00234793, 0.44979462, 0.0018622
0.0, 0.63023776, 0.77636033
0.96157211, 0.33800608
-0.00284685, 0.39513171, -0.01067914
-0.70708334, 0.0, -0.70708334
0.91061699, 0.82432321
0.00234793, 0.44979462, -0.01283089
0.0, 0.63023776, -0.77636033
0.92767203, 1.0
0.00969448, 0.43799114, 0.01222857
0.98739588, 0.15814692, 0.0
0.96178418, 0.62905893
0.00570204, 0.44558829, 0.01558266
0.46821496, 0.7493515, 0.46821496
0.97233367, 0.65335116
0.00754273, 0.43799114, 0.01742336
0.69820243, 0.15814692, 0.69820243
0.97853607, 0.62899467
0.00969448, 0.39517954, 0.01222857
1.0, 0.0, 0.0
0.96178418, 0.49152666
0.00754273, 0.39517954, 0.01742336
0.70708334, 0.0, 0.70708334
0.97853607, 0.49146253
-0.00499861, 0.39517954, 0.01222857
-1.0, 0.0, 0.0
0.96148837, 0.83813421
-0.00284685, 0.43799114, 0.00703378
-0.69820243, 0.15814692, -0.69820243
0.97853607, 0.97560808
-0.00284685, 0.39517954, 0.00703378
-0.70708334, 0.0, -0.70708334
0.97853601, 0.83807582
0.00754273, 0.39517954, 0.00703379
0.70708334, 0.0, -0.70708334
0.94459152, 0.49147147
-0.00284685, 0.39517954, 0.01742336
-0.70708334, 0.0, 0.70708334
0.94457632, 0.83807305
-0.00499861, 0.43799114, 0.01222857
-0.98739588, 0.15814692, 0.0
0.96148837, 0.97566649
0.00234793, 0.39517954, 0.00488203
0.0, 0.0, -1.0
0.97168118, 0.65385467
0.00754273, 0.43799114, 0.00703379
0.69820243, 0.15814692, -0.69820243
0.98858541, 0.79063776
0.00754273, 0.39517954, 0.00703379
0.70708334, 0.0, -0.70708334
0.98858541, 0.65339252
0.00234793, 0.39517954, 0.01957511
0.0, 0.0, 1.0
0.97297496, 0.18526936
-0.00284685, 0.43799114, 0.01742336
-0.69820243, 0.15814692, 0.69820243
0.9899556, 0.30881649
-0.00284685, 0.39517954, 0.01742336
-0.70708334, 0.0, 0.70708334
0.9899556, 0.18863046
0.00754273, 0.39517954, 0.01742336
0.70708334, 0.0, 0.70708334
0.95599431, 0.18863046
0.00234793, 0.43799114, 0.01957511
0.0, 0.15814692, 0.98739588
0.97297496, 0.30545539
-0.00284685, 0.39517954, 0.00703378
-0.70708334, 0.0, -0.70708334
0.95462608, 0.65341589
0.00234793, 0.43799114, 0.00488203
0.0, 0.15814692, -0.98739588
0.97168112, 0.79109971
0.00570204, 0.44558829, 0.01558266
0.46821496, 0.7493515, 0.46821496
0.65348506, 0.25640404
0.00709136, 0.44558829, 0.01222856
0.6621601, 0.7493515, 0.0
0.64175183, 0.2562958
0.00234793, 0.44558829, 0.00748514
0.0, 0.7493515, -0.6621601
0.63345516, 0.2760914
-0.00100616, 0.44558829, 0.00887446
-0.46821496, 0.7493515, -0.46821496
0.97257757, 0.99996228
0.00754273, 0.43799114, 0.00703379
0.69820243, 0.15814692, -0.69820243
0.94459146, 0.62900376
0.00709136, 0.44558829, 0.01222856
0.6621601, 0.7493515, 0.0
0.96151751, 0.65339252
-0.00100616, 0.44558829, 0.01558266
-0.46821496, 0.7493515, 0.46821496
0.95065087, 0.99996046
-0.00239548, 0.44558829, 0.01222856
-0.6621601, 0.7493515, 0.0
0.96157044, 1.0
0.00570204, 0.44558829, 0.00887446
0.46821496, 0.7493515, -0.46821496
0.98250449, 0.81461146
-0.00100616, 0.44558829, 0.01558266
-0.46821496, 0.7493515, 0.46821496
0.98393881, 0.33301932
0.00754273, 0.43799114, 0.01742336
0.69820243, 0.15814692, 0.69820243
0.95599431, 0.30881649
0.00234793, 0.44558829, 0.01697199
0.0, 0.7493515, 0.6621601
0.97297496, 0.33084917
-0.00100616, 0.44558829, 0.00887446
-0.46821496, 0.7493515, -0.46821496
0.96057808, 0.81462659
0.00234793, 0.44558829, 0.00748514
0.0, 0.7493515, -0.6621601
0.97158992, 0.8149098
-0.00284685, 0.31508154, 0.00703378
-0.70708334, 0.0, -0.70708334
0.69574106, 0.31898057
0.00234793, 0.38329905, 0.00488203
0.0, 0.0, -1.0
0.67868596, 0.09985059
0.00234793, 0.31508154, 0.00488203
0.0, 0.0, -1.0
0.67868596, 0.318542
0.00754273, 0.31508154, 0.01742336
0.70708334, 0.0, 0.70708334
0.92204964, 0.32965815
0.00234793, 0.38329905, 0.01957511
0.0, 0.0, 1.0
0.90506893, 0.14151055
0.00234793, 0.31508154, 0.01957511
0.0, 0.0, 1.0
0.90506899, 0.33301932
-0.00284685, 0.38329905, 0.01742336
-0.70708334, 0.0, 0.70708334
0.88808829, 0.1381495
-0.00284685, 0.31508154, 0.01742336
-0.70708334, 0.0, 0.70708334
0.88808835, 0.32965815
0.00754273, 0.38329905, 0.00703379
0.70708334, 0.0, -0.70708334
0.66178161, 0.10031265
0.00754273, 0.31508154, 0.00703379
0.70708334, 0.0, -0.70708334
0.66178167, 0.31900394
-0.00284685, 0.31508154, 0.01742336
-0.70708334, 0.0, 0.70708334
0.70196962, 0.1035552
-0.00499861, 0.38329905, 0.01222857
-1.0, 0.0, 0.0
0.71888173, 0.32276529
-0.00499861, 0.31508154, 0.01222857
-1.0, 0.0, 0.0
0.71888167, 0.10361654
0.00754273, 0.31508154, 0.00703379
0.70708334, 0.0, -0.70708334
0.80875152, 0.33201694
0.00969448, 0.38329905, 0.01222857
1.0, 0.0, 0.0
0.79155886, 0.11281306
0.00969448, 0.31508154, 0.01222857
1.0, 0.0, 0.0
0.7915588, 0.33196181
-0.00284685, 0.38329905, 0.00703378
-0.70708334, 0.0, -0.70708334
0.73592937, 0.32270682
-0.00284685, 0.31508154, 0.00703378
-0.70708334, 0.0, -0.70708334
0.73592937, 0.10355794
0.00754273, 0.38329905, 0.01742336
0.70708334, 0.0, 0.70708334
0.77480692, 0.11287719
0.00754273, 0.31508154, 0.01742336
0.70708334, 0.0, 0.70708334
0.77480692, 0.33202595
-0.00284685, 0.17576402, -0.01067914
-0.54896694, -0.63023776, -0.54896694
0.80875158, 0.33304268
0.00234793, 0.38367462, -0.01283089
0.0, 0.0, -1.0
0.82580668, 1.0
0.00234793, 0.17576402, -0.01283089
0.0, -0.63023776, -0.77636033
0.82580668, 0.33348149
0.00754273, 0.17576402, -0.00028955
0.54896694, -0.63023776, 0.54896694
0.87667233, 0.99663897
0.00234793, 0.38367462, 0.0018622
0.0, 0.0, 1.0
0.85969162, 0.41632766
0.00234793, 0.17576402, 0.0018622
0.0, -0.63023776, 0.77636033
0.85969168, 1.0
-0.00284685, 0.38367462, -0.00028955
-0.70708334, 0.0, 0.70708334
0.84271097, 0.41296655
-0.00284685, 0.17576402, -0.00028955
-0.54896694, -0.63023776, 0.54896694
0.84271103, 0.99663902
0.00754273, 0.38367462, -0.01067914
0.70708334, 0.0, -0.70708334
0.84271091, 0.99953785
0.00754273, 0.17576402, -0.01067914
0.54896694, -0.63023776, -0.54896694
0.84271097, 0.33301932
-0.00284685, 0.17576402, -0.00028955
-0.54896694, -0.63023776, 0.54896694
0.77480686, 1.0
-0.00499861, 0.38367462, -0.00548434
-1.0, 0.0, 0.0
0.75789487, 0.33202595
-0.00499861, 0.17576402, -0.00548434
-0.77636033, -0.63023776, 0.0
0.75789481, 0.99993887
0.00754273, 0.17576402, -0.01067914
0.54896694, -0.63023776, -0.54896694
0.77480692, 0.33203179
0.00969448, 0.38367462, -0.00548434
1.0, 0.0, 0.0
0.79199964, 1.0
0.00969448, 0.17576402, -0.00548434
0.77636033, -0.63023776, 0.0
0.7919997, 0.33208698
-0.00284685, 0.38367462, -0.01067914
-0.70708334, 0.0, -0.70708334
0.74084711, 0.33208436
-0.00284685, 0.17576402, -0.01067914
-0.54896694, -0.63023776, -0.54896694
0.74084711, 0.99999722
0.00754273, 0.38367462, -0.00028955
0.70708334, 0.0, 0.70708334
0.80875158, 0.99993576
0.00754273, 0.17576402, -0.00028955
0.54896694, -0.63023776, 0.54896694
0.80875158, 0.33202279
0.00878647, 0.39545876, 0.00651861
0.62044132, 0.66570026, -0.41456342
0.6956802, 0.04056096
0.0109382, 0.38302428, 0.0117134
0.73186439, -0.66570026, -0.14557329
0.65509683, 0.02365291
0.00878647, 0.38302428, 0.00651861
0.62044132, -0.66570026, -0.41456342
0.65503609, 0.04055017
0.0080579, 0.39545876, 0.00579004
0.54728842, 0.80446792, -0.23075046
0.6956597, 0.04297376
0.0080579, 0.38313696, 0.00095419
0.55339211, -0.80336922, 0.21976379
0.65538371, 0.05849117
0.0080579, 0.38302428, 0.00579004
0.54484695, -0.80483413, -0.23514512
0.65501547, 0.04296297
0.00878647, 0.39541066, 0.00022561
0.6204108, 0.66570026, 0.41459396
0.69552302, 0.06076801
0.00878647, 0.38313696, 0.00022561
0.62044132, -0.66570026, 0.41456342
0.65540433, 0.06075734
0.0109382, 0.39541066, -0.00496917
0.73186439, 0.66570026, 0.14557329
0.69558376, 0.07723212
0.0109382, 0.38313696, -0.00599953
0.73186439, -0.66570026, -0.14557329
0.65546513, 0.08052993
0.0109382, 0.38313696, -0.00496917
0.73183388, -0.66570026, 0.14557329
0.65546513, 0.07722145
0.00878647, 0.39541066, -0.01119429
0.6204108, 0.66570026, -0.41459396
0.69552302, 0.0974378
0.00878647, 0.38313696, -0.01119429
0.62044132, -0.66570026, -0.41456342
0.65540433, 0.09742713
0.0080579, 0.38313696, -0.01192285
0.41456342, -0.66570026, -0.62044132
0.65538377, 0.09983993
0.00286311, 0.39541066, -0.01407463
0.14557329, 0.66573077, -0.73183388
0.57235456, 0.06233865
0.0080579, 0.38313696, -0.01192285
0.41456342, -0.66570026, -0.62044132
0.58925885, 0.0225296
0.00286311, 0.38313696, -0.01407463
0.14557329, -0.66576129, -0.73177284
0.57235461, 0.02299178
0.00183276, 0.38313696, -0.01407463
-0.14557329, -0.66570026, -0.73183388
0.56898677, 0.02299398
-0.00409058, 0.38313696, -0.01119429
-0.62044132, -0.66570026, -0.41456342
0.88370597, 0.46856278
0.0080579, 0.38313696, -0.01192285
0.41456342, -0.66570026, -0.62044132
0.92341673, 0.47088069
0.0080579, 0.38313696, 0.00095419
0.55339211, -0.80336922, 0.21976379
0.92341673, 0.42991161
0.0080579, 0.39541066, -0.01192285
0.41456342, 0.66570026, -0.62044132
0.50856328, 0.16813225
-0.00409058, 0.39541066, -0.01119429
-0.62044132, 0.66570026, -0.4145329
0.5482741, 0.16582251
0.0080579, 0.39541066, 0.00095418
0.55095065, 0.80385756, 0.22415845
0.50856328, 0.12730885
0.0109382, 0.39545876, 0.01274374
0.73180336, 0.66576129, 0.14557329
0.695741, 0.02035522
0.0109382, 0.38302428, 0.01274374
0.73186439, -0.66570026, 0.14557329
0.65509683, 0.02034438
0.00878647, 0.39545846, 0.01793853
0.62044132, 0.66570026, 0.41456342
0.69567925, 0.00389111
0.00878647, 0.38302428, 0.01793853
0.62044132, -0.66570026, 0.4145329
0.65503603, 0.00388032
0.0080579, 0.38302428, 0.0186671
0.41456342, -0.66570026, 0.62044132
0.65501547, 0.00161415
0.0080579, 0.39545846, 0.0186671
0.41456342, 0.66566974, 0.62044132
0.69565868, 0.00162494
0.0080579, 0.39545846, 0.0186671
0.41456342, 0.66566974, 0.62044132
0.85262328, 0.04612118
0.00286311, 0.38302428, 0.02081885
0.14557329, -0.66570026, 0.73183388
0.86960393, 0.00785345
0.0080579, 0.38302428, 0.0186671
0.41456342, -0.66570026, 0.62044132
0.85262328, 0.01121444
0.00183276, 0.38302428, 0.02081885
-0.14557329, -0.66570026, 0.73183388
0.87297189, 0.00785345
0.00286311, 0.39545876, 0.02081885
0.14557329, 0.66579181, 0.73177284
0.86960393, 0.04276109
0.00183276, 0.39545876, 0.02081885
-0.14554277, 0.66570026, 0.73183388
0.87297189, 0.04276109
-0.00336202, 0.38302428, 0.0186671
-0.4145329, -0.66570026, 0.62044132
0.88995254, 0.01121455
-0.00409058, 0.38302428, 0.01793853
-0.62044132, -0.66570026, 0.41456342
0.99185455, 0.04219472
-0.00336202, 0.39545876, 0.0186671
-0.41456342, 0.66570026, 0.62044132
0.95123088, 0.03987998
-0.00409058, 0.39545876, 0.01793853
-0.62044132, 0.66570026, 0.4145329
0.9512102, 0.04219794
-0.00624234, 0.38302428, 0.01274374
-0.73186439, -0.66570026, 0.14557329
0.99179357, 0.05881619
-0.00624234, 0.38302428, 0.0117134
-0.73186439, -0.66570026, -0.14557329
0.99179345, 0.06212616
-0.00624234, 0.39545876, 0.01274374
-0.73186439, 0.66570026, 0.14557329
0.95114946, 0.05881941
-0.00624234, 0.39545876, 0.0117134
-0.73183388, 0.66573077, -0.14557329
0.95114934, 0.06212938
-0.00409058, 0.39545846, 0.00651861
-0.62047184, 0.66566974, -0.41456342
0.95121139, 0.07888412
-0.00336202, 0.39545846, 0.00579005
-0.54731894, 0.80446792, -0.23071992
0.95123184, 0.08124715
-0.00409058, 0.38302428, 0.00651861
-0.62044132, -0.66570026, -0.41456342
0.99185455, 0.07888091
-0.00336202, 0.38313696, 0.00095418
-0.55339211, -0.80336922, 0.21976379
0.99150664, 0.09677905
-0.00336202, 0.39541066, 0.00095418
-0.55092013, 0.80385756, 0.22418897
0.95138812, 0.09678221
-0.00409058, 0.38313696, 0.00022561
-0.6204108, -0.66570026, 0.41459396
0.99148589, 0.09909695
-0.00409058, 0.39541066, 0.00022561
-0.62044132, 0.66570026, 0.41456342
0.95136744, 0.09910017
-0.00624234, 0.38313696, -0.00496917
-0.73186439, -0.66570026, 0.14557329
0.99142522, 0.11571842
-0.00624234, 0.39541066, -0.00496917
-0.73186439, 0.66570026, 0.14557329
0.95130664, 0.11572164
-0.00624234, 0.38313696, -0.00599953
-0.73183388, -0.66570026, -0.14557329
0.9914251, 0.11902839
-0.00624234, 0.39541066, -0.00599953
-0.73186439, 0.66570026, -0.14557329
0.95130646, 0.11903161
-0.00409058, 0.38313696, -0.01119429
-0.62044132, -0.66570026, -0.41456342
0.99148589, 0.13578308
-0.00409058, 0.39541066, -0.01119429
-0.62044132, 0.66570026, -0.4145329
0.95136744, 0.13578629
0.00183276, 0.39541066, -0.01407463
-0.14557329, 0.66570026, -0.73186439
0.56898677, 0.06234092
-0.00336202, 0.38313696, -0.01192288
-0.41456342, -0.66570026, -0.62044132
0.55193174, 0.02255517
-0.00336202, 0.39541066, -0.01192288
-0.41456342, 0.66573077, -0.6204108
0.55193174, 0.06190211
-0.00336202, 0.38313696, -0.01192288
-0.41456342, -0.66570026, -0.62044132
0.99150646, 0.13814622
-0.00336202, 0.39541066, -0.01192288
-0.41456342, 0.66573077, -0.6204108
0.95138794, 0.13814944
0.00969448, 0.15337794, 0.01222857
1.0, 0.0, 0.0
0.89386505, 0.73885393
0.00754273, 0.23466852, 0.01742336
0.70708334, 0.0, 0.70708334
0.91061693, 0.9999358
0.00754273, 0.15337794, 0.01742336
0.70708334, 0.0, 0.70708334
0.91061693, 0.73878974
-0.00499861, 0.15337794, 0.01222857
-1.0, 0.0, 0.0
0.71888167, 0.32282645
-0.00284685, 0.23466852, 0.00703378
-0.70708334, 0.0, -0.70708334
0.73592937, 0.58391416
-0.00284685, 0.15337794, 0.00703378
-0.70708334, 0.0, -0.70708334
0.73592937, 0.32276815
0.00754273, 0.15337794, 0.00703379
0.70708334, 0.0, -0.70708334
0.87667233, 0.7387988
0.00969448, 0.23466852, 0.01222857
1.0, 0.0, 0.0
0.89386505, 1.0
-0.00284685, 0.15337794, 0.01742336
-0.70708334, 0.0, 0.70708334
0.70196962, 0.32276529
-0.00499861, 0.23466852, 0.01222857
-1.0, 0.0, 0.0
0.71888173, 0.58397251
0.00234793, 0.15337794, 0.00488203
0.0, 0.0, -1.0
0.89372742, 0.47818887
0.00754273, 0.23466852, 0.00703379
0.70708334, 0.0, -0.70708334
0.91063172, 0.73832768
0.00754273, 0.15337794, 0.00703379
0.70708334, 0.0, -0.70708334
0.91063172, 0.47772682
0.00234793, 0.15337794, 0.01957511
0.0, 0.0, 0.99996948
0.75782776, 0.10045588
-0.00284685, 0.23466852, 0.01742336
-0.70708334, 0.0, 0.70708334
0.77480841, 0.33202595
-0.00284685, 0.15337794, 0.01742336
-0.70708334, 0.0, 0.70708334
0.77480841, 0.10381693
0.00754273, 0.15337794, 0.01742336
0.70708334, 0.0, 0.70708334
0.74084711, 0.10381693
0.00234793, 0.23466852, 0.01957511
0.0, 0.0, 1.0
0.75782776, 0.3286649
-0.00284685, 0.15337794, 0.00703378
-0.70708334, 0.0, -0.70708334
0.87667233, 0.47775012
0.00234793, 0.23466852, 0.00488203
0.0, 0.0, -1.0
0.89372742, 0.73878974
0.01199388, 0.32735369, 0.01614436
0.73323768, 0.66490674, 0.14224677
0.7198323, 0.99999397
0.00984212, 0.23416618, 0.02133914
0.62044132, -0.66570026, 0.4145329
0.73658425, 0.70056486
0.01199388, 0.23416618, 0.01614436
0.73314613, -0.66487622, 0.14267403
0.7198323, 0.700629
-0.00722101, 0.31984091, -0.00283048
-0.63200784, 0.28247932, -0.72161013
0.49914819, 0.5801914
0.01183628, 0.23416618, -0.00283048
0.57472456, -0.57777643, -0.57951599
0.56143886, 0.30549324
-0.00722101, 0.23416618, -0.00283048
-0.57606739, -0.57756281, -0.57838678
0.49914822, 0.30553597
0.01183628, 0.32735369, 0.00413023
0.62050235, 0.7174291, -0.31662953
0.62867594, 0.08831519
-0.00722101, 0.31984091, -0.00283048
-0.63200784, 0.28247932, -0.72161013
0.56638175, 0.06234092
-0.00722101, 0.32735369, 0.00413023
-0.62388986, 0.71556747, -0.31412703
0.56638175, 0.08831519
-0.00722101, 0.31984091, -0.00283048
-0.63200784, 0.28247932, -0.72161013
0.66178167, 0.55983958
-0.00729801, 0.23416618, 0.01614436
-0.73250526, -0.66530353, 0.14413892
0.59975743, 0.28460652
-0.00729801, 0.32735369, 0.01614436
-0.73253578, 0.66530353, 0.14392529
0.59975743, 0.58397147
0.01183628, 0.23416618, -0.00283048
0.57472456, -0.57777643, -0.57951599
0.65782195, 0.70064116
0.01183628, 0.31984091, -0.00283048
0.63051242, 0.28257087, -0.72289193
0.65782195, 0.97587119
0.00849517, 0.32735369, 0.02268611
0.41456342, 0.66570026, 0.62044132
0.74084711, 0.99989124
0.00849517, 0.23416618, 0.02268611
0.41456342, -0.66570026, 0.6204108
0.74084711, 0.7005263
0.00330038, 0.23416618, 0.02483787
0.14557329, -0.66570026, 0.73183388
0.67876232, 0.31900394
0.00849517, 0.32735369, 0.02268611
0.41456342, 0.66570026, 0.62044132
0.66178161, 0.58397251
0.00330038, 0.32735369, 0.02483787
0.14557329, 0.66570026, 0.73186439
0.67876232, 0.58061153
0.00139549, 0.23416618, 0.02483787
-0.14557329, -0.66570026, 0.73183388
0.68498898, 0.31900394
-0.0037993, 0.23416618, 0.02268611
-0.41456342, -0.66570026, 0.6204108
0.70196962, 0.32236505
0.00139549, 0.32735369, 0.02483787
-0.14557329, 0.66570026, 0.73186439
0.68498898, 0.58061153
-0.0037993, 0.32735369, 0.02268611
-0.4145329, 0.66570026, 0.62044132
0.70196962, 0.58397251
-0.00514626, 0.23416618, 0.02133914
-0.62044132, -0.66570026, 0.4145329
0.58284539, 0.28454536
-0.0037993, 0.32735369, 0.02268611
-0.4145329, 0.66570026, 0.62044132
0.57848507, 0.58387256
-0.00514626, 0.32735369, 0.02133914
-0.62044132, 0.66570026, 0.4145329
0.58284539, 0.58391038
-0.00729801, 0.32735369, 0.01614436
-0.73253578, 0.66530353, 0.14392529
0.56613004, 0.12640291
0.00139549, 0.32735369, 0.02483787
-0.14557329, 0.66570026, 0.73186439
0.59454721, 0.15396357
0.00849517, 0.32735369, 0.02268611
0.41456342, 0.66570026, 0.62044132
0.61775452, 0.14714193
-0.00729801, 0.23416618, 0.01614436
-0.73250526, -0.66530353, 0.14413892
0.95114934, 0.1104905
0.01183628, 0.23416618, -0.00283048
0.57472456, -0.57777643, -0.57951599
0.88860351, 0.05012089
0.01199388, 0.23416618, 0.01614436
0.73314613, -0.66487622, 0.14267403
0.88808829, 0.11049044
0.01401126, 0.17572318, -0.00713329
0.73107088, -0.65202796, -0.20093387
0.38923433, 0.04762447
0.01040117, 0.18847467, -0.01320367
0.49403363, 0.63985109, -0.58861047
0.40328258, 0.00433558
0.01401126, 0.18847467, -0.00713329
0.72927028, 0.65248573, -0.20581684
0.38327363, 0.00708127
0.01401126, 0.17572318, -0.00713329
0.73107088, -0.65202796, -0.20093387
0.56143886, 0.42332995
0.01401126, 0.17572318, 0.00014872
0.85808891, -0.40006715, -0.3218177
0.56764734, 0.44568014
0.01155363, 0.17572318, -0.00622536
0.61296427, -0.77190465, -0.16849269
0.56996274, 0.42403716
0.01040115, 0.1340424, -0.01320367
0.72392958, 0.42204046, -0.54570144
0.56764579, 0.40164399
0.01155363, 0.13404253, -0.00622536
0.61296427, 0.77190465, -0.16849269
0.56996059, 0.37932891
0.01401124, 0.13404253, -0.00713329
0.73107088, 0.65202796, -0.20093387
0.56143886, 0.38001865
0.01155363, 0.13404253, 0.00105662
0.47315896, 0.56096071, -0.67925048
0.56143892, 0.44638723
0.01401126, 0.17572318, 0.00014872
0.85808891, -0.40006715, -0.3218177
0.56950366, 0.5801914
0.01401124, 0.13404253, 0.00014872
0.85940123, 0.39741203, -0.32163456
0.56950366, 0.44657177
0.01155363, 0.13404253, 0.00105662
0.47315896, 0.56096071, -0.67925048
0.95462602, 0.65348148
0.01155363, 0.17572318, -0.00622536
0.61296427, -0.77190465, -0.16849269
0.93083453, 0.78738688
0.01155363, 0.17572318, 0.00105662
0.47315896, -0.56096071, -0.67925048
0.95462602, 0.78738056
0.01155363, 0.13404253, -0.00622536
0.61296427, 0.77190465, -0.16849269
0.93083447, 0.65348774
0.00794354, 0.17572318, -0.01229575
0.77562791, -0.5683462, 0.27454451
0.91063166, 0.78729209
0.01040117, 0.17572318, -0.01320367
0.72392958, -0.42204046, -0.54567093
0.57753712, 0.46176177
0.00794353, 0.1340424, -0.01229575
0.77562791, 0.5683462, 0.27451399
0.56950366, 0.5801914
0.01040115, 0.1340424, -0.01320367
0.72392958, 0.42204046, -0.54570144
0.57753712, 0.57877326
-0.0096783, 0.08331969, 0.02141231
-0.74028748, 0.09961241, 0.66484571
0.57848507, 0.87917661
-0.00556025, 0.12306353, 0.02141231
-0.45777765, -0.28934598, 0.84063232
0.59194607, 0.76760274
-0.00556025, 0.12636563, 0.02141231
-0.17667165, 0.23169652, 0.95660269
0.59194607, 0.7583327
-0.00556027, 0.08331969, 0.02141231
0.0, 0.14758751, 0.98904383
0.59194607, 0.87917659
-0.00556025, 0.08735824, 0.02141231
-0.36091191, -0.30872524, 0.87997073
0.59194613, 0.86783908
0.01004099, 0.18847467, 0.02141231
0.0, 0.70708334, 0.70708334
0.64294314, 0.58397248
-0.00556025, 0.18847467, 0.02141231
0.0, 0.70708334, 0.70708334
0.59194601, 0.58397254
0.01004099, 0.11863111, 0.02865804
0.75701165, -0.47431868, -0.44935453
0.57132274, 0.30549324
-0.00556025, 0.12306353, 0.02141231
-0.45777765, -0.28934598, 0.84063232
0.54987675, 0.25537235
0.01004099, 0.12306353, 0.02141231
0.45777765, -0.28934598, 0.84063232
0.54987675, 0.30549318
0.01004099, 0.12306353, 0.02141231
0.45777765, -0.28934598, 0.84063232
0.6429432, 0.76760271
-0.00556025, 0.12193318, 0.02865804
-0.66454053, 0.54609823, 0.5099948
0.59194613, 0.78209391
0.01004099, 0.12636563, 0.02141231
0.17667165, 0.23169652, 0.95660269
0.6429432, 0.75833265
-0.00556025, 0.1102769, 0.03693211
-0.64467299, 0.23218483, 0.72829372
0.59194613, 0.82774101
0.01004099, 0.12193318, 0.02865804
0.66454053, 0.54609823, 0.5099948
0.6429432, 0.78209387
-0.00556025, 0.08903383, 0.02865804
-0.79921871, 0.59398174, -0.09158605
0.92863762, 6e-08
0.01004099, 0.09066049, 0.02141231
0.24753563, 0.28101444, 0.92721337
0.95114928, 0.05012089
-0.00556025, 0.09066037, 0.02141231
-0.24753563, 0.28104496, 0.92721337
0.95114934, 6e-08
0.01004099, 0.0873581, 0.02141231
0.36091191, -0.30872524, 0.87997073
0.49914819, 0.01348269
-0.00556025, 0.08573142, 0.02865804
-0.63292336, -0.76482439, 0.12012085
0.55014527, 0.03581047
-0.00556025, 0.08735824, 0.02141231
-0.36091191, -0.30872524, 0.87997073
0.55014533, 0.01348275
0.01004099, 0.09060713, 0.03693211
0.61061436, -0.39289528, 0.6875515
0.64294326, 0.88296041
-0.00556025, 0.09060702, 0.03693211
-0.61061436, -0.39289528, 0.6875515
0.59194613, 0.88296074
0.01004099, 0.09060713, 0.03693211
0.61061436, -0.39289528, 0.6875515
0.49914819, 0.06430781
0.01004099, 0.08573131, 0.02865804
0.63292336, -0.76482439, 0.12015137
0.49914819, 0.03581041
0.01004099, 0.09287485, 0.03526124
0.83819085, 0.27191991, -0.47273171
0.90530539, 0.05012089
0.01004099, 0.08903369, 0.02865804
0.79924923, 0.59395123, -0.09158605
0.92863774, 0.05012089
0.01004099, 0.10904158, 0.03526195
0.78044987, -0.18564409, -0.5970031
0.77466404, 0.06833106
-0.00556025, 0.11863111, 0.02865804
-0.75701165, -0.47431868, -0.44935453
0.72381282, 0.10035515
0.01004099, 0.11863111, 0.02865804
0.75701165, -0.47431868, -0.44935453
0.77480692, 0.10045588
-0.00556025, 0.10904158, 0.03526195
-0.78044987, -0.18564409, -0.5970031
0.72366995, 0.06823033
0.01004099, 0.09287485, 0.03526124
0.83819085, 0.27191991, -0.47273171
0.77480686, 0.01650423
-0.00556025, 0.09287485, 0.03526124
-0.83819085, 0.27191991, -0.47273171
0.72381282, 0.0164035
-0.00556025, 0.09287485, 0.03526124
-0.83819085, 0.27191991, -0.47273171
0.50460964, 0.19790041
-0.00556025, 0.09060702, 0.03693211
-0.61061436, -0.39289528, 0.6875515
0.49914819, 0.19061458
-0.00556025, 0.1102769, 0.03693211
-0.64467299, 0.23218483, 0.72829372
0.49914819, 0.25380409
0.01004099, 0.1102769, 0.03693211
0.64467299, 0.23218483, 0.72829372
0.57848507, 0.20566207
0.01004099, 0.09287485, 0.03526124
0.83819085, 0.27191991, -0.47273171
0.58394414, 0.26156467
0.01004099, 0.10904158, 0.03526195
0.78044987, -0.18564409, -0.5970031
0.58394176, 0.20962906
0.01459274, 0.18847467, 0.02141231
0.58537555, 0.57560962, 0.57094026
0.65782189, 0.58397248
0.01459274, 0.08331969, 0.02141231
0.75212866, 0.09515671, 0.65205848
0.34006569, 0.35454488
0.01459274, 0.18847467, 0.02141231
0.58537555, 0.57560962, 0.57094026
0.65782195, 0.58407265
0.01004099, 0.18847467, 0.02141231
0.0, 0.70708334, 0.70708334
0.67270058, 0.5841195
0.01040117, 0.18847467, -0.01320367
0.49403363, 0.63985109, -0.58861047
0.67116565, 0.69385648
0.0049429, 0.18847467, -0.01527215
0.13391522, 0.66869104, -0.73134553
0.68898612, 0.70047015
-0.00597364, 0.18847467, -0.01320367
-0.48643452, 0.64180428, -0.59279156
0.72469109, 0.69402495
-0.00967828, 0.18847467, 0.02141231
-0.57634205, 0.57750177, 0.57817316
0.73715836, 0.58432236
-0.00556025, 0.18847467, 0.02141231
0.0, 0.70708334, 0.70708334
0.72369742, 0.58427998
-0.00967828, 0.18847467, 0.02141231
-0.57634205, 0.57750177, 0.57817316
0.06884533, 0.98416583
0.01040117, 0.18847467, -0.01320367
0.49403363, 0.63985109, -0.58861047
0.49869961, 0.9995817
0.01040117, 0.17572318, -0.01320367
0.72392958, -0.42204046, -0.54567093
0.49876362, 0.95870312
-0.00764376, 0.05064233, 0.04003417
-0.81832331, 0.4062624, 0.40647602
0.58513558, 1.0
-0.00531365, 0.04338492, 0.06371653
-0.57795954, 0.29340494, 0.76146734
0.81636822, 0.11742687
0.00690257, 0.04338492, 0.06371653
0.56501967, 0.29718924, 0.76964629
0.22275427, 0.50108001
-0.00531365, 0.04338492, 0.06371653
-0.57795954, 0.29340494, 0.76146734
0.0, 0.50330424
-0.00051549, -0.12035668, 0.01641598
-0.13599047, -0.7561571, -0.64006472
0.46353954, 0.00330245
-0.00247775, 0.02080853, 0.04844075
-0.82659382, -0.23770867, 0.51008636
0.59852892, 0.0623408
0.00591293, 0.02562852, 0.05453612
0.65715504, -0.52177495, 0.54390085
0.26084343, 0.55332538
0.01459264, -0.10969079, 0.08266178
0.59807122, -0.42878506, 0.67705315
0.80875158, 0.33301932
-0.0096784, -0.10969143, 0.08266178
-0.58806115, -0.43421736, 0.68233281
0.88808835, 0.33289945
-0.00597376, -0.12009324, 0.01848449
-0.48735008, -0.71843624, -0.496292
0.87565297, 0.12409854
0.00494278, -0.12035668, 0.01641598
0.13599047, -0.7561571, -0.64006472
0.83995873, 0.11745375
0.01040105, -0.12009324, 0.01848449
0.49482712, -0.71584213, -0.49259925
0.82212728, 0.12417912
-0.00597376, -0.12009324, 0.01848449
-0.48735008, -0.71843624, -0.496292
0.22275423, 0.00435078
0.01040105, -0.12009324, 0.01848449
0.49482712, -0.71584213, -0.49259925
0.44506004, 1.0
0.01459264, -0.10969079, 0.08266178
0.59807122, -0.42878506, 0.67705315
0.49914819, 0.58019143
0.01459264, -0.10969079, 0.08266178
0.59807122, -0.42878506, 0.67705315
0.23224007, 0.996397
-0.0096784, -0.10969143, 0.08266178
-0.58806115, -0.43421736, 0.68233281
0.01014766, 0.0079937
-0.00284685, 0.17576402, -0.01067914
-0.54896694, -0.63023776, -0.54896694
0.96888328, 0.14172077
0.00234793, 0.17576402, -0.01283089
0.0, -0.63023776, -0.77636033
0.95599431, 0.15456289
0.00754273, 0.17576402, -0.01067914
0.54896694, -0.63023776, -0.54896694
0.95599431, 0.17260134
0.00754273, 0.17576402, -0.00028955
0.54896694, -0.63023776, 0.54896694
0.98711097, 0.18514633
0.00234793, 0.17576402, 0.0018622
0.0, -0.63023776, 0.77636033
0.99999994, 0.17230421
-0.00284685, 0.44979462, -0.01067914
-0.54896694, 0.63023776, -0.54896694
0.80875158, 0.03349221
-0.00499861, 0.44979462, -0.00548434
-0.77636033, 0.63023776, 0.0
0.82160121, 0.04612225
-0.00284685, 0.44979462, -0.00028955
-0.54896694, 0.63023776, 0.54896694
0.83977348, 0.04595459
0.00754273, 0.44979462, -0.00028955
0.54896694, 0.63023776, 0.54896694
0.85262328, 0.01505828
0.00754273, 0.44979462, -0.01067914
0.54896694, 0.63023776, -0.54896694
0.82160133, 0.00259584
0.00754273, 0.44979462, -0.01067914
0.54896694, 0.63023776, -0.54896694
0.92204958, 0.33296418
-0.00284685, 0.44979462, -0.00028955
-0.54896694, 0.63023776, 0.54896694
0.91063166, 0.65333164
0.00754273, 0.44979462, -0.00028955
0.54896694, 0.63023776, 0.54896694
0.97855282, 0.33464497
-0.00284685, 0.44979462, -0.01067914
-0.54896694, 0.63023776, -0.54896694
0.91061693, 0.99956111
-0.00284685, 0.43799114, 0.01742336
-0.69820243, 0.15814692, 0.69820243
0.94457632, 0.97560531
-0.00284685, 0.43799114, 0.00703378
-0.69820243, 0.15814692, -0.69820243
0.95462608, 0.79066111
-0.00100616, 0.44558829, 0.00887446
-0.46821496, 0.7493515, -0.46821496
0.64175177, 0.28439933
-0.00239548, 0.44558829, 0.01222856
-0.6621601, 0.7493515, 0.0
0.65348494, 0.28450763
-0.00100616, 0.44558829, 0.01558266
-0.46821496, 0.7493515, 0.46821496
0.66178161, 0.27635282
0.00234793, 0.44558829, 0.01697199
0.0, 0.7493515, 0.6621601
0.66178161, 0.26471198
0.00570204, 0.44558829, 0.00887446
0.46821496, 0.7493515, -0.46821496
0.63345516, 0.26445055
0.00570204, 0.44558829, 0.00887446
0.46821496, 0.7493515, -0.46821496
0.95041674, 0.65335709
0.00570204, 0.44558829, 0.01558266
0.46821496, 0.7493515, 0.46821496
0.9620111, 0.33301932
-0.00284685, 0.38329905, 0.00703378
-0.70708334, 0.0, -0.70708334
0.695741, 0.10028929
0.00754273, 0.38329905, 0.01742336
0.70708334, 0.0, 0.70708334
0.92204958, 0.1381495
-0.00284685, 0.38329905, 0.01742336
-0.70708334, 0.0, 0.70708334
0.70196968, 0.32270414
0.00754273, 0.38329905, 0.00703379
0.70708334, 0.0, -0.70708334
0.80875152, 0.11286819
-0.00284685, 0.38367462, -0.01067914
-0.70708334, 0.0, -0.70708334
0.80875158, 0.99956121
0.00754273, 0.38367462, -0.00028955
0.70708334, 0.0, 0.70708334
0.87667227, 0.41296655
-0.00284685, 0.38367462, -0.00028955
-0.70708334, 0.0, 0.70708334
0.77480692, 0.33208716
0.00754273, 0.38367462, -0.01067914
0.70708334, 0.0, -0.70708334
0.77480692, 0.99994485
0.0109382, 0.39545876, 0.0117134
0.73183388, 0.66573077, -0.14554277
0.695741, 0.0236637
0.0080579, 0.39541066, 0.00095418
0.55095065, 0.80385756, 0.22415845
0.69550246, 0.0585019
0.0109382, 0.39541066, -0.00599953
0.73186439, 0.66570026, -0.14557329
0.69558376, 0.0805406
0.0080579, 0.39541066, -0.01192285
0.41456342, 0.66570026, -0.62044132
0.69550252, 0.09985059
0.0080579, 0.39541066, -0.01192285
0.41456342, 0.66570026, -0.62044132
0.58925885, 0.0618766
0.00878647, 0.38302428, 0.00651861
0.62044132, -0.66570026, -0.41456342
0.9257983, 0.41225827
0.0109382, 0.38302428, 0.0117134
0.73186439, -0.66570026, -0.14557329
0.93283188, 0.39573073
0.0080579, 0.38302428, 0.00579004
0.54484695, -0.80483413, -0.23514512
0.92341673, 0.41457617
0.0109382, 0.38302428, 0.01274374
0.73186439, -0.66570026, 0.14557329
0.93283188, 0.3924526
0.00878647, 0.38302428, 0.01793853
0.62044132, -0.66570026, 0.4145329
0.9257983, 0.37592506
0.0080579, 0.38302428, 0.0186671
0.41456342, -0.66570026, 0.62044132
0.92341673, 0.3736071
0.00286311, 0.38302428, 0.02081885
0.14557329, -0.66570026, 0.73183388
0.90643615, 0.36676121
0.00183276, 0.38302428, 0.02081885
-0.14557329, -0.66570026, 0.73183388
0.90306813, 0.36676121
-0.00336202, 0.38302428, 0.0186671
-0.4145329, -0.66570026, 0.62044132
0.88608748, 0.3736071
-0.00409058, 0.38302428, 0.01793853
-0.62044132, -0.66570026, 0.41456342
0.88370597, 0.37592512
-0.00624234, 0.38302428, 0.01274374
-0.73186439, -0.66570026, 0.14557329
0.87667233, 0.39245266
-0.00624234, 0.38302428, 0.0117134
-0.73186439, -0.66570026, -0.14557329
0.87667233, 0.39573079
-0.00409058, 0.38302428, 0.00651861
-0.62044132, -0.66570026, -0.41456342
0.88370597, 0.41225833
-0.00336202, 0.38313696, 0.00095418
-0.55339211, -0.80336922, 0.21976379
0.88608748, 0.42991167
-0.00409058, 0.38313696, 0.00022561
-0.6204108, -0.66570026, 0.41459396
0.88370597, 0.4322297
-0.00624234, 0.38313696, -0.00496917
-0.73186439, -0.66570026, 0.14557329
0.87667233, 0.44875717
-0.00336202, 0.38302428, 0.00579004
-0.54487747, -0.80483413, -0.23514512
0.88608748, 0.41457623
-0.00624234, 0.38313696, -0.00599953
-0.73183388, -0.66570026, -0.14557329
0.87667233, 0.45203537
0.0109382, 0.38313696, -0.00496917
0.73183388, -0.66570026, 0.14557329
0.93283188, 0.44875717
0.00878647, 0.38313696, 0.00022561
0.62044132, -0.66570026, 0.41456342
0.9257983, 0.4322297
0.0109382, 0.38313696, -0.00599953
0.73186439, -0.66570026, -0.14557329
0.93283188, 0.45203537
-0.00336202, 0.38313696, -0.01192288
-0.41456342, -0.66570026, -0.62044132
0.88608748, 0.47088087
0.00183276, 0.38313696, -0.01407463
-0.14557329, -0.66570026, -0.73183388
0.90306813, 0.47772682
0.00286311, 0.38313696, -0.01407463
0.14557329, -0.66576129, -0.73177284
0.90643609, 0.47772682
0.00878647, 0.38313696, -0.01119429
0.62044132, -0.66570026, -0.41456342
0.9257983, 0.46856278
0.00878647, 0.39545846, 0.01793853
0.62044132, 0.66570026, 0.41456342
0.50618178, 0.07343936
0.0109382, 0.39545876, 0.01274374
0.73180336, 0.66576129, 0.14557329
0.49914819, 0.089908
0.0109382, 0.39545876, 0.0117134
0.73183388, 0.66573077, -0.14554277
0.49914819, 0.0931744
0.00878647, 0.39545876, 0.00651861
0.62044132, 0.66570026, -0.41456342
0.50618178, 0.10964322
0.0080579, 0.39545876, 0.00579004
0.54728842, 0.80446792, -0.23075046
0.50856328, 0.1119529
0.00878647, 0.39541066, 0.00022561
0.6204108, 0.66570026, 0.41459396
0.50618178, 0.12961853
0.0109382, 0.39541066, -0.00496917
0.73186439, 0.66570026, 0.14557329
0.49914819, 0.14608735
0.0109382, 0.39541066, -0.00599953
0.73186439, 0.66570026, -0.14557329
0.49914819, 0.1493538
0.0080579, 0.39545846, 0.0186671
0.41456342, 0.66566974, 0.62044132
0.50856328, 0.07112956
0.00183276, 0.39545876, 0.02081885
-0.14554277, 0.66570026, 0.73183388
0.52891195, 0.06430781
0.00286311, 0.39545876, 0.02081885
0.14557329, 0.66579181, 0.73177284
0.52554393, 0.06430781
-0.00409058, 0.39545876, 0.01793853
-0.62044132, 0.66570026, 0.4145329
0.5482741, 0.07343924
-0.00336202, 0.39545876, 0.0186671
-0.41456342, 0.66570026, 0.62044132
0.5458926, 0.07112944
-0.00624234, 0.39545876, 0.0117134
-0.73183388, 0.66573077, -0.14557329
0.55530769, 0.0931744
-0.00624234, 0.39545876, 0.01274374
-0.73186439, 0.66570026, 0.14557329
0.55530769, 0.089908
-0.00336202, 0.39545846, 0.00579005
-0.54731894, 0.80446792, -0.23071992
0.5458926, 0.11195308
-0.00409058, 0.39545846, 0.00651861
-0.62047184, 0.66566974, -0.41456342
0.5482741, 0.10964334
-0.00624234, 0.39541066, -0.00496917
-0.73186439, 0.66570026, 0.14557329
0.55530775, 0.14608735
-0.00409058, 0.39541066, 0.00022561
-0.62044132, 0.66570026, 0.41456342
0.5482741, 0.12961853
-0.00336202, 0.39541066, 0.00095418
-0.55092013, 0.80385756, 0.22418897
0.5458926, 0.12730885
-0.00624234, 0.39541066, -0.00599953
-0.73186439, 0.66570026, -0.14557329
0.55530775, 0.1493538
0.00878647, 0.39541066, -0.01119429
0.6204108, 0.66570026, -0.41459396
0.50618178, 0.16582257
0.00286311, 0.39541066, -0.01407463
0.14557329, 0.66573077, -0.73183388
0.52554399, 0.17495394
0.00183276, 0.39541066, -0.01407463
-0.14557329, 0.66570026, -0.73186439
0.52891195, 0.17495394
-0.00336202, 0.39541066, -0.01192288
-0.41456342, 0.66573077, -0.6204108
0.5458926, 0.16813236
-0.00336202, 0.39545876, 0.0186671
-0.41456342, 0.66570026, 0.62044132
0.88995254, 0.04612225
-0.00336202, 0.38302428, 0.0186671
-0.4145329, -0.66570026, 0.62044132
0.99187517, 0.03987676
-0.00336202, 0.38302428, 0.00579004
-0.54487747, -0.80483413, -0.23514512
0.99187511, 0.08124393
0.00754273, 0.23466852, 0.00703379
0.70708334, 0.0, -0.70708334
0.87667233, 0.9999448
-0.00284685, 0.23466852, 0.01742336
-0.70708334, 0.0, 0.70708334
0.70196968, 0.58391133
0.00754273, 0.23466852, 0.01742336
0.70708334, 0.0, 0.70708334
0.74084711, 0.33202595
-0.00284685, 0.23466852, 0.00703378
-0.70708334, 0.0, -0.70708334
0.87667233, 0.73835099
0.00984212, 0.32735369, 0.02133914
0.62044132, 0.66570026, 0.41456342
0.73658425, 0.99992972
0.01183628, 0.31984091, -0.00283048
0.63051242, 0.28257087, -0.72289193
0.5614388, 0.58014861
0.01183628, 0.31984091, -0.00283048
0.63051242, 0.28257087, -0.72289193
0.62867594, 0.06234092
-0.00722101, 0.32735369, 0.00413023
-0.62388986, 0.71556747, -0.31412703
0.63902962, 0.58397251
-0.00722101, 0.23416618, -0.00283048
-0.57606739, -0.57756281, -0.57838678
0.66178161, 0.2846095
0.01183628, 0.32735369, 0.00413023
0.62050235, 0.7174291, -0.31662953
0.68056387, 1.0
0.00849517, 0.23416618, 0.02268611
0.41456342, -0.66570026, 0.6204108
0.66178167, 0.32236505
-0.0037993, 0.23416618, 0.02268611
-0.41456342, -0.66570026, 0.6204108
0.57848507, 0.28450763
0.00984212, 0.32735369, 0.02133914
0.62044132, 0.66570026, 0.41456342
0.62215745, 0.14287168
0.01199388, 0.32735369, 0.01614436
0.73323768, 0.66490674, 0.14224677
0.6291911, 0.12640291
-0.00514626, 0.32735369, 0.02133914
-0.62044132, 0.66570026, 0.4145329
0.57316363, 0.14287168
-0.0037993, 0.32735369, 0.02268611
-0.4145329, 0.66570026, 0.62044132
0.57756656, 0.14714193
0.00330038, 0.32735369, 0.02483787
0.14557329, 0.66570026, 0.73186439
0.60077387, 0.15396357
0.00984212, 0.23416618, 0.02133914
0.62044132, -0.66570026, 0.4145329
0.89512193, 0.12701803
0.00139549, 0.23416618, 0.02483787
-0.14557329, -0.66570026, 0.73183388
0.92273211, 0.13814944
0.00849517, 0.23416618, 0.02268611
0.41456342, -0.66570026, 0.6204108
0.89952481, 0.13130349
0.00330038, 0.23416618, 0.02483787
0.14557329, -0.66570026, 0.73183388
0.91650546, 0.13814944
-0.0037993, 0.23416618, 0.02268611
-0.41456342, -0.66570026, 0.6204108
0.93971282, 0.13130349
-0.00514626, 0.23416618, 0.02133914
-0.62044132, -0.66570026, 0.4145329
0.94411576, 0.12701803
-0.00722101, 0.23416618, -0.00283048
-0.57606739, -0.57756281, -0.57838678
0.95089769, 0.05012089
0.01040117, 0.17572318, -0.01320367
0.72392958, -0.42204046, -0.54567093
0.40924329, 0.04487872
0.00794354, 0.17572318, -0.01229575
0.77562791, -0.5683462, 0.27454451
0.57617128, 0.4023512
0.01040117, 0.17572318, -0.01320367
0.72392958, -0.42204046, -0.54567093
0.56764734, 0.40164399
0.01155363, 0.17572318, 0.00105662
0.47315896, -0.56096071, -0.67925048
0.57617128, 0.44638723
0.01401124, 0.13404253, 0.00014872
0.85940123, 0.39741203, -0.32163456
0.56764585, 0.35775346
0.00794353, 0.1340424, -0.01229575
0.77562791, 0.5683462, 0.27451399
0.57616752, 0.40095431
0.01155363, 0.13404253, 0.00105662
0.47315896, 0.56096071, -0.67925048
0.57616752, 0.35706383
0.01155363, 0.17572318, 0.00105662
0.47315896, -0.56096071, -0.67925048
0.56143886, 0.58000681
0.00794353, 0.1340424, -0.01229575
0.77562791, 0.5683462, 0.27451399
0.91063166, 0.65339252
0.00794354, 0.17572318, -0.01229575
0.77562791, -0.5683462, 0.27454451
0.56950366, 0.46317995
-0.00967828, 0.18847467, 0.02141231
-0.57634205, 0.57750177, 0.57817316
0.57848507, 0.58397248
-0.00556025, 0.09066037, 0.02141231
-0.24753563, 0.28104496, 0.92721337
0.59194613, 0.85856894
-0.00556025, 0.11863111, 0.02865804
-0.75701165, -0.47431868, -0.44935453
0.57132274, 0.25537241
0.01004099, 0.1102769, 0.03693211
0.64467299, 0.23218483, 0.72829372
0.64294326, 0.827741
-0.00556025, 0.09060702, 0.03693211
-0.61061436, -0.39289528, 0.6875515
0.55014533, 0.06430775
-0.00556025, 0.09287485, 0.03526124
-0.83819085, 0.27191991, -0.47273171
0.90530539, 6e-08
-0.00556025, 0.12193318, 0.02865804
-0.66454053, 0.54609823, 0.5099948
0.52619308, 0.29125208
-0.00556025, 0.12636563, 0.02141231
-0.17667165, 0.23169652, 0.95660269
0.54987675, 0.30549324
-0.00556025, 0.12306353, 0.02141231
-0.45777765, -0.28934598, 0.84063232
0.54987675, 0.29488528
-0.00556025, 0.11863111, 0.02865804
-0.75701165, -0.47431868, -0.44935453
0.52619308, 0.28064418
-0.00556025, 0.08735824, 0.02141231
-0.36091191, -0.30872524, 0.87997073
0.54987675, 0.18018204
-0.00556025, 0.08573142, 0.02865804
-0.63292336, -0.76482439, 0.12012085
0.52619308, 0.17495394
-0.00556025, 0.08903383, 0.02865804
-0.79921871, 0.59398174, -0.09158605
0.52619308, 0.18556291
-0.00556025, 0.09066037, 0.02141231
-0.24753563, 0.28104496, 0.92721337
0.54987675, 0.19079012
-0.00556025, 0.10904158, 0.03526195
-0.78044987, -0.18564409, -0.5970031
0.50460732, 0.24983603
0.01004099, 0.12306353, 0.02141231
0.45777765, -0.28934598, 0.84063232
0.62919104, 0.16457152
0.01004099, 0.12636563, 0.02141231
0.17667165, 0.23169652, 0.95660269
0.6291911, 0.15396357
0.01004099, 0.12193318, 0.02865804
0.66454053, 0.54609823, 0.5099948
0.60551798, 0.16820908
0.01004099, 0.09060713, 0.03693211
0.61061436, -0.39289528, 0.6875515
0.57848507, 0.26885122
0.01004099, 0.08573131, 0.02865804
0.63292336, -0.76482439, 0.12015137
0.60551792, 0.28450763
0.01004099, 0.08903369, 0.02865804
0.79924923, 0.59395123, -0.09158605
0.60551792, 0.27389872
0.01004099, 0.0873581, 0.02141231
0.36091191, -0.30872524, 0.87997073
0.62919104, 0.27927524
0.01004099, 0.09066049, 0.02141231
0.24753563, 0.28101444, 0.92721337
0.62919104, 0.26866633
0.01004099, 0.11863111, 0.02865804
0.75701165, -0.47431868, -0.44935453
0.60551798, 0.17881691
# Number of Faces:
458
# Face Data:
0, 1, 2
3, 4, 5
6, 7, 3
8, 9, 10
11, 12, 13
14, 15, 16
7, 17, 18
19, 20, 21
22, 23, 24
23, 25, 24
16, 26, 25
19, 27, 28
29, 24, 30
24, 31, 30
31, 26, 32
14, 33, 34
35, 17, 6
36, 37, 20
38, 39, 40
41, 42, 23
43, 44, 36
42, 16, 23
45, 46, 17
47, 48, 33
35, 49, 45
50, 37, 44
51, 52, 53
54, 42, 55
56, 50, 44
57, 14, 42
49, 58, 45
59, 60, 48
61, 62, 49
63, 64, 50
65, 66, 67
68, 57, 54
69, 63, 50
70, 47, 57
71, 72, 49
73, 74, 75
76, 77, 62
78, 79, 63
80, 81, 82
83, 70, 68
69, 78, 63
84, 59, 70
77, 71, 62
40, 2, 85
65, 86, 87
88, 89, 90
91, 92, 93
94, 95, 96
97, 98, 99
100, 101, 94
102, 103, 97
104, 105, 106
107, 108, 109
110, 111, 107
112, 113, 104
114, 115, 116
117, 116, 118
119, 120, 121
122, 114, 117
123, 124, 119
125, 126, 127
128, 129, 130
131, 132, 128
133, 134, 125
135, 136, 137
124, 138, 120
139, 140, 114
124, 141, 142
134, 143, 126
132, 144, 129
145, 146, 132
134, 147, 148
149, 150, 151
152, 153, 154
154, 155, 156
151, 157, 158
159, 160, 161
162, 163, 164
161, 165, 166
164, 167, 168
169, 170, 171
172, 173, 174
174, 175, 176
171, 177, 178
179, 180, 181
182, 183, 184
181, 185, 186
184, 187, 188
189, 190, 191
191, 192, 189
193, 192, 194
195, 193, 196
196, 197, 195
198, 197, 199
200, 198, 201
202, 200, 201
203, 204, 205
206, 203, 205
207, 208, 209
210, 211, 212
190, 213, 214
214, 215, 216
217, 215, 218
219, 220, 221
222, 223, 224
224, 225, 222
226, 227, 228
228, 229, 226
230, 231, 232
233, 230, 232
234, 235, 233
236, 234, 237
238, 237, 239
240, 239, 241
242, 241, 243
244, 243, 245
246, 247, 248
249, 245, 250
251, 252, 253
254, 255, 256
257, 258, 251
259, 260, 254
261, 262, 263
264, 265, 266
267, 268, 264
269, 270, 261
271, 272, 273
274, 275, 276
277, 278, 279
280, 281, 282
273, 283, 284
272, 285, 286
287, 288, 289
289, 290, 287
291, 292, 293
294, 295, 296
281, 296, 282
297, 298, 299
300, 301, 302
303, 304, 305
306, 307, 308
309, 310, 311
312, 313, 314
315, 316, 317
318, 319, 316
320, 321, 322
323, 324, 325
326, 1, 327
325, 328, 329
330, 331, 332
324, 0, 333
334, 335, 325
336, 337, 334
338, 339, 340
341, 342, 343
344, 336, 345
346, 342, 347
338, 348, 349
350, 351, 352
353, 354, 355
356, 357, 358
359, 360, 361
362, 328, 335
335, 333, 2
2, 362, 335
1, 85, 2
2, 333, 0
3, 7, 4
6, 17, 7
303, 305, 10
8, 363, 9
36, 19, 363
19, 28, 9
10, 305, 8
19, 9, 363
364, 13, 365
366, 367, 13
11, 368, 12
12, 369, 370
365, 13, 370
12, 370, 13
367, 11, 13
14, 34, 15
18, 371, 7
4, 7, 371
19, 36, 20
22, 41, 23
23, 16, 25
16, 15, 26
19, 21, 27
30, 372, 373
29, 22, 24
30, 373, 29
24, 25, 31
31, 25, 26
14, 47, 33
35, 45, 17
36, 44, 37
38, 374, 39
41, 55, 42
36, 363, 43
43, 56, 44
42, 14, 16
18, 17, 46
45, 58, 46
47, 59, 48
35, 61, 49
50, 64, 37
51, 375, 52
54, 57, 42
56, 376, 50
57, 47, 14
49, 377, 58
59, 378, 60
61, 76, 62
63, 79, 64
65, 379, 66
68, 70, 57
50, 376, 380
380, 69, 50
70, 59, 47
377, 49, 72
62, 71, 49
74, 381, 382
382, 75, 74
383, 73, 75
384, 385, 74
74, 73, 384
76, 386, 77
78, 387, 79
80, 388, 81
83, 84, 70
69, 389, 78
84, 378, 59
77, 390, 71
326, 323, 38
38, 40, 85
85, 326, 38
65, 67, 86
90, 391, 88
392, 393, 88
88, 394, 395
395, 89, 88
391, 392, 88
93, 396, 397
397, 398, 93
91, 399, 92
92, 400, 93
93, 398, 91
94, 101, 95
97, 103, 98
100, 401, 101
102, 402, 103
104, 113, 105
107, 111, 108
110, 403, 111
112, 404, 113
114, 140, 115
117, 114, 116
119, 124, 120
122, 139, 114
123, 405, 124
125, 134, 126
128, 132, 129
131, 145, 132
133, 406, 134
137, 407, 408
408, 409, 137
410, 135, 137
136, 411, 137
137, 409, 410
124, 142, 138
139, 412, 140
124, 405, 141
134, 148, 143
132, 146, 144
145, 413, 146
134, 406, 147
149, 414, 150
152, 415, 153
154, 153, 155
151, 150, 157
159, 416, 160
162, 417, 163
161, 160, 165
164, 163, 167
169, 418, 170
172, 419, 173
174, 173, 175
171, 170, 177
179, 420, 180
182, 421, 183
181, 180, 185
184, 183, 187
189, 422, 190
191, 194, 192
193, 423, 192
195, 423, 193
196, 199, 197
198, 424, 197
200, 424, 198
202, 425, 200
203, 426, 204
206, 246, 203
427, 428, 429
430, 431, 432
432, 433, 434
434, 435, 436
436, 437, 438
438, 439, 436
440, 441, 442
436, 439, 443
440, 442, 207
434, 436, 443
442, 444, 207
434, 443, 429
430, 432, 429
429, 428, 430
445, 446, 209
429, 432, 434
447, 445, 208
209, 429, 443
443, 440, 209
207, 448, 449
449, 450, 208
208, 451, 447
209, 440, 207
208, 445, 209
207, 449, 208
452, 453, 454
454, 455, 456
212, 457, 458
452, 454, 456
212, 458, 459
460, 452, 456
212, 459, 210
460, 456, 461
461, 462, 460
463, 464, 461
465, 466, 463
467, 468, 465
469, 470, 471
467, 465, 463
472, 469, 211
467, 463, 461
211, 469, 471
471, 467, 212
461, 456, 467
459, 473, 210
210, 474, 475
475, 476, 211
211, 471, 212
456, 212, 467
210, 475, 211
190, 422, 213
214, 213, 215
217, 216, 215
219, 223, 220
222, 220, 223
224, 477, 225
226, 478, 227
228, 231, 229
230, 229, 231
233, 235, 230
234, 479, 235
236, 479, 234
238, 236, 237
240, 238, 239
242, 240, 241
244, 242, 243
246, 206, 247
249, 244, 245
251, 258, 252
254, 260, 255
257, 480, 258
259, 481, 260
261, 270, 262
264, 268, 265
267, 482, 268
269, 483, 270
271, 484, 272
274, 485, 275
277, 486, 278
282, 487, 280
280, 488, 281
284, 489, 271
271, 273, 284
272, 484, 285
287, 490, 288
289, 292, 290
291, 290, 292
294, 491, 295
281, 294, 296
299, 492, 493
493, 277, 297
279, 297, 277
494, 495, 298
298, 496, 299
299, 493, 297
297, 494, 298
302, 497, 498
499, 500, 498
498, 501, 502
502, 300, 302
503, 301, 300
497, 499, 498
498, 502, 302
303, 504, 304
308, 505, 506
506, 306, 308
307, 507, 308
508, 311, 310
309, 509, 310
310, 510, 508
312, 511, 313
315, 318, 316
318, 512, 319
320, 513, 321
329, 514, 325
323, 326, 327
515, 324, 323
323, 327, 515
325, 514, 323
326, 85, 1
325, 335, 328
330, 516, 331
324, 515, 0
334, 337, 335
336, 517, 337
338, 349, 339
341, 347, 342
344, 517, 336
346, 518, 342
338, 519, 348
350, 353, 351
353, 350, 354
520, 521, 522
520, 522, 523
524, 525, 526
526, 527, 524
526, 525, 357
358, 520, 523
358, 523, 528
356, 526, 357
358, 528, 356
529, 530, 531
532, 533, 534
535, 536, 534
533, 535, 534
537, 529, 531
361, 537, 359
532, 534, 360
537, 531, 359
532, 360, 359
