# Project Zomboid Skinned Mesh
# File Version:
1.0
# Model Name:
Cube
# Vertex Stride Element Count:
3
# Vertex Stride Size (in bytes):
76
# Vertex Stride Data:
# (Int)    Offset
# (String) Type
0
VertexArray
12
NormalArray
24
TextureCoordArray
# Vertex Count:
860
# Vertex Buffer:
0.00534534, 0.07837815, 0.00340426
0.88021487, -0.3028962, -0.36530656
0.71142656, 0.00342679
-0.00541512, 0.05147534, 0.00359479
-0.85055083, 0.28028199, -0.44492936
0.75796157, 0.12873882
-0.00541513, 0.07837815, 0.00340426
-0.88021487, -0.3028962, -0.36530656
0.75796157, 0.00342673
-0.00394607, 0.04364993, -0.05128494
-0.86053044, -0.11844233, -0.49540696
0.88853979, 0.90018387
0.00365013, 0.04680838, -0.05491882
0.08774071, -0.94573808, -0.31284523
0.85568887, 0.88142893
0.00409849, 0.04364999, -0.05128494
0.86541337, -0.06094546, -0.49732962
0.85374999, 0.9001836
-0.00479019, 0.09844697, -0.0407628
-0.68886381, 0.72365487, 0.0413831
0.83939588, 0.65208873
0.00475091, 0.09522092, -0.01644811
0.57963806, 0.54286325, 0.60768455
0.88065869, 0.76557229
0.00475091, 0.09844697, -0.0407628
0.69069493, 0.72191536, 0.04141362
0.88065761, 0.65208903
-0.00765222, 0.04036597, -0.03813893
-0.73390913, -0.52113408, -0.43559068
0.9045673, 0.96292873
0.00741758, 0.03279669, -0.03113611
0.7700125, -0.29783013, -0.56422621
0.8393963, 0.99999957
-0.00765222, 0.03279669, -0.03113611
-0.7700125, -0.29783013, -0.56422621
0.90456766, 1.0
-0.00765221, 0.02493965, -0.02378442
-0.77471238, -0.60490739, -0.1839961
0.57387948, 0.97420853
0.00741758, 0.02502914, -0.02935919
0.59108251, -0.6266976, -0.50779748
0.63905066, 1.0
0.00741758, 0.02493965, -0.02378442
0.77471238, -0.60490739, -0.1839961
0.63905078, 0.97420883
0.00409849, 0.04471285, -0.04453408
0.10950041, -0.97381514, -0.19913328
0.34272102, 0.32744902
0.0040985, 0.03770908, -0.05188223
0.72994173, -0.44587544, 0.51799065
0.33959544, 0.28027737
0.00409849, 0.04364999, -0.05128494
0.86541337, -0.06094546, -0.49732962
0.32421771, 0.30262309
-0.00012261, 0.08524782, -0.04405986
0.0, -0.63023776, 0.77636033
0.89475894, 0.80790532
-0.00710517, 0.08524782, -0.05104244
-0.77636033, -0.63023776, 0.0
0.87854338, 0.76557231
0.00685996, 0.08524782, -0.05104244
0.77636033, -0.63023776, 0.0
0.85561138, 0.82575919
-0.00710518, 0.19360827, -0.05104244
-0.77636033, 0.63023776, 0.0
0.78851742, 0.9999894
-0.00506003, 0.08524782, -0.05597985
-0.54896694, -0.63023776, -0.54896694
0.8098712, 0.49518132
-0.00710517, 0.08524782, -0.05104244
-0.77636033, -0.63023776, 0.0
0.78851748, 0.49517071
0.00685994, 0.19360827, -0.05104244
0.77636033, 0.63023776, 0.0
0.74581087, 0.49518216
0.00481481, 0.08524782, -0.046105
0.54896694, -0.63023776, 0.54896694
0.72446108, 0.99998002
0.00685996, 0.08524782, -0.05104244
0.77636033, -0.63023776, 0.0
0.74581099, 1.0
-0.00506004, 0.19360827, -0.05597985
-0.54896694, 0.63023776, -0.54896694
0.6817559, 0.4951027
-0.00012261, 0.08524782, -0.058025
0.0, -0.63023776, -0.77636033
0.66040331, 1.0
-0.00506003, 0.08524782, -0.05597985
-0.54896694, -0.63023776, -0.54896694
0.68175584, 0.99988424
0.0048148, 0.19360827, -0.04610502
0.54896694, 0.63023776, 0.54896694
0.72446096, 0.49512273
-0.00012261, 0.08524782, -0.04405986
0.0, -0.63023776, 0.77636033
0.70310849, 1.0
0.00481481, 0.08524782, -0.046105
0.54896694, -0.63023776, 0.54896694
0.72446102, 0.99992655
-0.00012262, 0.19360827, -0.04405988
0.0, 0.63023776, 0.77636033
0.70310843, 0.49519616
-0.00506003, 0.08524782, -0.046105
-0.54896694, -0.63023776, 0.54896694
0.68175596, 0.99992658
0.0048148, 0.19360827, -0.05597985
0.54896694, 0.63023776, -0.54896694
0.63905084, 0.4951027
0.00481481, 0.08524782, -0.05597985
0.54896694, -0.63023776, -0.54896694
0.63905078, 0.99988424
-0.00506004, 0.19360827, -0.04610502
-0.54896694, 0.63023776, 0.54896694
0.7671662, 1.0
-0.00506003, 0.08524782, -0.046105
-0.54896694, -0.63023776, 0.54896694
0.76716614, 0.49518132
0.0048148, 0.19360827, -0.05597985
0.54896694, 0.63023776, -0.54896694
0.76716602, 0.49516225
0.00481481, 0.08524782, -0.05597985
0.54896694, -0.63023776, -0.54896694
0.76716614, 0.99998006
0.00475091, 0.09818981, -0.05564058
0.70229197, 0.71132541, -0.0275277
0.88065839, 0.58280298
0.00154215, 0.09818981, -0.05564058
0.0, 0.99923706, -0.03866695
0.86678165, 0.58280283
-0.00368655, 0.19088557, -0.04060756
-0.77636033, 0.63023776, 0.0
0.63905078, 0.35058224
-0.00015565, 0.19088557, -0.03707666
0.0, 0.63023776, 0.77636033
0.65900153, 0.35948211
-0.00015565, 0.19088557, -0.04413846
0.0, 0.63023776, -0.77636033
0.64731467, 0.32909131
-0.00015564, 0.08818962, -0.03707665
0.0, -0.63023776, 0.77636033
0.69526118, 0.33807641
-0.00368655, 0.08818962, -0.04060755
-0.77636033, -0.63023776, 0.0
0.67546517, 0.32904816
-0.00015564, 0.08818962, -0.04413846
0.0, -0.63023776, -0.77636033
0.66726542, 0.35045487
-0.00015565, 0.19088557, -0.04413846
0.0, 0.63023776, -0.77636033
0.88584, 0.08451355
-0.00265237, 0.08818962, -0.04310428
-0.54896694, -0.63023776, -0.54896694
0.89663738, 0.56284931
-0.00265238, 0.19088557, -0.04310428
-0.54896694, 0.63023776, -0.54896694
0.89663744, 0.08445489
-0.00015565, 0.19088557, -0.03707666
0.0, 0.63023776, 0.77636033
0.90743488, 0.08449239
0.00234109, 0.08818962, -0.03811083
0.54896694, -0.63023776, 0.54896694
0.91823232, 0.56287071
0.00234108, 0.19088557, -0.03811083
0.54896694, 0.63023776, 0.54896694
0.91823232, 0.08445525
-0.00265238, 0.19088557, -0.03811084
-0.54896694, 0.63023776, 0.54896694
0.89663744, 0.08445519
-0.00015564, 0.08818962, -0.03707665
0.0, -0.63023776, 0.77636033
0.90743494, 0.56290781
0.00234108, 0.19088557, -0.04310428
0.54896694, 0.63023776, -0.54896694
0.87504256, 0.08445495
-0.00015564, 0.08818962, -0.04413846
0.0, -0.63023776, -0.77636033
0.88583994, 0.56290781
-0.00368655, 0.19088557, -0.04060756
-0.77636033, 0.63023776, 0.0
0.95062536, 0.08447826
-0.00265237, 0.08818962, -0.03811083
-0.54896694, -0.63023776, 0.54896694
0.96142209, 0.56290248
-0.00265238, 0.19088557, -0.03811084
-0.54896694, 0.63023776, 0.54896694
0.96142209, 0.08447301
0.00337526, 0.19088557, -0.04060756
0.77636033, 0.63023776, 0.0
0.92903107, 0.56289768
0.00234109, 0.08818962, -0.04310428
0.54896694, -0.63023776, -0.54896694
0.91823238, 0.08447921
0.00234108, 0.19088557, -0.04310428
0.54896694, 0.63023776, -0.54896694
0.91823232, 0.56290781
-0.00265238, 0.19088557, -0.04310428
-0.54896694, 0.63023776, -0.54896694
0.93982732, 0.08447295
-0.00368655, 0.08818962, -0.04060755
-0.77636033, -0.63023776, 0.0
0.95062536, 0.56290781
0.00234108, 0.19088557, -0.03811083
0.54896694, 0.63023776, 0.54896694
0.9398272, 0.56290781
0.00337527, 0.08818962, -0.04060755
0.77636033, -0.63023776, 0.0
0.92903119, 0.08446908
0.00154211, 0.19175823, -0.05957524
0.00717185, 0.69136631, -0.72246468
0.81744713, 0.56290781
0.00329391, 0.16478577, -0.05975093
0.70662558, 0.00314341, -0.70754111
0.80987126, 0.68856508
-0.00353317, 0.16478577, -0.05975096
-0.70662558, 0.00314341, -0.70754111
0.83939582, 0.68856514
0.00741758, 0.05139154, -0.05991528
0.90237129, 0.31037325, -0.29886776
0.63905013, 0.40912789
-0.0047902, 0.09793266, -0.05991528
-0.57750177, 0.56212044, -0.59199804
0.58625597, 0.62593299
0.00475091, 0.09793266, -0.05991528
0.5791803, 0.5607776, -0.59166235
0.62751776, 0.62593299
0.00329389, 0.19201539, -0.05514754
0.69225132, 0.72026736, -0.04422132
0.69526124, 0.35948282
0.0032939, 0.19169596, -0.05958658
0.58864099, 0.54460281, -0.5973388
0.71443611, 0.35948306
0.00154211, 0.19175823, -0.05957524
0.00717185, 0.69136631, -0.72246468
0.71439105, 0.35132194
-0.00179662, 0.19019353, -0.06567542
-0.57890558, 0.57115388, -0.58189642
0.71443617, 0.32767755
0.0013903, 0.19033341, -0.05985379
0.70659506, 0.70738852, -0.01696829
0.72821844, 0.35478622
0.00139031, 0.19019353, -0.06567542
0.57890558, 0.57115388, -0.58189642
0.72821844, 0.32767743
-0.00179662, 0.17849185, -0.06573839
-0.62556839, -0.31531724, -0.71358377
0.89444101, 0.76288271
0.00139031, 0.19019353, -0.06567542
0.57890558, 0.57115388, -0.58189642
0.88065869, 0.70836851
0.00139031, 0.17849185, -0.06573839
0.62556839, -0.31531724, -0.71358377
0.88065869, 0.76288265
-0.00179662, 0.17284793, -0.05947245
-0.46086001, -0.65938294, -0.59392071
0.60778999, 0.04689777
0.00139031, 0.17849185, -0.06573839
0.62556839, -0.31531724, -0.71358377
0.62157232, 0.07936084
0.00139032, 0.17284793, -0.05947245
0.46086001, -0.65938294, -0.59392071
0.62157232, 0.04689795
0.0013903, 0.19033341, -0.05985379
0.70659506, 0.70738852, -0.01696829
0.69320762, 0.10908633
0.00139031, 0.17849185, -0.06573839
0.62556839, -0.31531724, -0.71358377
0.66664833, 0.05453098
0.00139031, 0.19019353, -0.06567542
0.57890558, 0.57115388, -0.58189642
0.668024, 0.10902619
-0.00179662, 0.17849185, -0.06573839
-0.62556839, -0.31531724, -0.71358377
0.30339846, 0.13083726
-0.00179663, 0.19033341, -0.05985379
-0.70659506, 0.70738852, -0.01696829
0.32995772, 0.07628185
-0.00179662, 0.19019353, -0.06567542
-0.57890558, 0.57115388, -0.58189642
0.30477414, 0.07634205
0.00329391, 0.16478577, -0.05975093
0.70662558, 0.00314341, -0.70754111
0.9807111, 0.43594247
0.0032939, 0.19169596, -0.05958658
0.58864099, 0.54460281, -0.5973388
0.98081028, 0.56131113
0.00329389, 0.19201539, -0.05514754
0.69225132, 0.72026736, -0.04422132
0.99999994, 0.56290781
-0.00394608, 0.04471285, -0.04453408
-0.11960204, -0.97338784, -0.19531846
0.88853949, 0.93068209
0.00409849, 0.04471285, -0.04453408
0.10950041, -0.97381514, -0.19913328
0.85374969, 0.93068185
0.00741758, 0.04036597, -0.03813893
0.73461103, -0.51951659, -0.43635365
0.83939594, 0.9629283
-0.00710518, 0.19360827, -0.05104244
-0.77636033, 0.63023776, 0.0
0.84573764, 0.06496716
0.0048148, 0.19360827, -0.04610502
0.54896694, 0.63023776, 0.54896694
0.80628681, 0.10747153
0.00685994, 0.19360827, -0.05104244
0.77636033, 0.63023776, 0.0
0.82262778, 0.12507498
-0.00353319, 0.19201539, -0.05514754
-0.69225132, 0.72026736, -0.04422132
0.9807111, 0.12449408
-0.00353317, 0.16478577, -0.05975096
-0.70662558, 0.00314341, -0.70754111
0.96142209, 0.2514596
-0.00353315, 0.09818981, -0.05564058
-0.99996948, 0.0, 0.0
0.9807111, 0.56160524
0.00475091, 0.09793266, -0.05991528
0.5791803, 0.5607776, -0.59166235
0.88065869, 0.56290814
-0.0047902, 0.09793266, -0.05991528
-0.57750177, 0.56212044, -0.59199804
0.83939689, 0.56290781
-0.0076522, 0.04778028, -0.06051214
-0.72695088, -0.68413341, -0.05899228
0.56196636, 0.87837521
-0.00765222, 0.05139154, -0.06570352
-0.57734919, 0.57734919, -0.57734919
0.56064117, 0.90780178
-0.0076522, 0.04778028, -0.06570352
-0.57731867, -0.57734919, -0.57734919
0.57387882, 0.89887504
-0.00262894, 0.04778028, -0.06292239
0.30149236, -0.90450758, -0.30149236
0.88706994, 0.06763113
-0.00262895, 0.05139154, -0.06570352
0.57734919, 0.57734919, -0.57734919
0.87504262, 0.08445489
-0.00262895, 0.05139154, -0.06292239
0.30149236, 0.90450758, -0.30149236
0.88706994, 0.08445489
0.00239431, 0.05139154, -0.06292239
-0.30149236, 0.90450758, -0.30149236
0.36986494, 0.05852735
-0.00262894, 0.04778028, -0.06292239
0.30149236, -0.90450758, -0.30149236
0.38548115, 0.03512555
-0.00262895, 0.05139154, -0.06292239
0.30149236, 0.90450758, -0.30149236
0.36986494, 0.03512549
-0.00262895, 0.05139154, -0.06292239
0.30149236, 0.90450758, -0.30149236
0.22390105, 0.07251579
-0.00765222, 0.05139154, -0.05991528
-0.90148628, 0.30701619, -0.30497146
0.23690429, 0.0959177
0.00741758, 0.05139154, -0.05991528
0.90237129, 0.31037325, -0.29886776
0.23690428, 0.02571201
0.00741758, 0.04778028, -0.06051214
0.72695088, -0.68413341, -0.05899228
0.27503094, 0.44907415
0.00741758, 0.05139154, -0.06570352
0.57734919, 0.57734919, -0.57734919
0.27370572, 0.41964763
0.00741758, 0.05139154, -0.05991528
0.90237129, 0.31037325, -0.29886776
0.26042372, 0.44250429
0.00741758, 0.05139154, -0.06570352
0.57734919, 0.57734919, -0.57734919
0.15154429, 0.04988718
0.00239432, 0.04778028, -0.06570352
-0.57734919, -0.57734919, -0.57734919
0.16716048, 0.02648538
0.00239431, 0.05139154, -0.06570352
-0.57734919, 0.57734919, -0.57734919
0.15154429, 0.02648532
-0.00262895, 0.05139154, -0.06570352
0.57734919, 0.57734919, -0.57734919
0.13592808, 0.04988718
-0.0076522, 0.04778028, -0.06570352
-0.57731867, -0.57734919, -0.57734919
0.15154429, 0.02648538
-0.00765222, 0.05139154, -0.06570352
-0.57734919, 0.57734919, -0.57734919
0.13592808, 0.02648532
0.00741758, 0.04778028, -0.06051214
0.72695088, -0.68413341, -0.05899228
0.83939618, 0.85499899
-0.0076522, 0.04778028, -0.06051214
-0.72695088, -0.68413341, -0.05899228
0.90456742, 0.85499941
0.00239432, 0.04778028, -0.06292239
-0.30149236, -0.90450758, -0.30149236
0.86112005, 0.84387256
0.00239431, 0.05139154, -0.06292239
-0.30149236, 0.90450758, -0.30149236
0.86207855, 0.08537322
0.00239432, 0.04778028, -0.06570352
-0.57734919, -0.57734919, -0.57734919
0.87410593, 0.06854939
0.00239432, 0.04778028, -0.06292239
-0.30149236, -0.90450758, -0.30149236
0.86207855, 0.06854939
-0.00394608, 0.04471285, -0.04453408
-0.11960204, -0.97338784, -0.19531846
0.62157232, 0.07052904
-0.00394607, 0.04364993, -0.05128494
-0.86053044, -0.11844233, -0.49540696
0.65067369, 0.06497413
-0.00394607, 0.03770908, -0.05188223
-0.72994173, -0.44587544, 0.51799065
0.65276277, 0.03724915
-0.00765221, 0.04583643, -0.04932553
-0.72041994, -0.67656481, -0.15240943
0.90456724, 0.90785897
-0.00765221, 0.04471285, -0.04602379
-0.67006439, -0.68520159, -0.28537858
0.90456718, 0.92380513
-0.00394607, 0.03300543, -0.05518397
-0.53810239, -0.74700153, -0.39039278
0.13592808, 0.0417701
0.0040985, 0.03770908, -0.05188223
0.72994173, -0.44587544, 0.51799065
0.10113826, 0.06356376
-0.00394607, 0.03770908, -0.05188223
-0.72994173, -0.44587544, 0.51799065
0.13592806, 0.06356382
0.00409849, 0.04471285, -0.04453408
0.10950041, -0.97381514, -0.19913328
0.10113829, 0.09592736
0.00741758, 0.04583643, -0.04932553
0.72469252, -0.67250586, -0.15005951
0.83939588, 0.90785855
-0.00394607, 0.04364993, -0.05128494
-0.86053044, -0.11844233, -0.49540696
0.84107661, 0.32744932
0.0040985, 0.03300543, -0.05518397
0.53810239, -0.74700153, -0.39039278
0.80628681, 0.37725586
-0.00394607, 0.03300543, -0.05518397
-0.53810239, -0.74700153, -0.39039278
0.84107661, 0.37725586
0.00741758, 0.04680838, -0.05491882
0.70708334, -0.69664603, -0.12103641
0.83939606, 0.88142882
0.00741758, 0.05496779, -0.0575083
0.90987885, 0.34842983, 0.22510453
0.80519831, 0.33101797
-0.00771798, 0.05496779, -0.0222834
-0.90371412, 0.32276374, -0.28125858
0.73974258, 0.4951027
0.00741758, 0.05496779, -0.0222834
0.90112001, 0.32361826, -0.28849146
0.80519831, 0.49510252
0.00741758, 0.05496779, -0.0575083
0.90987885, 0.34842983, 0.22510453
0.20138377, 0.19186801
-0.00485595, 0.08544518, -0.0575083
-0.85164952, -0.25763726, 0.45634326
0.14830534, 0.04988724
-0.00771798, 0.05496779, -0.0575083
-0.91369367, 0.35023043, 0.20606098
0.13592808, 0.19186801
-0.00485595, 0.08544518, -0.0222834
-0.89275795, -0.2602008, -0.36768699
0.48182923, 0.17929184
0.00475091, 0.08544518, -0.0575083
0.84984893, -0.26123846, 0.4576861
0.44028312, 0.01668137
0.00475091, 0.08544518, -0.0222834
0.8913846, -0.26468703, -0.3678396
0.44028309, 0.17929196
0.00741758, 0.05496779, -0.0222834
0.90112001, 0.32361826, -0.28849146
0.1006919, 0.04986745
-0.00485595, 0.08544518, -0.0222834
-0.89275795, -0.2602008, -0.36768699
0.04761349, 0.19184202
0.00475091, 0.08544518, -0.0222834
0.8913846, -0.26468703, -0.3678396
0.08915959, 0.19184202
-0.00479019, 0.09522087, -0.01644811
-0.57765436, 0.54441971, 0.60820335
0.8626653, 0.56290755
0.00741758, 0.05611817, -0.01644811
0.83062226, 0.29267251, 0.47364727
0.80987126, 0.38074523
0.00475091, 0.09522092, -0.01644811
0.57963806, 0.54286325, 0.60768455
0.82140356, 0.56290781
0.00294151, 0.08483119, -0.05243833
-0.39054537, 0.8253426, 0.40769675
0.62995809, 0.31244856
0.00491664, 0.08468219, -0.05259824
0.50505084, 0.7858516, -0.35685292
0.62141627, 0.31318337
0.00426723, 0.08468219, -0.05566073
0.51484728, 0.57472456, -0.63606679
0.62422478, 0.32744902
0.0159089, 0.05558001, -0.04401905
0.73314613, -0.65123445, -0.19580676
0.52399027, 0.17927605
0.01162985, 0.05555942, -0.04159852
0.00225837, -0.99996948, 0.00027467
0.51360554, 0.19921088
0.0128036, 0.05555942, -0.04443217
0.00415052, -0.99996948, -0.00018311
0.52574867, 0.19374275
-0.01589674, 0.08468219, -0.04401905
-0.80690938, 0.57655567, 0.12823878
0.06877122, 0.32742029
-0.01163558, 0.0640952, -0.05139958
-0.61613816, 0.12900174, -0.77697074
0.10069188, 0.23153365
-0.01589674, 0.0640952, -0.04401904
-0.98095644, 0.12900174, -0.14511551
0.06877115, 0.23151165
-0.01589674, 0.08468219, -0.04401905
-0.80690938, 0.57655567, 0.12823878
0.20180936, 1.186e-05
-0.01356923, 0.06610925, -0.04192542
-0.88833278, 0.32932523, 0.31995606
0.21187495, 0.08661032
-0.01356923, 0.08468219, -0.04192542
-0.56465346, 0.78676718, 0.24921414
0.21187495, 8.708e-05
0.00426724, 0.05558001, -0.02385509
0.19708854, -0.65120393, 0.73284096
0.43758133, 0.23351115
0.00010785, 0.05555942, -0.02557345
0.0, -0.99996948, 0.00598163
0.44493312, 0.25288844
0.00294152, 0.05555942, -0.02674721
0.0036317, -0.99996948, 0.00277718
0.449963, 0.23968726
-0.00425505, 0.08468219, -0.02385509
-0.51576281, 0.57408369, 0.63588369
0.92674994, 0.72985059
-0.00490446, 0.06610925, -0.02691759
-0.72124392, 0.32932523, 0.60933256
0.91350621, 0.8163797
-0.00425505, 0.0640952, -0.02385509
-0.36478776, 0.12900174, 0.92208624
0.92674994, 0.82575919
0.01164776, 0.0640952, -0.02811625
0.61613816, 0.12900174, 0.77697074
0.63905078, 0.45539147
0.0159089, 0.0640952, -0.03549677
0.98095644, 0.12900174, 0.14511551
0.67096335, 0.45543307
0.01164776, 0.08468219, -0.02811625
0.29428998, 0.57283241, 0.76497698
0.63905084, 0.35948306
0.0135814, 0.06610925, -0.03759041
0.88833278, 0.32932523, -0.31995606
0.53178972, 0.06933177
0.0159089, 0.0640952, -0.04401905
0.98095644, 0.12900174, -0.14511551
0.54185659, 0.03952348
0.0135814, 0.06610925, -0.04192542
0.88833278, 0.32932523, 0.31995606
0.53178972, 0.04913843
-0.01163558, 0.0640952, -0.05139958
-0.61613816, 0.12900174, -0.77697074
0.81624025, 0.0252654
-0.00490447, 0.06610925, -0.05259824
-0.72124392, 0.32932523, -0.60933256
0.80628681, 0.05528235
-0.00425507, 0.0640952, -0.05566073
-0.36478776, 0.12900174, -0.92208624
0.81624025, 0.06496716
-0.01589674, 0.0640952, -0.03549675
-0.98095644, 0.12900174, 0.14511551
0.03191539, 0.23151171
-0.01163558, 0.0640952, -0.02811623
-0.61613816, 0.12900174, 0.77697074
0.0, 0.23153365
-0.01163558, 0.08468219, -0.02811623
-0.29087192, 0.57744074, 0.76284069
1e-08, 0.32744229
0.01164776, 0.0640952, -0.05139958
0.61613816, 0.12900174, -0.77697074
0.83005869, 0.06496716
0.00491664, 0.06610925, -0.05259824
0.72124392, 0.32932523, -0.60933256
0.82010406, 0.03494781
0.00867086, 0.06610925, -0.05043073
0.16705832, 0.32932523, -0.92928863
0.820104, 0.0551427
0.0159089, 0.05558001, -0.04401905
0.73314613, -0.65123445, -0.19580676
0.7078191, 0.4951027
0.0159089, 0.05558001, -0.03549677
0.73317665, -0.65123445, 0.1957152
0.67096335, 0.4951027
-0.00490446, 0.06610925, -0.02691759
-0.72124392, 0.32932523, 0.60933256
0.86207855, 0.09519559
-0.01163558, 0.0640952, -0.02811623
-0.61613816, 0.12900174, 0.77697074
0.87225336, 0.12507498
-0.00425505, 0.0640952, -0.02385509
-0.36478776, 0.12900174, 0.92208624
0.87225336, 0.08537322
0.00426724, 0.0640952, -0.02385509
0.36478776, 0.12900174, 0.92208624
0.13260996, 0.23153651
-0.00425505, 0.08468219, -0.02385509
-0.51576281, 0.57408369, 0.63588369
0.16946572, 0.32744229
-0.00425505, 0.0640952, -0.02385509
-0.36478776, 0.12900174, 0.92208624
0.16946571, 0.23153651
-0.01163558, 0.05558001, -0.05139958
-0.53617972, -0.6513871, -0.53679007
0.2013838, 0.19211519
-0.00425507, 0.0640952, -0.05566073
-0.36478776, 0.12900174, -0.92208624
0.2333018, 0.23154074
-0.00425507, 0.05558001, -0.05566073
-0.19693594, -0.65141761, -0.73268837
0.23330182, 0.19187397
0.01164776, 0.05558001, -0.05139958
0.53617972, -0.65129548, -0.53688163
0.30207565, 0.19211519
0.00426723, 0.0640952, -0.05566073
0.36478776, 0.12900174, -0.92208624
0.27015758, 0.2315408
0.01164776, 0.0640952, -0.05139958
0.61613816, 0.12900174, -0.77697074
0.30207565, 0.23178196
-0.00425505, 0.05558001, -0.02385509
-0.19705802, -0.65126497, 0.73277992
0.16946571, 0.19186801
-0.01163558, 0.0640952, -0.02811623
-0.61613816, 0.12900174, 0.77697074
0.20138377, 0.23168951
-0.01163558, 0.05558001, -0.02811623
-0.53627127, -0.65117341, 0.53697318
0.20138377, 0.19202101
0.0159089, 0.0640952, -0.04401905
0.98095644, 0.12900174, -0.14511551
0.7078191, 0.45543313
0.01164776, 0.05558001, -0.05139958
0.53617972, -0.65129548, -0.53688163
0.73974264, 0.49506122
0.01164776, 0.0640952, -0.05139958
0.61613816, 0.12900174, -0.77697074
0.73974264, 0.45539159
0.01164776, 0.05558001, -0.02811625
0.53627127, -0.65105134, 0.53709525
0.10069192, 0.19202107
0.01164776, 0.0640952, -0.02811625
0.61613816, 0.12900174, 0.77697074
0.1006919, 0.23168957
-0.01356923, 0.06610925, -0.03759041
-0.88833278, 0.32932523, -0.31995606
0.91350621, 0.82575919
-0.01356923, 0.08468219, -0.04192542
-0.56465346, 0.78676718, 0.24921414
0.89475894, 0.73923343
-0.01356923, 0.06610925, -0.04192542
-0.88833278, 0.32932523, 0.31995606
0.89475894, 0.82575917
0.00426723, 0.08468219, -0.05566073
0.51484728, 0.57472456, -0.63606679
0.69320762, 0.10908633
0.00491664, 0.06610925, -0.05259824
0.72124392, 0.32932523, -0.60933256
0.70645261, 0.0225544
0.00426723, 0.0640952, -0.05566073
0.36478776, 0.12900174, -0.92208624
0.69320768, 0.01317787
0.0135814, 0.06610925, -0.04192542
0.88833278, 0.32932523, 0.31995606
0.02910959, 0.09590149
0.0135814, 0.08468219, -0.03759041
0.568865, 0.78444779, -0.24695578
0.0103623, 0.00937587
0.0135814, 0.06610925, -0.03759041
0.88833278, 0.32932523, -0.31995606
0.0103623, 0.09590149
0.01164776, 0.08468219, -0.05139958
0.29322183, 0.57512128, -0.76369518
0.30339849, 0.15781569
0.00867086, 0.06610925, -0.05043073
0.16705832, 0.32932523, -0.92928863
0.31627247, 0.24428034
0.00867085, 0.08468219, -0.05043074
0.05352946, 0.78807944, -0.61320841
0.3162725, 0.15776086
-0.00865869, 0.06610925, -0.05043073
-0.16705832, 0.32932523, -0.92928863
0.2240303, 0.182437
-0.00490448, 0.08468219, -0.05259824
-0.50193793, 0.78801841, -0.35642567
0.2077947, 0.09604031
-0.00490447, 0.06610925, -0.05259824
-0.72124392, 0.32932523, -0.60933256
0.20779471, 0.18255973
0.0135814, 0.06610925, -0.04192542
0.88833278, 0.32932523, 0.31995606
0.33250806, 0.24440992
0.0159089, 0.08468219, -0.04401905
0.807886, 0.57512128, 0.12854396
0.34257364, 0.15781158
0.0135814, 0.08468219, -0.04192542
0.57057405, 0.78212833, 0.25031281
0.33250806, 0.15788668
0.00426724, 0.08468219, -0.02385509
0.51576281, 0.5734123, 0.63649404
0.62422478, 0.17929202
0.00294151, 0.08483119, -0.02674721
-0.38920256, 0.82647175, -0.40675068
0.62995809, 0.19277424
0.00010785, 0.08483119, -0.02557345
0.00012207, 0.82995087, -0.55778682
0.64221263, 0.18730664
0.00867086, 0.06610925, -0.02908509
0.16705832, 0.32932523, 0.92928863
0.01287402, 0.10531884
0.00491664, 0.08468219, -0.02691759
0.50651568, 0.784051, 0.35865352
0.02910959, 0.19176424
0.00491665, 0.06610925, -0.02691759
0.72124392, 0.32932523, 0.60933256
0.02910959, 0.105241
0.0159089, 0.08468219, -0.03549677
0.80739766, 0.57557911, -0.12952055
0.01006559, 0.09590149
0.0135814, 0.06610925, -0.03759041
0.88833278, 0.32932523, -0.31995606
1e-08, 0.00926363
0.0135814, 0.08468219, -0.03759041
0.568865, 0.78444779, -0.24695578
0.0, 0.09578305
-0.01589674, 0.05558001, -0.03549675
-0.73299354, -0.65141761, 0.19577624
0.48746982, 0.32744902
-0.01125906, 0.05555942, -0.03742133
-0.00204474, -0.99996948, -0.00027467
0.49570525, 0.30584347
-0.0124328, 0.05555942, -0.03458767
-0.0037843, -0.99996948, 0.00036622
0.48356214, 0.3113116
-0.00490446, 0.06610925, -0.02691759
-0.72124392, 0.32932523, 0.60933256
0.10681847, 0.10526693
-0.00865868, 0.08468219, -0.02908508
-0.06399731, 0.78606522, 0.61479539
0.12305411, 0.19186801
-0.00865868, 0.06610925, -0.02908508
-0.16705832, 0.32932523, 0.92928863
0.12305409, 0.10534477
0.01164776, 0.08468219, -0.02811625
0.29428998, 0.57283241, 0.76497698
0.0, 0.19180727
0.00867085, 0.08468219, -0.02908509
0.04834132, 0.78106022, 0.62254709
0.01287403, 0.19184202
-0.00425507, 0.08468219, -0.05566073
-0.5148778, 0.57527393, -0.63551742
0.9045676, 0.90409137
-0.00490447, 0.06610925, -0.05259824
-0.72124392, 0.32932523, -0.60933256
0.91781217, 0.99062048
-0.00490448, 0.08468219, -0.05259824
-0.50193793, 0.78801841, -0.35642567
0.91781217, 0.90409469
-0.0116356, 0.08468219, -0.05139958
-0.2906583, 0.57881403, -0.76186407
0.23690429, 0.09597248
-0.01163558, 0.0640952, -0.05139958
-0.61613816, 0.12900174, -0.77697074
0.23690429, 0.19187397
-0.01356923, 0.06610925, -0.03759041
-0.88833278, 0.32932523, -0.31995606
0.92675, 0.81649551
-0.01589674, 0.08468219, -0.03549677
-0.80651265, 0.57692188, -0.12903225
0.93681556, 0.72985765
-0.01356923, 0.08468219, -0.03759041
-0.56349373, 0.78844571, -0.24652852
0.92675, 0.72997618
0.00491664, 0.08468219, -0.05259824
0.50505084, 0.7858516, -0.35685292
0.33250806, 0.15788358
0.00426724, 0.08468219, -0.02385509
0.51576281, 0.5734123, 0.63649404
0.93105549, 1.0
0.00491665, 0.06610925, -0.02691759
0.72124392, 0.32932523, 0.60933256
0.91781217, 0.91346805
0.00491664, 0.08468219, -0.02691759
0.50651568, 0.784051, 0.35865352
0.91781217, 0.99999367
-0.01163558, 0.08468219, -0.02811623
-0.29087192, 0.57744074, 0.76284069
0.13592809, 0.1918332
0.01164776, 0.0640952, -0.02811625
0.61613816, 0.12900174, 0.77697074
0.7114265, 0.13959014
0.00491665, 0.06610925, -0.02691759
0.72124392, 0.32932523, 0.60933256
0.70125049, 0.16947186
0.00426724, 0.0640952, -0.02385509
0.36478776, 0.12900174, 0.92208624
0.7114265, 0.17929196
-0.01589674, 0.05558001, -0.04401904
-0.73296303, -0.65141761, -0.19583727
0.06877116, 0.19184202
-0.00425507, 0.08468219, -0.05566073
-0.5148778, 0.57527393, -0.63551742
0.23330174, 0.32744229
-0.01589674, 0.0640952, -0.04401904
-0.98095644, 0.12900174, -0.14511551
0.53178972, 0.07922202
-0.01356923, 0.06610925, -0.03759041
-0.88833278, 0.32932523, -0.31995606
0.52172536, 0.04941392
-0.01356923, 0.06610925, -0.04192542
-0.88833278, 0.32932523, 0.31995606
0.52172536, 0.0696072
0.00010785, 0.05555942, -0.04559725
0.0, -1.0, 0.0
0.53074157, 0.25288844
0.00010785, 0.05555942, -0.03358827
0.0, -1.0, 0.0
0.47927919, 0.25288844
-0.00559172, 0.05555942, -0.04159852
0.0, -1.0, 0.0
0.51360571, 0.27944106
0.00010785, 0.05555942, -0.05361207
0.0, -0.99996948, -0.00503555
0.56508762, 0.25288844
-0.00272581, 0.05555942, -0.05243833
-0.00320444, -0.99996948, -0.002472
0.56005776, 0.26608962
-0.00425507, 0.05558001, -0.05566073
-0.19693594, -0.65141761, -0.73268837
0.57387882, 0.27321398
0.0135814, 0.08468219, -0.04192542
0.57057405, 0.78212833, 0.25031281
0.58394444, 0.26346725
0.01162983, 0.08483119, -0.04159852
-0.38468581, 0.82061219, -0.42252877
0.59238434, 0.26195467
0.0135814, 0.08468219, -0.03759041
0.568865, 0.78444779, -0.24695578
0.58394444, 0.24327391
-0.01356923, 0.08468219, -0.04192542
-0.56465346, 0.78676718, 0.24921414
0.70136094, 0.26346701
-0.01125906, 0.08483119, -0.04159852
0.39039278, 0.81817073, -0.42204046
0.69137037, 0.26195449
-0.0124328, 0.08483119, -0.04443217
0.56910914, 0.82219917, 0.00573748
0.69644636, 0.27515423
0.00010785, 0.08483119, -0.03358827
0.0, 0.80416274, 0.59434795
0.64221263, 0.2246412
0.00596251, 0.08483119, -0.03742135
0.42027038, 0.80416274, 0.42027038
0.61689341, 0.24249655
0.00596251, 0.08483119, -0.04159852
0.42027038, 0.80416274, -0.42027038
0.61689341, 0.26195467
0.00879619, 0.05555942, -0.04042478
0.0, -1.0, 0.0
0.50857574, 0.21241212
0.00478878, 0.05555942, -0.04443217
0.0, -1.0, 0.0
0.52574879, 0.23108137
0.00879619, 0.05555942, -0.04843958
0.00103763, -0.99996948, -0.00228889
0.54292172, 0.21241206
-0.00272581, 0.05555942, -0.046771
0.0, -1.0, 0.0
0.53577149, 0.26608962
-0.00389955, 0.05555942, -0.04960465
-0.00073244, -0.99996948, -0.00112918
0.54791456, 0.27155769
-0.0084254, 0.05555942, -0.04042478
0.0, -1.0, 0.0
0.50857598, 0.2926423
-0.0124328, 0.05555942, -0.04443217
-0.00372326, -0.99996948, -0.00015259
0.52574897, 0.3113116
-0.0084254, 0.05555942, -0.04843958
-0.00097659, -0.99996948, -0.00219733
0.54292196, 0.2926423
-0.01125906, 0.05555942, -0.03175401
-0.00381481, -0.99996948, 0.0029603
0.47141895, 0.30584347
-0.0084254, 0.05555942, -0.03859507
0.0, -1.0, 0.0
0.50073504, 0.2926423
-0.00272581, 0.05555942, -0.02674721
-0.00335704, -0.99996948, 0.00265511
0.44996309, 0.26608962
-0.00389955, 0.05555942, -0.02958087
-0.00073244, -0.99996948, 0.00119022
0.46210623, 0.27155775
0.00879619, 0.05555942, -0.03058027
0.0011597, -0.99996948, 0.00256355
0.46638882, 0.21241212
0.00478878, 0.05555942, -0.03458767
0.0, -1.0, 0.0
0.4835619, 0.23108137
0.00879619, 0.05555942, -0.03859507
0.0, -1.0, 0.0
0.50073481, 0.21241212
-0.00559173, 0.08483119, -0.04159852
-0.42027038, 0.80416274, -0.42027038
0.33001944, 0.1577608
-0.0084254, 0.08199966, -0.04042478
0.0, 0.63023776, -0.77636033
0.34220222, 0.14455962
-0.0084254, 0.08483119, -0.04042478
0.0, 0.80416274, -0.59434795
0.32995772, 0.14455962
0.00010785, 0.08199966, -0.05361207
0.0, 0.63023776, 0.77636033
0.62003493, 0.03369659
0.00294151, 0.08483119, -0.05243833
-0.39054537, 0.8253426, 0.40769675
0.60782909, 0.02049541
0.00010785, 0.08483119, -0.05361207
0.00012207, 0.82598346, 0.56367689
0.60778999, 0.03369659
0.00294152, 0.08199966, -0.03241453
-0.54896694, 0.63023776, 0.54896694
0.41554812, 0.03407329
0.00411526, 0.08483119, -0.02958087
-0.57908869, 0.81496626, 0.02130192
0.40329719, 0.02087289
0.00294151, 0.08483119, -0.03241453
-0.42027038, 0.80416274, 0.42027038
0.40330282, 0.03407329
0.0128036, 0.08483119, -0.03458767
-0.56663716, 0.82393873, -0.00216681
0.39104626, 0.02087283
0.01162985, 0.08199966, -0.03175401
-0.54896694, 0.63023776, -0.54896694
0.40329719, 0.00767088
0.01162983, 0.08483119, -0.03175401
-0.3906064, 0.82808924, -0.40202034
0.39105189, 0.00767088
-0.00272581, 0.08199966, -0.03241453
0.54896694, 0.63023776, 0.54896694
0.56159472, 0.01832539
0.00010785, 0.08483119, -0.03358827
0.0, 0.80416274, 0.59434795
0.57387882, 0.03152663
-0.00272581, 0.08483119, -0.03241453
0.42027038, 0.80416274, 0.42027038
0.57383972, 0.01832539
-0.0084254, 0.08199966, -0.03859507
0.0, 0.63023776, 0.77636033
0.89448011, 0.72156966
-0.00559173, 0.08483119, -0.03742135
-0.42027038, 0.80416274, 0.42027038
0.90668595, 0.73477089
-0.0084254, 0.08483119, -0.03859509
0.0, 0.80416274, 0.59434795
0.90672511, 0.72156969
0.01162985, 0.08199966, -0.04726584
-0.54896694, 0.63023776, 0.54896694
0.51735467, 0.01312113
0.0128036, 0.08483119, -0.04443217
-0.56620991, 0.82421339, 0.00677511
0.52960563, 0.02632153
0.01162983, 0.08483119, -0.04726584
-0.39408553, 0.8253426, 0.40433973
0.52960002, 0.01312113
-0.00441798, 0.08199966, -0.04443217
-0.77636033, 0.63023776, 0.0
0.38547552, 0.02192503
-0.00559173, 0.08483119, -0.04159852
-0.42027038, 0.80416274, -0.42027038
0.37323585, 0.00872308
-0.00441798, 0.08483119, -0.04443217
-0.59434795, 0.80416274, 0.0
0.37323022, 0.02192503
0.00596251, 0.08199966, -0.04726584
0.54896694, 0.63023776, 0.54896694
0.07610168, 0.0234651
0.00879619, 0.08483119, -0.04843958
-0.01248207, 0.82711262, 0.5618763
0.0883858, 0.03666633
0.00596251, 0.08483119, -0.04726584
0.42692342, 0.80681783, 0.40833765
0.08834665, 0.0234651
-0.00272581, 0.08199966, -0.046771
0.54896694, 0.63023776, -0.54896694
0.10113829, 0.01536775
-0.00389955, 0.08483119, -0.04960467
0.58360547, 0.81179237, -0.01968444
0.11339418, 0.02857053
-0.00272581, 0.08483119, -0.046771
0.42027038, 0.80416274, -0.42027038
0.1133836, 0.01536775
-0.00389955, 0.08199966, -0.02958087
0.77636033, 0.63023776, 0.0
0.13591747, 0.02856725
-0.00272581, 0.08483119, -0.03241453
0.42027038, 0.80416274, 0.42027038
0.12368278, 0.01536775
-0.00389955, 0.08483119, -0.02958087
0.57948548, 0.81472212, 0.01983703
0.1236722, 0.02856725
0.00294152, 0.08199966, -0.02674721
-0.54896694, 0.63023776, -0.54896694
0.1006919, 0.04986751
0.00010785, 0.08483119, -0.02557345
0.00012207, 0.82995087, -0.55778682
0.0883858, 0.03666633
0.00294151, 0.08483119, -0.02674721
-0.38920256, 0.82647175, -0.40675068
0.08844746, 0.04986751
0.00879619, 0.08199966, -0.03058027
0.0, 0.63023776, -0.77636033
0.04748066, 0.03666633
0.00596251, 0.08483119, -0.03175401
0.42802209, 0.80715352, -0.40650654
0.03529792, 0.0234651
0.00879619, 0.08483119, -0.03058027
-0.01818903, 0.8337962, -0.55171359
0.03523622, 0.03666627
-0.01125906, 0.08483119, -0.03175401
0.39942625, 0.82543415, -0.39881587
0.32317284, 0.04178488
-0.0124328, 0.08199966, -0.03458767
0.77636033, 0.63023776, 0.0
0.33540753, 0.02858204
-0.0124328, 0.08483119, -0.03458767
0.56953645, 0.82192451, -0.00216681
0.32316226, 0.0285821
0.00478878, 0.08199966, -0.04443217
0.77636033, 0.63023776, 0.0
0.50158495, 0.03152496
0.00596251, 0.08483119, -0.04726584
0.42692342, 0.80681783, 0.40833765
0.48935026, 0.01832539
0.00478878, 0.08483119, -0.04443217
0.59434795, 0.80416274, 0.0
0.48933965, 0.03152502
0.01162983, 0.08483119, -0.04159852
-0.38468581, 0.82061219, -0.42252877
0.17952831, 0.04988718
0.00879619, 0.08199966, -0.04042478
0.0, 0.63023776, -0.77636033
0.1917111, 0.03668606
0.00879619, 0.08483119, -0.04042478
0.0, 0.80416274, -0.59434795
0.17946662, 0.03668606
-0.01125906, 0.08483119, -0.04159852
0.39039278, 0.81817073, -0.42204046
0.33001944, 0.13135844
0.00294152, 0.08199966, -0.02674721
-0.54896694, 0.63023776, -0.54896694
0.41554812, 0.00767094
0.00294151, 0.08483119, -0.02674721
-0.38920256, 0.82647175, -0.40675068
0.40330279, 0.00767094
0.00294152, 0.08199966, -0.05243833
-0.54896694, 0.63023776, 0.54896694
0.42779905, 0.03407329
0.00411526, 0.08483119, -0.04960467
-0.58015686, 0.81423384, -0.01925718
0.41554812, 0.02087289
0.00294151, 0.08483119, -0.05243833
-0.39054537, 0.8253426, 0.40769675
0.41555372, 0.03407329
0.00879619, 0.08199966, -0.03859507
0.0, 0.63023776, 0.77636033
0.05988758, 0.03666633
0.01162983, 0.08483119, -0.03742135
-0.38639486, 0.82036805, 0.42146063
0.0720934, 0.04986745
0.00879619, 0.08483119, -0.03859509
0.0, 0.80416274, 0.59434795
0.07213254, 0.03666633
-0.00559172, 0.08199966, -0.03742135
-0.54896694, 0.63023776, 0.54896694
0.54185653, 0.03952348
-0.00441798, 0.08483119, -0.03458767
-0.59434795, 0.80416274, 0.0
0.52960557, 0.02632308
-0.00559173, 0.08483119, -0.03742135
-0.42027038, 0.80416274, 0.42027038
0.52961123, 0.03952348
-0.00272581, 0.08199966, -0.05243833
0.54896694, 0.63023776, 0.54896694
0.62007409, 0.04689777
-0.00272581, 0.08483119, -0.05243833
0.39365825, 0.82378614, 0.40784937
0.60782909, 0.04689777
0.01162985, 0.08199966, -0.04159852
-0.54896694, 0.63023776, -0.54896694
0.51735467, 0.03952348
0.01162983, 0.08483119, -0.04159852
-0.38468581, 0.82061219, -0.42252877
0.52959996, 0.03952348
-0.01125906, 0.08483119, -0.03742135
0.39164403, 0.81798762, 0.42127749
0.90668595, 0.70836851
-0.0084254, 0.08199966, -0.04843958
0.0, 0.63023776, 0.77636033
0.54934973, 0.03152657
-0.00559173, 0.08483119, -0.04726584
-0.42027038, 0.80416274, 0.42027038
0.56155562, 0.04472774
-0.0084254, 0.08483119, -0.04843958
-0.01712088, 0.82644123, 0.56270027
0.56159472, 0.03152657
-0.00389955, 0.08199966, -0.04960467
0.77636033, 0.63023776, 0.0
0.10114887, 0.02857053
-0.00272581, 0.08483119, -0.05243833
0.39365825, 0.82378614, 0.40784937
0.11338354, 0.0417701
0.00596251, 0.08199966, -0.03175401
0.54896694, 0.63023776, -0.54896694
0.51385146, 0.0447278
0.00478878, 0.08483119, -0.03458767
0.59434795, 0.80416274, 0.0
0.50159556, 0.03152502
0.00596251, 0.08483119, -0.03175401
0.42802209, 0.80715352, -0.40650654
0.50160623, 0.0447278
0.00294152, 0.08199966, -0.046771
-0.54896694, 0.63023776, -0.54896694
0.05984843, 0.04986751
0.00010785, 0.08483119, -0.04559726
0.0, 0.80416274, -0.59434795
0.04754233, 0.03666633
0.00294151, 0.08483119, -0.046771
-0.42027038, 0.80416274, -0.42027038
0.04760396, 0.04986751
0.00010785, 0.08199966, -0.02557345
0.0, 0.63023776, -0.77636033
0.10063021, 0.03666633
-0.00272581, 0.08483119, -0.02674721
0.39259011, 0.82479322, -0.40684226
0.08844746, 0.02346516
-0.01125906, 0.08199966, -0.03742133
0.54896694, 0.63023776, 0.54896694
0.33541816, 0.01538247
-0.01125906, 0.08483119, -0.03742135
0.39164403, 0.81798762, 0.42127749
0.32317281, 0.01538247
-0.00559172, 0.08199966, -0.03175401
-0.54896694, 0.63023776, -0.54896694
0.17946662, 0.04988724
-0.0084254, 0.08483119, -0.03058027
0.004944, 0.84084594, -0.54121524
0.16716048, 0.03668594
-0.00559173, 0.08483119, -0.03175401
-0.42780846, 0.80669576, -0.4076052
0.1672222, 0.04988718
0.00596251, 0.08483119, -0.04159852
0.42027038, 0.80416274, -0.42027038
0.17952831, 0.02348483
-0.01125906, 0.08483119, -0.04159852
0.39039278, 0.81817073, -0.42204046
0.31091696, 0.04178488
-0.0124328, 0.08199966, -0.04443217
0.77636033, 0.63023776, 0.0
0.32315165, 0.02858204
-0.0124328, 0.08483119, -0.04443217
0.56910914, 0.82219917, 0.00573748
0.31090638, 0.02858204
0.00294152, 0.08199966, -0.046771
-0.54896694, 0.63023776, -0.54896694
0.42779905, 0.00767094
0.00294151, 0.08483119, -0.046771
-0.42027038, 0.80416274, -0.42027038
0.41555372, 0.00767094
0.01162985, 0.08199966, -0.03742135
-0.54896694, 0.63023776, 0.54896694
0.40329716, 0.03407329
0.01162983, 0.08483119, -0.03742135
-0.38639486, 0.82036805, 0.42146063
0.39105189, 0.03407329
-0.00441798, 0.08199966, -0.03458767
-0.77636033, 0.63023776, 0.0
0.54185092, 0.02632302
-0.00559173, 0.08483119, -0.03175401
-0.42780846, 0.80669576, -0.4076052
0.52961123, 0.01312107
0.00010785, 0.08199966, -0.03358827
0.0, 0.63023776, 0.77636033
0.56163388, 0.03152663
0.00294151, 0.08483119, -0.03241453
-0.42027038, 0.80416274, 0.42027038
0.57383972, 0.0447278
0.00596251, 0.08483119, -0.03742135
0.42027038, 0.80416274, 0.42027038
0.0720934, 0.0234651
0.00879619, 0.08199966, -0.04843958
0.0, 0.63023776, 0.77636033
0.07614084, 0.03666633
0.01162983, 0.08483119, -0.04726584
-0.39408553, 0.8253426, 0.40433973
0.08834665, 0.04986745
-0.00559173, 0.08483119, -0.04726584
-0.42027038, 0.80416274, 0.42027038
0.37323582, 0.03512543
-0.01125906, 0.08199966, -0.04726584
0.54896694, 0.63023776, 0.54896694
0.54931068, 0.01832539
-0.01125906, 0.08483119, -0.04726584
0.40095219, 0.82326734, 0.40177616
0.56155562, 0.01832539
0.00596251, 0.08199966, -0.03742133
0.54896694, 0.63023776, 0.54896694
0.51385146, 0.01832545
0.00596251, 0.08483119, -0.03742135
0.42027038, 0.80416274, 0.42027038
0.50160617, 0.01832539
0.00010785, 0.08199966, -0.04559726
0.0, 0.63023776, -0.77636033
0.05978677, 0.03666633
-0.00272581, 0.08483119, -0.046771
0.42027038, 0.80416274, -0.42027038
0.04760396, 0.02346516
-0.00272581, 0.08199966, -0.02674721
0.54896694, 0.63023776, -0.54896694
0.13592808, 0.0417701
-0.00272581, 0.08483119, -0.02674721
0.39259011, 0.82479322, -0.40684226
0.12368278, 0.0417701
0.01162983, 0.08483119, -0.03175401
-0.3906064, 0.82808924, -0.40202034
0.03529788, 0.04986739
-0.0084254, 0.08199966, -0.03058027
0.0, 0.63023776, -0.77636033
0.17940493, 0.036686
-0.01125906, 0.08483119, -0.03175401
0.39942625, 0.82543415, -0.39881587
0.1672222, 0.02348483
0.00596251, 0.08199966, -0.04159852
0.54896694, 0.63023776, -0.54896694
0.50159556, 0.04472774
0.00596251, 0.08483119, -0.04159852
0.42027038, 0.80416274, -0.42027038
0.48935029, 0.0447278
-0.01125906, 0.08483119, -0.04726584
0.40095219, 0.82326734, 0.40177616
0.31091696, 0.01538247
-0.00485595, 0.08544518, -0.0575083
-0.85164952, -0.25763726, 0.45634326
0.41699687, 0.95962714
-0.00485595, 0.08544518, -0.0222834
-0.89275795, -0.2602008, -0.36768699
0.33616784, 0.8205305
-0.00479019, 0.09844697, -0.0407628
-0.68886381, 0.72365487, 0.0413831
0.33091152, 0.92564172
-0.00765222, 0.04036597, -0.03813893
-0.73390913, -0.52113408, -0.43559068
0.5378058, 0.77170004
-0.00765222, 0.04369214, -0.02230669
-0.99996948, -0.00204474, 0.00119022
0.48928371, 0.71740347
-0.00771798, 0.05496779, -0.0222834
-0.90371412, 0.32276374, -0.28125858
0.44789794, 0.74518365
0.00741758, 0.05496779, -0.0222834
0.90112001, 0.32361826, -0.28849146
0.16096236, 0.58226559
0.00741758, 0.04036597, -0.03813893
0.73461103, -0.51951659, -0.43635365
0.25087038, 0.55574927
0.00741758, 0.04471285, -0.04602379
0.66603595, -0.68868071, -0.2864162
0.25302926, 0.5138683
0.00475091, 0.08544518, -0.0222834
0.8913846, -0.26468703, -0.3678396
0.04922442, 0.50691155
0.00475091, 0.08544518, -0.0575083
0.84984893, -0.26123846, 0.4576861
0.13005334, 0.3678149
0.00475091, 0.09844697, -0.0407628
0.69069493, 0.72191536, 0.04141362
0.04396828, 0.40180057
-0.0076522, -0.00167506, 0.04804623
-0.56694233, -0.63039035, 0.53022856
0.23690431, 0.19187397
0.00741759, 0.03250551, 0.04734482
0.57530445, 0.60109258, 0.55467391
0.30207562, 0.03261644
-0.00765221, 0.03250551, 0.04734482
-0.57530445, 0.60109258, 0.55467391
0.23690429, 0.03261644
0.00741759, 0.00690303, 0.00407507
0.66676837, -0.69106114, -0.27890867
0.63905019, 0.8342957
-0.00765221, 0.00690303, 0.00407507
-0.66676837, -0.69106114, -0.27890867
0.57387882, 0.83429542
-0.00765221, 0.02990512, 0.00386211
-0.83959472, 0.48484755, 0.24484999
0.80628681, 0.12507576
0.00741759, 0.03250551, 0.04734482
0.57530445, 0.60109258, 0.55467391
0.87145817, 0.32744837
0.00741759, 0.02990512, 0.00386211
0.83959472, 0.48484755, 0.24484999
0.87145817, 0.12507498
-0.0076522, -0.00167506, 0.04804623
-0.56694233, -0.63039035, 0.53022856
0.57387942, 0.62593296
-0.00765222, 0.03279669, -0.03113611
-0.7700125, -0.29783013, -0.56422621
0.66664833, 0.10908633
0.00741758, 0.02502914, -0.02935919
0.59108251, -0.6266976, -0.50779748
0.70014429, 0.17929196
-0.00765222, 0.02502914, -0.02935919
-0.59108251, -0.6266976, -0.50779748
0.70014429, 0.10908633
0.00741758, 0.04778039, -0.00426671
0.73580128, 0.60155034, 0.31095308
0.70246494, 0.13958973
0.00534535, 0.04643255, -0.00061982
0.88833278, 0.01959288, 0.45875424
0.7114265, 0.12251008
0.00741758, 0.04643255, -0.00061982
0.57716608, 0.34031188, 0.7423017
0.70246488, 0.1225096
0.00741758, 0.04643255, -0.00061982
0.57716608, 0.34031188, 0.7423017
0.63905019, 0.3319729
-0.00765222, 0.0403212, -0.00289936
-0.82357252, 0.06189154, 0.56379896
0.57387882, 0.36036116
0.00741759, 0.0403212, -0.00289936
0.82357252, 0.06189154, 0.56379896
0.63905019, 0.3603611
-0.00765221, 0.02990512, 0.00386211
-0.83959472, 0.48484755, 0.24484999
0.57387888, 0.40912789
0.00741759, 0.02990512, 0.00386211
0.83959472, 0.48484755, 0.24484999
0.63905019, 0.40912783
-0.00765222, 0.04643255, -0.00061982
-0.57716608, 0.3403424, 0.7423017
0.73789304, 0.32767802
-0.00541512, 0.04778028, -0.00426671
-0.26407665, 0.9635914, -0.04113895
0.72821844, 0.34475762
-0.00765222, 0.04778028, -0.00426671
-0.73580128, 0.60151982, 0.31095308
0.73789304, 0.34475815
-0.00541512, 0.05012761, 0.00724172
-0.60359508, -0.42527542, 0.67433697
0.38729307, 0.13265264
-0.00541513, 0.07837815, 0.00340426
-0.88021487, -0.3028962, -0.36530656
0.36189362, 0.26262319
-0.00541512, 0.05147534, 0.00359479
-0.85055083, 0.28028199, -0.44492936
0.40019119, 0.14427263
0.00741759, 0.0403212, -0.00289936
0.82357252, 0.06189154, 0.56379896
0.17017195, 0.69501451
0.00741759, 0.02990512, 0.00386211
0.83959472, 0.48484755, 0.24484999
0.19283834, 0.74746186
0.00741758, 0.02493965, -0.02378442
0.77471238, -0.60490739, -0.1839961
0.27447921, 0.65056491
-0.00765221, 0.03250551, 0.04734482
-0.57530445, 0.60109258, 0.55467391
0.37046373, 0.41471022
-0.00765221, 0.02990512, 0.00386211
-0.83959472, 0.48484755, 0.24484999
0.47977367, 0.57998744
-0.00765221, 0.00690303, 0.00407507
-0.66676837, -0.69106114, -0.27890867
0.56360257, 0.52228737
0.00534534, 0.07837815, 0.00340426
0.88021487, -0.3028962, -0.36530656
0.73059911, 0.19356459
0.00534534, 0.08135051, 0.00705119
0.58879358, 0.51438946, 0.62346262
0.7114265, 0.18622762
0.00534535, 0.05012761, 0.00724172
0.60359508, -0.42527542, 0.67433697
0.75599867, 0.32353491
-0.00541512, 0.05147534, 0.00359479
-0.85055083, 0.28028199, -0.44492936
0.8748365, 0.37758142
0.00534535, 0.04778039, -0.00426671
0.26407665, 0.96362191, -0.04113895
0.84107655, 0.32744902
-0.00541512, 0.04778028, -0.00426671
-0.26407665, 0.9635914, -0.04113895
0.84107661, 0.37757885
-0.00541513, 0.07837815, 0.00340426
-0.88021487, -0.3028962, -0.36530656
0.43758133, 0.1287384
0.00534534, 0.08228969, -0.01657116
0.74306464, -0.65672779, -0.12857448
0.39104626, 0.03407329
0.00534534, 0.07837815, 0.00340426
0.88021487, -0.3028962, -0.36530656
0.39104626, 0.12873834
-0.00541513, 0.08135051, 0.00705119
-0.58879358, 0.51438946, 0.62346262
0.75796163, 0.12873751
0.00534534, 0.08605575, -0.01649587
0.663625, 0.73354292, 0.14654988
0.80449671, 0.01873022
-0.00541513, 0.08605575, -0.01649587
-0.663625, 0.73354292, 0.14654988
0.75796157, 0.01872891
-0.00541512, 0.05012761, 0.00724172
-0.60359508, -0.42527542, 0.67433697
0.88065875, 0.70836848
0.00534534, 0.08135051, 0.00705119
0.58879358, 0.51438946, 0.62346262
0.92719376, 0.56290784
-0.00541513, 0.08135051, 0.00705119
-0.58879358, 0.51438946, 0.62346262
0.88065869, 0.56290781
-0.00541512, 0.04643255, -0.00061982
-0.88833278, 0.01959288, 0.45875424
0.57387882, 0.02923059
0.00534535, 0.05012761, 0.00724172
0.60359508, -0.42527542, 0.67433697
0.60541838, 0.07936084
-0.00541512, 0.05012761, 0.00724172
-0.60359508, -0.42527542, 0.67433697
0.60541838, 0.02923107
-0.00765222, 0.05611817, -0.01644811
-0.828547, 0.29303873, 0.47706532
0.33784267, 0.1287384
0.00741758, 0.04778039, -0.00426671
0.73580128, 0.60155034, 0.31095308
0.39104623, 0.05852735
0.00741758, 0.05611817, -0.01644811
0.83062226, 0.29267251, 0.47364727
0.3378427, 0.05853277
-0.00820909, 0.05490475, -0.03103559
-0.54896694, 0.63023776, 0.54896694
0.57387888, 0.15001845
1.3e-07, 0.05490475, -0.02763521
0.0, 0.63023776, 0.77636033
0.60105038, 0.17928886
0.01160973, 0.05490475, -0.03924481
0.77636033, 0.63023776, 0.0
0.66664833, 0.15002596
1.3e-07, 0.05252249, -0.02763521
0.0, -0.63023776, 0.77636033
0.57387882, 0.14960724
-0.00820909, 0.05252249, -0.04745404
-0.54896694, -0.63023776, -0.54896694
0.50878996, 0.0794872
1.3e-07, 0.05252249, -0.05085441
0.0, -0.63023776, -0.77636033
0.48182923, 0.10890675
-0.00820909, 0.05490475, -0.03103559
-0.54896694, 0.63023776, 0.54896694
0.89663744, 0.08445489
1.3e-07, 0.05252249, -0.02763521
0.0, -0.63023776, 0.77636033
0.90705293, 0.04621065
1.3e-07, 0.05490475, -0.02763521
0.0, 0.63023776, 0.77636033
0.89675081, 0.04621065
0.00820935, 0.05490475, -0.04745404
0.54896694, 0.63023776, -0.54896694
0.9045676, 0.90409137
1.3e-07, 0.05252249, -0.05085441
0.0, -0.63023776, -0.77636033
0.91504788, 0.86584707
1.3e-07, 0.05490475, -0.05085441
0.0, 0.63023776, -0.77636033
0.90474623, 0.86584707
-0.01160947, 0.05490475, -0.03924481
-0.77636033, 0.63023776, 0.0
0.91506422, 0.86584477
-0.00820909, 0.05252249, -0.03103559
-0.54896694, -0.63023776, 0.54896694
0.92535031, 0.8276027
-0.00820909, 0.05490475, -0.03103559
-0.54896694, 0.63023776, 0.54896694
0.91504788, 0.8276027
0.01160973, 0.05490475, -0.03924481
0.77636033, 0.63023776, 0.0
0.9173553, 0.04620588
0.00820935, 0.05252249, -0.04745404
0.54896694, -0.63023776, -0.54896694
0.90708363, 0.08445489
0.00820935, 0.05490475, -0.04745404
0.54896694, 0.63023776, -0.54896694
0.91738605, 0.08445489
-0.00820909, 0.05490475, -0.04745404
-0.54896694, 0.63023776, -0.54896694
0.91504794, 0.90409137
-0.01160947, 0.05252249, -0.03924481
-0.77636033, -0.63023776, 0.0
0.92536664, 0.86584476
0.00820935, 0.05490475, -0.03103559
0.54896694, 0.63023776, 0.54896694
0.91738605, 0.00796628
0.01160973, 0.05252249, -0.03924481
0.77636033, -0.63023776, 0.0
0.90705293, 0.04620588
-0.00820909, 0.05252249, -0.04745404
-0.54896694, -0.63023776, -0.54896694
0.91486925, 0.8276028
-0.00820909, 0.05490475, -0.04745404
-0.54896694, 0.63023776, -0.54896694
0.9045676, 0.8276028
0.00820935, 0.05252249, -0.03103559
0.54896694, -0.63023776, 0.54896694
0.90693957, 0.00796634
0.00820935, 0.05490475, -0.03103559
0.54896694, 0.63023776, 0.54896694
0.89663744, 0.00796634
-0.0124328, 0.08199966, -0.03458767
0.77636033, 0.63023776, 0.0
0.32603982, 0.04178482
-0.0084254, 0.08199966, -0.03058027
0.0, 0.63023776, -0.77636033
0.30339849, 0.05189025
-0.0084254, 0.08199966, -0.03859507
0.0, 0.63023776, 0.77636033
0.33541816, 0.06617635
-0.0084254, 0.08199966, -0.04843958
0.0, 0.63023776, 0.77636033
0.49120834, 0.07922095
-0.01125906, 0.08199966, -0.04726584
0.54896694, 0.63023776, 0.54896694
0.50447237, 0.07922202
-0.01125906, 0.08199966, -0.04159852
0.54896694, 0.63023776, -0.54896694
0.51385146, 0.05483246
-0.00389955, 0.08199966, -0.04960467
0.77636033, 0.63023776, 0.0
0.36986491, 0.04842538
0.00010785, 0.08199966, -0.04559726
0.0, 0.63023776, -0.77636033
0.36048582, 0.02403426
0.00010785, 0.08199966, -0.05361207
0.0, 0.63023776, 0.77636033
0.34722179, 0.05852634
0.00596251, 0.08199966, -0.04726584
0.54896694, 0.63023776, 0.54896694
0.86207855, 0.05486435
0.00879619, 0.08199966, -0.04042478
0.0, 0.63023776, -0.77636033
0.89409822, 0.05486166
0.01162985, 0.08199966, -0.04159852
-0.54896694, 0.63023776, -0.54896694
0.89409822, 0.040573
0.00879619, 0.08199966, -0.03859507
0.0, 0.63023776, 0.77636033
0.55123574, 0.07922095
0.00478878, 0.08199966, -0.03458767
0.77636033, 0.63023776, 0.0
0.57387882, 0.06911993
0.00879619, 0.08199966, -0.03058027
0.0, 0.63023776, -0.77636033
0.56449974, 0.04472888
-0.00272581, 0.08199966, -0.03241453
0.54896694, 0.63023776, 0.54896694
0.83005875, 0.05486429
-0.00272581, 0.08199966, -0.02674721
0.54896694, 0.63023776, -0.54896694
0.85270005, 0.06496614
0.00294152, 0.08199966, -0.02674721
-0.54896694, 0.63023776, -0.54896694
0.86207849, 0.04057318
0.00534535, 0.05147534, 0.00359479
0.85055083, 0.28028199, -0.44492936
0.7114265, 0.12873882
-0.00388477, 0.04680838, -0.05491882
-0.0880459, -0.94875944, -0.30338451
0.88827455, 0.88142913
-0.00479019, 0.09522087, -0.01644811
-0.57765436, 0.54441971, 0.60820335
0.83939695, 0.765572
-0.00765222, 0.02502914, -0.02935919
-0.59108251, -0.6266976, -0.50779748
0.5738793, 0.99999971
0.00365013, 0.04680838, -0.05491882
0.08774071, -0.94573808, -0.31284523
0.30339846, 0.30211848
0.0040985, 0.03300543, -0.05518397
0.53810239, -0.74700153, -0.39039278
0.34272102, 0.2537173
-0.00012261, 0.08524782, -0.058025
0.0, -0.63023776, -0.77636033
0.83939588, 0.78342621
0.00481481, 0.08524782, -0.05597985
0.54896694, -0.63023776, -0.54896694
0.83939588, 0.80829033
0.00481481, 0.08524782, -0.046105
0.54896694, -0.63023776, 0.54896694
0.8785435, 0.8255997
-0.00506003, 0.08524782, -0.046105
-0.54896694, -0.63023776, 0.54896694
0.89475894, 0.78304113
-0.00506003, 0.08524782, -0.05597985
-0.54896694, -0.63023776, -0.54896694
0.85561132, 0.76573177
-0.00506004, 0.19360827, -0.05597985
-0.54896694, 0.63023776, -0.54896694
0.8098712, 1.0
0.0048148, 0.19360827, -0.04610502
0.54896694, 0.63023776, 0.54896694
0.72446102, 0.49516225
-0.00012262, 0.19360827, -0.05802501
0.0, 0.63023776, -0.77636033
0.66040337, 0.49521846
-0.00506004, 0.19360827, -0.04610502
-0.54896694, 0.63023776, 0.54896694
0.6817559, 0.49512273
-0.00178137, 0.09818981, -0.05564058
0.0, 0.99923706, -0.03866695
0.85240865, 0.58280274
-0.00479019, 0.09818976, -0.05564058
-0.70049137, 0.71309549, -0.02755821
0.8393966, 0.58280268
0.00337526, 0.19088557, -0.04060756
0.77636033, 0.63023776, 0.0
0.66726536, 0.33799118
0.00234108, 0.19088557, -0.04310428
0.54896694, 0.63023776, -0.54896694
0.65900153, 0.32909036
-0.00265238, 0.19088557, -0.04310428
-0.54896694, 0.63023776, -0.54896694
0.63905084, 0.33799356
-0.00265238, 0.19088557, -0.03811084
-0.54896694, 0.63023776, 0.54896694
0.64731461, 0.35948306
0.00234108, 0.19088557, -0.03811083
0.54896694, 0.63023776, 0.54896694
0.66726536, 0.35057992
0.00234109, 0.08818962, -0.04310428
0.54896694, -0.63023776, -0.54896694
0.67546517, 0.35940242
0.00337527, 0.08818962, -0.04060755
0.77636033, -0.63023776, 0.0
0.68706143, 0.35948306
0.00234109, 0.08818962, -0.03811083
0.54896694, -0.63023776, 0.54896694
0.69526112, 0.35064954
-0.00265237, 0.08818962, -0.03811083
-0.54896694, -0.63023776, 0.54896694
0.68706137, 0.3291288
-0.00265237, 0.08818962, -0.04310428
-0.54896694, -0.63023776, -0.54896694
0.66726542, 0.33788168
-0.00265237, 0.08818962, -0.03811083
-0.54896694, -0.63023776, 0.54896694
0.89663744, 0.56287071
0.00234109, 0.08818962, -0.04310428
0.54896694, -0.63023776, -0.54896694
0.87504256, 0.56284931
-0.00265237, 0.08818962, -0.04310428
-0.54896694, -0.63023776, -0.54896694
0.93982726, 0.56290248
0.00234109, 0.08818962, -0.03811083
0.54896694, -0.63023776, 0.54896694
0.9398272, 0.08447921
-0.00353318, 0.19169596, -0.0595866
-0.58864099, 0.54460281, -0.59736931
0.83939588, 0.56319863
-0.00178141, 0.19175823, -0.05957524
-0.00717185, 0.69136631, -0.72246468
0.83182007, 0.56290781
0.0032939, 0.19169596, -0.05958658
0.58864099, 0.54460281, -0.5973388
0.80987126, 0.56319857
0.00329393, 0.09793266, -0.05991528
0.69258708, 0.00177007, -0.72130495
0.80987126, 1.0
-0.00353315, 0.09793266, -0.05991528
-0.69258708, 0.00177007, -0.72130495
0.83939582, 1.0
-0.00765222, 0.05139154, -0.05991528
-0.90148628, 0.30701619, -0.30497146
0.57387882, 0.40912789
-0.00178141, 0.19175823, -0.05957524
-0.00717185, 0.69136631, -0.72246468
0.71439099, 0.33583868
-0.00353318, 0.19169596, -0.0595866
-0.58864099, 0.54460281, -0.59736931
0.71443611, 0.32767773
-0.00353319, 0.19201539, -0.05514754
-0.69225132, 0.72026736, -0.04422132
0.69526118, 0.32767749
-0.00179663, 0.19033341, -0.05985379
-0.70659506, 0.70738852, -0.01696829
0.71443611, 0.35478628
-0.00179662, 0.19019353, -0.06567542
-0.57890558, 0.57115388, -0.58189642
0.89444101, 0.70836857
-0.00179662, 0.17849185, -0.06573839
-0.62556839, -0.31531724, -0.71358377
0.60778999, 0.07936072
0.00139032, 0.17284793, -0.05947245
0.46086001, -0.65938294, -0.59392071
0.69320762, 0.02760744
-0.00179662, 0.17284793, -0.05947245
-0.46086001, -0.65938294, -0.59392071
0.32995772, 0.15776086
0.00329393, 0.09818981, -0.05564058
1.0, 0.0, 0.0
0.99999994, 0.12579745
0.00329393, 0.09793266, -0.05991528
0.69258708, 0.00177007, -0.72130495
0.98151958, 0.12449485
0.00741758, 0.04471285, -0.04602379
0.66603595, -0.68868071, -0.2864162
0.83939588, 0.9238047
0.0048148, 0.19360827, -0.05597985
0.54896694, 0.63023776, -0.54896694
0.8457374, 0.12507313
-0.00012262, 0.19360827, -0.05802501
0.0, 0.63023776, -0.77636033
0.86207855, 0.10746729
-0.00506004, 0.19360827, -0.05597985
-0.54896694, 0.63023776, -0.54896694
0.86207855, 0.08257049
-0.00506004, 0.19360827, -0.04610502
-0.54896694, 0.63023776, 0.54896694
0.82262796, 0.06496888
-0.00012262, 0.19360827, -0.04405988
0.0, 0.63023776, 0.77636033
0.80628687, 0.08257478
-0.00353315, 0.09793266, -0.05991528
-0.69258708, 0.00177007, -0.72130495
0.96223068, 0.56290781
-0.00353318, 0.19169596, -0.0595866
-0.58864099, 0.54460281, -0.59736931
0.96152133, 0.12609082
-0.00765222, 0.05139154, -0.05991528
-0.90148628, 0.30701619, -0.30497146
0.54735917, 0.88494503
-0.00262894, 0.04778028, -0.06570352
0.57734919, -0.57734919, -0.57734919
0.87504256, 0.06763113
0.00239432, 0.04778028, -0.06292239
-0.30149236, -0.90450758, -0.30149236
0.38548118, 0.05852741
-0.00262895, 0.05139154, -0.06570352
0.57734919, 0.57734919, -0.57734919
0.21187495, 0.07251573
-0.00765222, 0.05139154, -0.06570352
-0.57734919, 0.57734919, -0.57734919
0.21187498, 0.09591764
0.00741758, 0.05139154, -0.06570352
0.57734919, 0.57734919, -0.57734919
0.21187498, 0.02571195
0.00239431, 0.05139154, -0.06292239
-0.30149236, 0.90450758, -0.30149236
0.22390106, 0.04911387
0.00239431, 0.05139154, -0.06570352
-0.57734919, 0.57734919, -0.57734919
0.21187498, 0.04911387
0.00741758, 0.04778028, -0.06570352
0.57734919, -0.57734919, -0.57734919
0.28694335, 0.42857432
0.00741758, 0.04778028, -0.06570352
0.57734919, -0.57734919, -0.57734919
0.16716048, 0.04988724
-0.00262894, 0.04778028, -0.06570352
0.57734919, -0.57734919, -0.57734919
0.15154429, 0.04988724
-0.0076522, 0.04778028, -0.06570352
-0.57731867, -0.57734919, -0.57734919
0.90456766, 0.83103414
-0.00262894, 0.04778028, -0.06292239
0.30149236, -0.90450758, -0.30149236
0.88284379, 0.8438727
-0.00262894, 0.04778028, -0.06570352
0.57734919, -0.57734919, -0.57734919
0.88284391, 0.83103397
0.00239432, 0.04778028, -0.06570352
-0.57734919, -0.57734919, -0.57734919
0.8611201, 0.83103384
0.00741758, 0.04778028, -0.06570352
0.57734919, -0.57734919, -0.57734919
0.83939636, 0.83103375
0.00239431, 0.05139154, -0.06570352
-0.57734919, 0.57734919, -0.57734919
0.87410593, 0.08537316
-0.00388477, 0.04680838, -0.05491882
-0.0880459, -0.94875944, -0.30338451
0.66664833, 0.07936084
-0.00394607, 0.03300543, -0.05518397
-0.53810239, -0.74700153, -0.39039278
0.66664833, 0.01504487
-0.00765221, 0.04680838, -0.05491882
-0.7043367, -0.69920957, -0.12247078
0.90456736, 0.88142923
0.0040985, 0.03300543, -0.05518397
0.53810239, -0.74700153, -0.39039278
0.10113828, 0.04177004
-0.00394608, 0.04471285, -0.04453408
-0.11960204, -0.97338784, -0.19531846
0.13592808, 0.09592742
0.00409849, 0.04364999, -0.05128494
0.86541337, -0.06094546, -0.49732962
0.80628681, 0.32744902
-0.00771798, 0.05496779, -0.0575083
-0.91369367, 0.35023043, 0.20606098
0.73974264, 0.33101815
0.00475091, 0.08544518, -0.0575083
0.84984893, -0.26123846, 0.4576861
0.18985145, 0.04988724
-0.00485595, 0.08544518, -0.0575083
-0.85164952, -0.25763726, 0.45634326
0.48182923, 0.01668119
-0.00771798, 0.05496779, -0.0222834
-0.90371412, 0.32276374, -0.28125858
0.03523622, 0.04986751
-0.00765222, 0.05611817, -0.01644811
-0.828547, 0.29303873, 0.47706532
0.87504256, 0.38074523
-0.00490448, 0.08468219, -0.05259824
-0.50193793, 0.78801841, -0.35642567
0.66388905, 0.31318325
-0.0086587, 0.08468219, -0.05043073
-0.06930754, 0.78850675, -0.61107212
0.68012464, 0.30308652
-0.00389955, 0.08483119, -0.04960467
0.58360547, 0.81179237, -0.01968444
0.65954316, 0.29924875
-0.0084254, 0.08483119, -0.04843958
-0.01712088, 0.82644123, 0.56270027
0.67911577, 0.29382151
-0.00559173, 0.08483119, -0.04726584
-0.42027038, 0.80416274, 0.42027038
0.66686124, 0.28835404
-0.00425507, 0.08468219, -0.05566073
-0.5148778, 0.57527393, -0.63551742
0.66108054, 0.32744896
0.00010785, 0.08483119, -0.05361207
0.00012207, 0.82598346, 0.56367689
0.64221263, 0.3179161
-0.00272581, 0.08483119, -0.05243833
0.39365825, 0.82378614, 0.40784937
0.65446717, 0.3124485
0.00879619, 0.08483119, -0.04843958
-0.01248207, 0.82711262, 0.5618763
0.60463881, 0.29382169
0.00867085, 0.08468219, -0.05043074
0.05352946, 0.78807944, -0.61320841
0.60518074, 0.30308676
0.00596251, 0.08483119, -0.04726584
0.42692342, 0.80681783, 0.40833765
0.61689341, 0.28835416
0.00411526, 0.08483119, -0.04960467
-0.58015686, 0.81423384, -0.01925718
0.62488204, 0.29924887
0.01162985, 0.05555942, -0.04726584
0.00399792, -0.99996948, -0.00289926
0.53789186, 0.19921088
0.01164776, 0.05558001, -0.05139958
0.53617972, -0.65129548, -0.53688163
0.55561823, 0.19912744
0.0159089, 0.05558001, -0.03549677
0.73317665, -0.65123445, 0.1957152
0.48746952, 0.17927605
0.01164776, 0.05558001, -0.02811625
0.53627127, -0.65105134, 0.53709525
0.45584166, 0.1991275
0.01162985, 0.05555942, -0.03175401
0.00451674, -0.99996948, 0.00332652
0.47141868, 0.19921088
0.01162985, 0.05555942, -0.03742135
0.00222785, -0.99996948, -0.00027467
0.49570504, 0.19921088
0.0128036, 0.05555942, -0.03458767
0.00427259, -0.99996948, 0.00045778
0.48356181, 0.19374275
-0.0116356, 0.08468219, -0.05139958
-0.2906583, 0.57881403, -0.76186407
0.10069188, 0.32744229
-0.01163558, 0.05558001, -0.05139958
-0.53617972, -0.6513871, -0.53679007
0.1006919, 0.19186401
-0.01589674, 0.0640952, -0.04401904
-0.98095644, 0.12900174, -0.14511551
0.20180936, 0.0959177
-0.00425505, 0.05558001, -0.02385509
-0.19705802, -0.65126497, 0.73277992
0.43758145, 0.27321392
-0.01163558, 0.05558001, -0.02811623
-0.53627127, -0.65117341, 0.53697318
0.45584187, 0.30759758
-0.0084254, 0.05555942, -0.03058027
-0.00109867, -0.99996948, 0.002472
0.46638906, 0.2926423
-0.00559172, 0.05555942, -0.03175401
0.0, -1.0, 0.0
0.47141886, 0.27944106
-0.00441798, 0.05555942, -0.03458767
0.0, -1.0, 0.0
0.48356199, 0.27397293
-0.00272581, 0.05555942, -0.03241453
0.0, -1.0, 0.0
0.47424936, 0.26608962
0.00294152, 0.05555942, -0.03241453
0.0, -1.0, 0.0
0.4742493, 0.23968726
0.00596251, 0.05555942, -0.03175401
0.0, -1.0, 0.0
0.47141874, 0.2256133
0.00411527, 0.05555942, -0.02958087
0.00073244, -0.99996948, 0.00122074
0.46210614, 0.23421913
-0.00490446, 0.08468219, -0.02691759
-0.50312817, 0.78649253, 0.3581042
0.91350621, 0.72985393
0.01164776, 0.05558001, -0.02811625
0.53627127, -0.65105134, 0.53709525
0.63905078, 0.4950611
0.0159089, 0.08468219, -0.03549677
0.80739766, 0.57557911, -0.12952055
0.67096341, 0.35952461
0.0159089, 0.0640952, -0.03549677
0.98095644, 0.12900174, 0.14511551
0.54185659, 0.07922202
-0.00865869, 0.06610925, -0.05043073
-0.16705832, 0.32932523, -0.92928863
0.80628681, 0.03508741
-0.01589674, 0.05558001, -0.03549675
-0.73299354, -0.65141761, 0.19577624
0.0319154, 0.19184202
-0.01163558, 0.05558001, -0.02811623
-0.53627127, -0.65117341, 0.53697318
1e-08, 0.19186401
-0.01589674, 0.08468219, -0.03549677
-0.80651265, 0.57692188, -0.12903225
0.03191546, 0.32742029
0.00426723, 0.0640952, -0.05566073
0.36478776, 0.12900174, -0.92208624
0.83005869, 0.0252654
-0.00865868, 0.06610925, -0.02908508
-0.16705832, 0.32932523, 0.92928863
0.86207855, 0.11539048
0.00426724, 0.05558001, -0.02385509
0.19708854, -0.65120393, 0.73284096
0.13260996, 0.19186801
0.00426724, 0.08468219, -0.02385509
0.51576281, 0.5734123, 0.63649404
0.13260998, 0.32744229
-0.01163558, 0.0640952, -0.05139958
-0.61613816, 0.12900174, -0.77697074
0.20138377, 0.23178196
0.00426723, 0.05558001, -0.05566073
0.19693594, -0.65135652, -0.73271888
0.27015761, 0.19187403
0.01164776, 0.08468219, -0.05139958
0.29322183, 0.57512128, -0.76369518
0.73974264, 0.35948318
0.0159089, 0.08468219, -0.04401905
0.807886, 0.57512128, 0.12854396
0.70781916, 0.35952467
-0.01356923, 0.08468219, -0.03759041
-0.56349373, 0.78844571, -0.24652852
0.91350621, 0.7392334
0.00491664, 0.08468219, -0.05259824
0.50505084, 0.7858516, -0.35685292
0.70645261, 0.10908002
0.0135814, 0.08468219, -0.04192542
0.57057405, 0.78212833, 0.25031281
0.02910957, 0.00937587
0.01164776, 0.0640952, -0.05139958
0.61613816, 0.12900174, -0.77697074
0.30339846, 0.2537173
-0.0086587, 0.08468219, -0.05043073
-0.06930754, 0.78850675, -0.61107212
0.22403032, 0.09591764
0.0159089, 0.0640952, -0.04401905
0.98095644, 0.12900174, -0.14511551
0.34257364, 0.2537173
-0.00490446, 0.08468219, -0.02691759
-0.50312817, 0.78649253, 0.3581042
0.66388899, 0.19355762
-0.00425505, 0.08468219, -0.02385509
-0.51576281, 0.57408369, 0.63588369
0.66108054, 0.17929196
-0.00272581, 0.08483119, -0.02674721
0.39259011, 0.82479322, -0.40684226
0.65446723, 0.19277418
0.00491664, 0.08468219, -0.02691759
0.50651568, 0.784051, 0.35865352
0.62141633, 0.19355774
0.00867085, 0.08468219, -0.02908509
0.04834132, 0.78106022, 0.62254709
0.60518074, 0.20365447
0.00411526, 0.08483119, -0.02958087
-0.57908869, 0.81496626, 0.02130192
0.6248821, 0.20597398
-0.00865868, 0.08468219, -0.02908508
-0.06399731, 0.78606522, 0.61479539
0.68012458, 0.20365423
-0.00389955, 0.08483119, -0.02958087
0.57948548, 0.81472212, 0.01983703
0.65954322, 0.20597398
-0.00559173, 0.08483119, -0.03175401
-0.42780846, 0.80669576, -0.4076052
0.66686124, 0.21609682
-0.0084254, 0.08483119, -0.03058027
0.004944, 0.84084594, -0.54121524
0.67911583, 0.21062928
0.00879619, 0.08483119, -0.03058027
-0.01818903, 0.8337962, -0.55171359
0.60463881, 0.21062946
0.00596251, 0.08483119, -0.03175401
0.42802209, 0.80715352, -0.40650654
0.61689341, 0.21609694
0.0159089, 0.0640952, -0.03549677
0.98095644, 0.12900174, 0.14511551
0.01006561, 0.0
-0.01589674, 0.05558001, -0.04401904
-0.73296303, -0.65141761, -0.19583727
0.52399057, 0.32744902
-0.01125906, 0.05555942, -0.04159852
-0.00207526, -0.99996948, 0.00024415
0.51360583, 0.30584347
-0.01163558, 0.05558001, -0.05139958
-0.53617972, -0.6513871, -0.53679007
0.55561846, 0.30759764
-0.01125906, 0.05555942, -0.04726584
-0.00341807, -0.99996948, -0.00262459
0.53789216, 0.30584347
-0.00490446, 0.08468219, -0.02691759
-0.50312817, 0.78649253, 0.3581042
0.10681847, 0.19179016
0.01164776, 0.0640952, -0.02811625
0.61613816, 0.12900174, 0.77697074
0.0, 0.09590149
-0.00425507, 0.0640952, -0.05566073
-0.36478776, 0.12900174, -0.92208624
0.9045676, 1.0
-0.01589674, 0.0640952, -0.03549675
-0.98095644, 0.12900174, 0.14511551
0.93681556, 0.82575919
0.00491664, 0.06610925, -0.05259824
0.72124392, 0.32932523, -0.60933256
0.33250806, 0.244403
0.00426724, 0.0640952, -0.02385509
0.36478776, 0.12900174, 0.92208624
0.93105549, 0.90409154
-0.01163558, 0.0640952, -0.02811623
-0.61613816, 0.12900174, 0.77697074
0.13592809, 0.09592742
0.00867086, 0.06610925, -0.02908509
0.16705832, 0.32932523, 0.92928863
0.70125043, 0.14927691
0.00426723, 0.08468219, -0.05566073
0.51484728, 0.57472456, -0.63606679
0.27015752, 0.32744229
-0.01589674, 0.0640952, -0.03549675
-0.98095644, 0.12900174, 0.14511551
0.53178972, 0.03952354
0.00294152, 0.05555942, -0.046771
0.0, -1.0, 0.0
0.53577143, 0.2396872
0.00596251, 0.05555942, -0.04159852
0.0, -1.0, 0.0
0.51360559, 0.2256133
-0.00441798, 0.05555942, -0.04443217
0.0, -1.0, 0.0
0.52574891, 0.27397293
0.00596251, 0.05555942, -0.03742133
0.0, -1.0, 0.0
0.49570504, 0.2256133
-0.00559172, 0.05555942, -0.03742135
0.0, -1.0, 0.0
0.49570522, 0.27944106
0.00426723, 0.05558001, -0.05566073
0.19693594, -0.65135652, -0.73271888
0.57387877, 0.23351115
0.00596251, 0.05555942, -0.04726584
0.0, -1.0, 0.0
0.53789192, 0.2256133
0.00411527, 0.05555942, -0.04960465
0.00073244, -0.99996948, -0.0011597
0.54791451, 0.23421907
-0.00559172, 0.05555942, -0.04726584
0.0, -1.0, 0.0
0.53789204, 0.27944106
0.00294152, 0.05555942, -0.05243833
0.00344859, -0.99996948, -0.00256355
0.5600577, 0.2396872
0.01164776, 0.08468219, -0.02811625
0.29428998, 0.57283241, 0.76497698
0.59230673, 0.19914144
0.0159089, 0.08468219, -0.03549677
0.80739766, 0.57557911, -0.12952055
0.57387882, 0.23352134
0.01162983, 0.08483119, -0.03175401
-0.3906064, 0.82808924, -0.40202034
0.59238434, 0.216097
0.0159089, 0.08468219, -0.04401905
0.807886, 0.57512128, 0.12854396
0.57387882, 0.27321988
0.0128036, 0.08483119, -0.04443217
-0.56620991, 0.82421339, 0.00677511
0.58730823, 0.27515441
0.01164776, 0.08468219, -0.05139958
0.29322183, 0.57512128, -0.76369518
0.59230673, 0.30759978
0.01162983, 0.08483119, -0.04726584
-0.39408553, 0.8253426, 0.40433973
0.59238434, 0.28835422
0.0128036, 0.08483119, -0.03458767
-0.56663716, 0.82393873, -0.00216681
0.58730823, 0.2292968
0.00879619, 0.08483119, -0.04042478
0.0, 0.80416274, -0.59434795
0.60463881, 0.25648713
0.00879619, 0.08483119, -0.03859509
0.0, 0.80416274, 0.59434795
0.60463881, 0.24796408
0.01162983, 0.08483119, -0.03742135
-0.38639486, 0.82036805, 0.42146063
0.59238434, 0.24249655
-0.01356923, 0.08468219, -0.03759041
-0.56349373, 0.78844571, -0.24652852
0.70136094, 0.24327374
-0.01589674, 0.08468219, -0.03549677
-0.80651265, 0.57692188, -0.12903225
0.7114265, 0.23352104
-0.0124328, 0.08483119, -0.03458767
0.56953645, 0.82192451, -0.00216681
0.69644636, 0.22929657
-0.01163558, 0.08468219, -0.02811623
-0.29087192, 0.57744074, 0.76284069
0.69299859, 0.19914114
-0.01125906, 0.08483119, -0.03175401
0.39942625, 0.82543415, -0.39881587
0.69137037, 0.21609682
-0.0116356, 0.08468219, -0.05139958
-0.2906583, 0.57881403, -0.76186407
0.69299865, 0.3075996
-0.01589674, 0.08468219, -0.04401905
-0.80690938, 0.57655567, 0.12823878
0.7114265, 0.27321959
-0.01125906, 0.08483119, -0.04726584
0.40095219, 0.82326734, 0.40177616
0.69137031, 0.28835398
-0.01125906, 0.08483119, -0.03742135
0.39164403, 0.81798762, 0.42127749
0.69137037, 0.24249637
-0.0084254, 0.08483119, -0.03859509
0.0, 0.80416274, 0.59434795
0.67911583, 0.24796391
-0.0084254, 0.08483119, -0.04042478
0.0, 0.80416274, -0.59434795
0.67911583, 0.25648701
-0.00272581, 0.08483119, -0.046771
0.42027038, 0.80416274, -0.42027038
0.65446717, 0.28604907
-0.00441798, 0.08483119, -0.04443217
-0.59434795, 0.80416274, 0.0
0.66178519, 0.27515429
0.00010785, 0.08483119, -0.04559726
0.0, 0.80416274, -0.59434795
0.64221263, 0.28058153
-0.00559173, 0.08483119, -0.04159852
-0.42027038, 0.80416274, -0.42027038
0.66686124, 0.26195455
0.00294151, 0.08483119, -0.046771
-0.42027038, 0.80416274, -0.42027038
0.62995809, 0.28604907
0.00478878, 0.08483119, -0.04443217
0.59434795, 0.80416274, 0.0
0.6219694, 0.27515435
-0.00559173, 0.08483119, -0.03742135
-0.42027038, 0.80416274, 0.42027038
0.66686124, 0.24249643
-0.00441798, 0.08483119, -0.03458767
-0.59434795, 0.80416274, 0.0
0.66178519, 0.22929662
-0.00272581, 0.08483119, -0.03241453
0.42027038, 0.80416274, 0.42027038
0.65446723, 0.21917373
0.00294151, 0.08483119, -0.03241453
-0.42027038, 0.80416274, 0.42027038
0.62995809, 0.21917373
0.00478878, 0.08483119, -0.03458767
0.59434795, 0.80416274, 0.0
0.6219694, 0.22929668
-0.00559172, 0.08199966, -0.04159852
-0.54896694, 0.63023776, -0.54896694
0.34226391, 0.15776086
0.00294152, 0.08199966, -0.05243833
-0.54896694, 0.63023776, 0.54896694
0.62007409, 0.02049541
0.00411527, 0.08199966, -0.02958087
-0.77636033, 0.63023776, 0.0
0.41554251, 0.02087289
0.0128036, 0.08199966, -0.03458767
-0.77636033, 0.63023776, 0.0
0.40329155, 0.02087283
-0.00559172, 0.08199966, -0.03742135
-0.54896694, 0.63023776, 0.54896694
0.89444101, 0.73477092
0.0128036, 0.08199966, -0.04443217
-0.77636033, 0.63023776, 0.0
0.51736027, 0.02632153
-0.00559172, 0.08199966, -0.04159852
-0.54896694, 0.63023776, -0.54896694
0.38548118, 0.00872308
-0.00272581, 0.08199966, -0.03241453
0.54896694, 0.63023776, 0.54896694
0.13592808, 0.01536769
0.00596251, 0.08199966, -0.03175401
0.54896694, 0.63023776, -0.54896694
0.04754233, 0.0234651
-0.01125906, 0.08199966, -0.03175401
0.54896694, 0.63023776, -0.54896694
0.33541816, 0.04178482
0.00596251, 0.08199966, -0.04726584
0.54896694, 0.63023776, 0.54896694
0.50159556, 0.01832539
0.01162985, 0.08199966, -0.04159852
-0.54896694, 0.63023776, -0.54896694
0.19177276, 0.04988724
-0.01125906, 0.08199966, -0.04159852
0.54896694, 0.63023776, -0.54896694
0.34226391, 0.13135844
0.00411527, 0.08199966, -0.04960467
-0.77636033, 0.63023776, 0.0
0.42779341, 0.02087289
0.01162985, 0.08199966, -0.03742135
-0.54896694, 0.63023776, 0.54896694
0.05984843, 0.04986751
-0.01125906, 0.08199966, -0.03742133
0.54896694, 0.63023776, 0.54896694
0.89444101, 0.70836851
-0.00559172, 0.08199966, -0.04726584
-0.54896694, 0.63023776, 0.54896694
0.54931068, 0.0447278
-0.00272581, 0.08199966, -0.05243833
0.54896694, 0.63023776, 0.54896694
0.10113826, 0.0417701
0.00478878, 0.08199966, -0.03458767
0.77636033, 0.63023776, 0.0
0.51384085, 0.03152496
-0.00272581, 0.08199966, -0.02674721
0.54896694, 0.63023776, -0.54896694
0.1006919, 0.0234651
0.00596251, 0.08199966, -0.04159852
0.54896694, 0.63023776, -0.54896694
0.19177276, 0.02348483
-0.01125906, 0.08199966, -0.04159852
0.54896694, 0.63023776, -0.54896694
0.32316226, 0.04178482
-0.00559172, 0.08199966, -0.03175401
-0.54896694, 0.63023776, -0.54896694
0.54185653, 0.01312107
0.00294152, 0.08199966, -0.03241453
-0.54896694, 0.63023776, 0.54896694
0.56159472, 0.0447278
0.00596251, 0.08199966, -0.03742133
0.54896694, 0.63023776, 0.54896694
0.05984843, 0.0234651
0.01162985, 0.08199966, -0.04726584
-0.54896694, 0.63023776, 0.54896694
0.07610168, 0.04986751
-0.00559172, 0.08199966, -0.04726584
-0.54896694, 0.63023776, 0.54896694
0.38548118, 0.03512543
-0.00272581, 0.08199966, -0.046771
0.54896694, 0.63023776, -0.54896694
0.05984843, 0.0234651
0.01162985, 0.08199966, -0.03175401
-0.54896694, 0.63023776, -0.54896694
0.04754229, 0.04986751
-0.01125906, 0.08199966, -0.03175401
0.54896694, 0.63023776, -0.54896694
0.17946662, 0.02348483
-0.01125906, 0.08199966, -0.04726584
0.54896694, 0.63023776, 0.54896694
0.32316226, 0.01538247
-0.00479019, 0.09818976, -0.05564058
-0.70049137, 0.71309549, -0.02755821
0.36599371, 0.98375551
-0.0047902, 0.09793266, -0.05991528
-0.57750177, 0.56212044, -0.59199804
0.3767451, 1.0
-0.00771798, 0.05496779, -0.0575083
-0.91369367, 0.35023043, 0.20606098
0.52872694, 0.88428029
-0.00479019, 0.09522087, -0.01644811
-0.57765436, 0.54441971, 0.60820335
0.28694335, 0.8216529
-0.00765222, 0.05611817, -0.01644811
-0.828547, 0.29303873, 0.47706532
0.43029082, 0.72498503
-0.00765221, 0.04471285, -0.04602379
-0.67006439, -0.68520159, -0.28537858
0.53996474, 0.81358103
-0.00765221, 0.04680838, -0.05491882
-0.7043367, -0.69920957, -0.12247078
0.55269426, 0.85388581
-0.00765222, 0.04778028, -0.00426671
-0.73580128, 0.60151982, 0.31095308
0.43290251, 0.65627244
-0.00765221, 0.04583643, -0.04932553
-0.72041994, -0.67656481, -0.15240943
0.54342246, 0.82939634
-0.00765222, 0.03279669, -0.03113611
-0.7700125, -0.29783013, -0.56422621
0.54948306, 0.72533661
0.00741758, 0.04680838, -0.05491882
0.70708334, -0.69664603, -0.12103641
0.26575884, 0.47356355
0.00741758, 0.05496779, -0.0575083
0.90987885, 0.34842983, 0.22510453
0.24179126, 0.44316888
0.00741758, 0.05611817, -0.01644811
0.83062226, 0.29267251, 0.47364727
0.14335549, 0.60246444
0.00741758, 0.04369214, -0.02230669
1.0, 0.0, 0.0
0.20234835, 0.61004588
0.00741758, 0.03279669, -0.03113611
0.7700125, -0.29783013, -0.56422621
0.26254764, 0.60211262
0.00741758, 0.04778039, -0.00426671
0.73580128, 0.60155034, 0.31095308
0.1459668, 0.6711767
0.00741758, 0.04583643, -0.04932553
0.72469252, -0.67250586, -0.15005951
0.25648701, 0.49805295
0.00475091, 0.09793266, -0.05991528
0.5791803, 0.5607776, -0.59166235
0.08980184, 0.32744229
0.00475091, 0.09818981, -0.05564058
0.70229197, 0.71132541, -0.0275277
0.07905021, 0.34368664
0.00475091, 0.09522092, -0.01644811
0.57963806, 0.54286325, 0.60768455
0.0, 0.50578931
0.0074176, -0.00167506, 0.04804623
0.56694233, -0.63039035, 0.53022856
0.30207565, 0.19187397
-0.00765221, 0.03250551, 0.04734482
-0.57530445, 0.60109258, 0.55467391
0.80628681, 0.32744902
0.0074176, -0.00167506, 0.04804623
0.56694233, -0.63039035, 0.53022856
0.63905078, 0.62593323
0.00741758, 0.03279669, -0.03113611
0.7700125, -0.29783013, -0.56422621
0.66664833, 0.17929196
0.00534535, 0.04778039, -0.00426671
0.26407665, 0.96362191, -0.04113895
0.7114265, 0.1395902
-0.00765222, 0.04643255, -0.00061982
-0.57716608, 0.3403424, 0.7423017
0.57387882, 0.3319729
-0.00541512, 0.04643255, -0.00061982
-0.88833278, 0.01959288, 0.45875424
0.72821844, 0.32767749
-0.00541512, 0.04778028, -0.00426671
-0.26407665, 0.9635914, -0.04113895
0.43758133, 0.14035833
-0.00541512, 0.04643255, -0.00061982
-0.88833278, 0.01959288, 0.45875424
0.42468333, 0.12873846
-0.00541513, 0.08135051, 0.00705119
-0.58879358, 0.51438946, 0.62346262
0.34272102, 0.26996028
-0.00541513, 0.08605575, -0.01649587
-0.663625, 0.73354292, 0.14654988
0.43180481, 0.32744902
-0.00541513, 0.08228969, -0.01657116
-0.74306464, -0.65672779, -0.12857448
0.4375813, 0.31104094
0.00741758, 0.02502914, -0.02935919
0.59108251, -0.6266976, -0.50779748
0.28694332, 0.62832999
0.00741758, 0.04643255, -0.00061982
0.57716608, 0.34031188, 0.7423017
0.14253914, 0.68890935
0.0074176, -0.00167506, 0.04804623
0.56694233, -0.63039035, 0.53022856
0.2072129, 1.0
0.00741759, 0.00690303, 0.00407507
0.66676837, -0.69106114, -0.27890867
0.27666718, 0.80516171
0.00741759, 0.03250551, 0.04734482
0.57530445, 0.60109258, 0.55467391
0.08352852, 0.91273917
-0.00765221, 0.02493965, -0.02378442
-0.77471238, -0.60490739, -0.1839961
0.56141466, 0.67688426
-0.00765222, 0.02502914, -0.02935919
-0.59108251, -0.6266976, -0.50779748
0.57387877, 0.69911921
-0.00765222, 0.04643255, -0.00061982
-0.57716608, 0.3403424, 0.7423017
0.42947444, 0.63854006
-0.00765222, 0.0403212, -0.00289936
-0.82357252, 0.06189154, 0.56379896
0.45710728, 0.63243484
-0.0076522, -0.00167506, 0.04804623
-0.56694233, -0.63039035, 0.53022856
0.49414822, 0.32744908
0.00534535, 0.04643255, -0.00061982
0.88833278, 0.01959288, 0.45875424
0.7933889, 0.32744902
0.00534535, 0.05147534, 0.00359479
0.85055083, 0.28028199, -0.44492936
0.76889676, 0.31191498
0.00534535, 0.04778039, -0.00426671
0.26407665, 0.96362191, -0.04113895
0.80628675, 0.31582868
0.00534534, 0.08228969, -0.01657116
0.74306464, -0.65672779, -0.12857448
0.80628675, 0.14514685
0.00534534, 0.08605575, -0.01649587
0.663625, 0.73354292, 0.14654988
0.80051023, 0.12873876
0.00534535, 0.05147534, 0.00359479
0.85055083, 0.28028199, -0.44492936
0.8748365, 0.32745159
-0.00541513, 0.08228969, -0.01657116
-0.74306464, -0.65672779, -0.12857448
0.43758133, 0.03407335
0.00534534, 0.08135051, 0.00705119
0.58879358, 0.51438946, 0.62346262
0.80449671, 0.12873882
0.00534535, 0.05012761, 0.00724172
0.60359508, -0.42527542, 0.67433697
0.92719382, 0.70836851
0.00534535, 0.04643255, -0.00061982
0.88833278, 0.01959288, 0.45875424
0.57387882, 0.07936043
-0.00765222, 0.04778028, -0.00426671
-0.73580128, 0.60151982, 0.31095308
0.39104623, 0.12873304
0.00820935, 0.05490475, -0.04745404
0.54896694, 0.63023776, -0.54896694
0.66664833, 0.10863441
1.3e-07, 0.05490475, -0.05085441
0.0, 0.63023776, -0.77636033
0.63947678, 0.079364
-0.00820909, 0.05490475, -0.04745404
-0.54896694, 0.63023776, -0.54896694
0.60105044, 0.0793609
-0.01160947, 0.05490475, -0.03924481
-0.77636033, 0.63023776, 0.0
0.57387882, 0.1086269
0.00820935, 0.05490475, -0.03103559
0.54896694, 0.63023776, 0.54896694
0.63947672, 0.17929196
0.00820935, 0.05252249, -0.04745404
0.54896694, -0.63023776, -0.54896694
0.48182923, 0.15024728
0.01160973, 0.05252249, -0.03924481
0.77636033, -0.63023776, 0.0
0.5087899, 0.17929196
0.00820935, 0.05252249, -0.03103559
0.54896694, -0.63023776, 0.54896694
0.54691809, 0.17902684
-0.00820909, 0.05252249, -0.03103559
-0.54896694, -0.63023776, 0.54896694
0.57387882, 0.10826677
-0.01160947, 0.05252249, -0.03924481
-0.77636033, -0.63023776, 0.0
0.54691815, 0.07922202
-0.00820909, 0.05252249, -0.03103559
-0.54896694, -0.63023776, 0.54896694
0.90693957, 0.08445489
0.00820935, 0.05252249, -0.04745404
0.54896694, -0.63023776, -0.54896694
0.91486925, 0.90409137
-0.00820909, 0.05252249, -0.04745404
-0.54896694, -0.63023776, -0.54896694
0.92535037, 0.90409137
0.00820935, 0.05252249, -0.03103559
0.54896694, -0.63023776, 0.54896694
0.90708369, 0.00796628
-0.00441798, 0.08199966, -0.03458767
-0.77636033, 0.63023776, 0.0
0.3127768, 0.07628185
-0.00559172, 0.08199966, -0.03742135
-0.54896694, 0.63023776, 0.54896694
0.32603985, 0.07628077
-0.01125906, 0.08199966, -0.03742133
0.54896694, 0.63023776, 0.54896694
0.33541816, 0.05188769
-0.01125906, 0.08199966, -0.03175401
0.54896694, 0.63023776, -0.54896694
0.31277683, 0.0417859
-0.00559172, 0.08199966, -0.03175401
-0.54896694, 0.63023776, -0.54896694
0.30339846, 0.06617898
-0.0084254, 0.08199966, -0.04042478
0.0, 0.63023776, -0.77636033
0.50447243, 0.04472893
-0.00559172, 0.08199966, -0.04726584
-0.54896694, 0.63023776, 0.54896694
0.48182923, 0.06911737
-0.00559172, 0.08199966, -0.04159852
-0.54896694, 0.63023776, -0.54896694
0.49120834, 0.04472774
-0.00441798, 0.08199966, -0.04443217
-0.77636033, 0.63023776, 0.0
0.48182923, 0.05482978
-0.0124328, 0.08199966, -0.04443217
0.77636033, 0.63023776, 0.0
0.51385146, 0.06911999
0.00411527, 0.08199966, -0.04960467
-0.77636033, 0.63023776, 0.0
0.33784267, 0.03413522
0.00294152, 0.08199966, -0.05243833
-0.54896694, 0.63023776, 0.54896694
0.33784273, 0.04842275
-0.00272581, 0.08199966, -0.05243833
0.54896694, 0.63023776, 0.54896694
0.36048585, 0.05852741
-0.00272581, 0.08199966, -0.046771
0.54896694, 0.63023776, -0.54896694
0.36986491, 0.03413785
0.00294152, 0.08199966, -0.046771
-0.54896694, 0.63023776, -0.54896694
0.34722179, 0.02403319
0.0128036, 0.08199966, -0.04443217
-0.77636033, 0.63023776, 0.0
0.88471991, 0.03047019
0.01162985, 0.08199966, -0.04726584
-0.54896694, 0.63023776, 0.54896694
0.87145686, 0.03047127
0.00879619, 0.08199966, -0.04843958
0.0, 0.63023776, 0.77636033
0.86207855, 0.04057562
0.00478878, 0.08199966, -0.04443217
0.77636033, 0.63023776, 0.0
0.87145692, 0.06496716
0.00596251, 0.08199966, -0.04159852
0.54896694, 0.63023776, -0.54896694
0.88471991, 0.06496608
0.01162985, 0.08199966, -0.03175401
-0.54896694, 0.63023776, -0.54896694
0.55123568, 0.0447278
0.0128036, 0.08199966, -0.03458767
-0.77636033, 0.63023776, 0.0
0.54185659, 0.0548299
0.01162985, 0.08199966, -0.03742135
-0.54896694, 0.63023776, 0.54896694
0.54185659, 0.06911743
0.00596251, 0.08199966, -0.03742133
0.54896694, 0.63023776, 0.54896694
0.5644998, 0.07922202
0.00596251, 0.08199966, -0.03175401
0.54896694, 0.63023776, -0.54896694
0.57387882, 0.05483246
0.00411527, 0.08199966, -0.02958087
-0.77636033, 0.63023776, 0.0
0.85270023, 0.03047031
0.00294152, 0.08199966, -0.03241453
-0.54896694, 0.63023776, 0.54896694
0.83943719, 0.03047132
0.00010785, 0.08199966, -0.03358827
0.0, 0.63023776, 0.77636033
0.83005881, 0.04057562
-0.00389955, 0.08199966, -0.02958087
0.77636033, 0.63023776, 0.0
0.83943701, 0.06496716
0.00010785, 0.08199966, -0.02557345
0.0, 0.63023776, -0.77636033
0.86207849, 0.0548619
# Number of Faces:
692
# Face Data:
0, 1, 2
3, 4, 5
6, 7, 8
9, 10, 11
12, 13, 14
15, 16, 17
18, 19, 20
21, 22, 23
24, 25, 26
27, 28, 29
30, 31, 32
33, 34, 31
28, 35, 36
37, 23, 38
39, 26, 40
8, 41, 42
43, 44, 45
46, 47, 48
49, 50, 51
52, 53, 54
55, 56, 52
57, 58, 49
59, 60, 61
62, 63, 64
65, 66, 59
67, 68, 62
69, 70, 71
72, 73, 74
75, 76, 77
78, 79, 80
81, 82, 83
84, 85, 86
87, 88, 89
90, 91, 92
93, 94, 95
96, 97, 98
99, 100, 101
102, 103, 104
42, 105, 106
107, 108, 109
110, 111, 112
113, 114, 115
116, 117, 118
119, 120, 121
122, 123, 124
125, 126, 127
128, 129, 130
131, 132, 133
134, 135, 136
137, 96, 138
139, 140, 141
142, 141, 140
4, 143, 97
144, 145, 146
128, 147, 4
148, 149, 150
151, 152, 153
154, 155, 156
157, 158, 159
160, 161, 162
163, 164, 165
166, 167, 168
169, 170, 171
172, 173, 174
175, 176, 177
178, 179, 180
181, 182, 183
184, 185, 186
187, 188, 189
190, 191, 192
193, 194, 195
196, 182, 197
198, 199, 200
201, 202, 203
204, 205, 206
207, 208, 209
210, 211, 212
213, 214, 215
201, 216, 217
218, 219, 220
221, 222, 223
224, 225, 226
227, 228, 229
230, 231, 232
233, 234, 235
236, 237, 238
239, 240, 241
242, 243, 244
245, 246, 247
248, 249, 250
239, 251, 252
253, 254, 255
256, 230, 257
258, 259, 260
228, 261, 229
262, 263, 264
265, 250, 249
266, 267, 268
269, 190, 171
270, 208, 205
271, 272, 273
274, 275, 276
277, 278, 279
280, 281, 282
283, 284, 285
286, 287, 288
289, 290, 291
292, 293, 277
294, 295, 296
297, 247, 298
299, 300, 275
301, 302, 303
304, 305, 306
307, 308, 309
310, 311, 312
313, 314, 315
316, 317, 318
319, 320, 321
322, 323, 324
325, 326, 327
328, 329, 330
331, 332, 333
334, 335, 336
337, 338, 339
340, 341, 342
343, 344, 345
346, 347, 348
349, 350, 351
305, 352, 306
311, 353, 354
355, 356, 357
358, 359, 360
361, 362, 363
364, 309, 365
323, 366, 367
368, 319, 321
369, 370, 371
372, 373, 332
374, 375, 376
377, 378, 379
380, 381, 338
345, 382, 383
384, 385, 386
350, 387, 351
388, 389, 390
356, 391, 392
393, 313, 394
395, 396, 362
397, 398, 317
399, 358, 360
400, 401, 329
402, 325, 327
403, 371, 404
375, 405, 406
407, 408, 378
409, 336, 410
411, 340, 342
412, 413, 385
414, 348, 415
389, 416, 390
417, 418, 419
420, 421, 422
423, 424, 425
426, 427, 428
429, 430, 431
12, 432, 433
434, 435, 436
432, 437, 433
438, 439, 440
441, 442, 443
444, 445, 446
446, 447, 448
449, 450, 451
452, 453, 454
455, 456, 457
458, 459, 460
461, 462, 463
464, 465, 466
467, 468, 469
470, 471, 472
473, 474, 475
476, 477, 478
479, 480, 481
482, 483, 484
485, 486, 487
488, 489, 490
491, 492, 493
494, 495, 496
497, 498, 499
500, 501, 494
502, 503, 497
493, 504, 505
490, 506, 507
508, 509, 510
511, 512, 513
514, 515, 516
517, 518, 519
520, 521, 522
523, 524, 525
0, 526, 1
3, 527, 4
6, 528, 7
9, 98, 10
12, 529, 13
17, 530, 15
16, 531, 17
532, 533, 20
20, 534, 18
18, 535, 19
19, 536, 532
532, 20, 19
21, 537, 22
24, 538, 25
27, 539, 28
30, 33, 31
33, 540, 34
28, 539, 35
37, 21, 23
39, 24, 26
541, 542, 6
6, 8, 42
42, 541, 6
543, 544, 45
45, 545, 43
43, 546, 44
44, 547, 543
543, 45, 44
48, 548, 549
549, 550, 46
46, 551, 47
47, 552, 48
48, 549, 46
49, 58, 50
52, 56, 53
55, 553, 56
57, 554, 58
59, 66, 60
62, 68, 63
65, 555, 66
67, 556, 68
557, 558, 71
69, 559, 70
70, 560, 561
71, 558, 69
70, 561, 71
72, 562, 73
563, 564, 565
565, 75, 77
77, 563, 565
78, 566, 79
81, 567, 82
84, 568, 85
87, 569, 88
90, 570, 91
95, 571, 93
572, 93, 571
98, 9, 96
9, 138, 96
97, 573, 98
101, 574, 99
575, 576, 99
99, 577, 578
578, 100, 99
574, 575, 99
579, 104, 103
102, 580, 103
106, 542, 541
42, 41, 105
106, 541, 42
107, 581, 108
110, 582, 111
113, 583, 114
116, 584, 585
118, 586, 587
586, 588, 587
116, 585, 117
118, 587, 116
119, 589, 120
122, 590, 123
125, 591, 126
129, 592, 593
592, 594, 593
595, 596, 130
129, 593, 130
130, 596, 128
131, 597, 132
134, 598, 135
135, 599, 136
137, 600, 527
527, 96, 137
139, 601, 140
142, 602, 141
573, 97, 143
4, 147, 143
144, 603, 145
527, 600, 129
129, 128, 4
4, 527, 129
148, 604, 149
151, 605, 152
154, 606, 155
157, 607, 158
160, 608, 161
609, 610, 611
612, 613, 611
612, 611, 610
165, 614, 615
609, 611, 616
609, 616, 614
617, 618, 619
620, 619, 618
163, 620, 164
620, 618, 164
614, 616, 615
615, 163, 165
621, 622, 166
166, 623, 167
624, 625, 623
626, 303, 289
623, 625, 627
626, 289, 167
623, 627, 626
168, 621, 166
626, 167, 623
269, 171, 170
169, 628, 170
170, 629, 269
172, 630, 173
625, 624, 301
175, 631, 176
632, 297, 633
634, 635, 636
632, 633, 631
301, 624, 175
637, 302, 638
638, 301, 639
633, 634, 300
634, 636, 300
639, 637, 638
177, 639, 175
633, 300, 631
300, 299, 631
639, 301, 175
631, 299, 176
178, 640, 179
181, 641, 197
182, 642, 183
181, 197, 182
184, 643, 185
187, 644, 188
190, 645, 646
646, 191, 190
192, 647, 190
193, 648, 194
196, 213, 182
198, 649, 199
203, 210, 650
201, 651, 202
203, 650, 201
204, 652, 205
207, 653, 208
210, 203, 211
215, 654, 655
213, 196, 214
215, 655, 213
201, 650, 216
218, 656, 219
221, 657, 222
224, 658, 225
227, 659, 228
230, 660, 231
233, 661, 234
662, 663, 664
665, 666, 667
668, 662, 669
670, 671, 668
664, 669, 662
669, 670, 668
666, 672, 673
673, 667, 666
238, 664, 663
665, 667, 237
238, 663, 236
665, 237, 236
239, 252, 240
242, 674, 243
297, 632, 245
245, 675, 676
677, 678, 675
676, 294, 298
675, 678, 295
676, 298, 246
675, 295, 676
247, 297, 245
676, 246, 245
248, 679, 249
239, 680, 251
253, 681, 254
256, 660, 230
258, 682, 259
228, 683, 261
262, 684, 263
265, 685, 250
266, 686, 267
269, 645, 190
206, 205, 208
270, 687, 208
208, 653, 206
271, 688, 272
274, 689, 290
690, 289, 303
274, 290, 690
691, 292, 274
298, 294, 276
276, 691, 274
274, 690, 275
692, 302, 275
690, 303, 692
298, 276, 693
636, 635, 275
693, 276, 275
690, 692, 275
275, 635, 693
302, 637, 275
279, 694, 277
622, 621, 291
695, 290, 689
622, 291, 694
678, 677, 296
296, 677, 279
291, 695, 696
695, 689, 696
697, 296, 293
292, 691, 697
293, 292, 697
291, 696, 694
696, 698, 694
293, 296, 279
278, 293, 279
694, 698, 277
699, 700, 701
280, 702, 703
672, 666, 699
701, 672, 699
704, 618, 617
704, 617, 705
706, 701, 700
707, 708, 281
706, 700, 282
281, 708, 709
709, 706, 282
704, 705, 702
703, 281, 280
709, 282, 281
702, 705, 703
710, 711, 712
713, 668, 714
668, 671, 714
283, 710, 284
715, 716, 717
612, 610, 717
717, 610, 715
713, 714, 711
718, 719, 284
711, 714, 712
719, 720, 284
710, 712, 718
717, 716, 285
718, 284, 710
285, 716, 283
721, 611, 613
721, 613, 722
723, 721, 722
724, 720, 719
723, 722, 724
619, 620, 725
725, 723, 726
724, 719, 727
728, 670, 729
724, 727, 286
619, 725, 726
726, 723, 288
670, 669, 729
723, 286, 288
708, 707, 288
723, 724, 286
728, 729, 286
730, 667, 673
727, 728, 286
286, 730, 731
730, 673, 731
287, 708, 288
286, 731, 287
291, 621, 168
168, 167, 291
289, 690, 290
290, 695, 291
291, 167, 289
277, 698, 696
696, 689, 277
274, 292, 277
293, 278, 277
277, 689, 274
296, 697, 691
691, 276, 296
294, 676, 295
295, 678, 296
296, 276, 294
298, 693, 635
635, 634, 298
633, 297, 298
247, 246, 298
298, 634, 633
275, 637, 639
639, 177, 275
176, 299, 275
300, 636, 275
275, 177, 176
303, 626, 627
627, 625, 303
301, 638, 302
302, 692, 303
303, 625, 301
304, 732, 305
307, 733, 308
310, 734, 311
313, 735, 314
316, 397, 317
319, 736, 320
322, 737, 323
325, 738, 326
328, 400, 329
331, 372, 332
334, 739, 335
337, 380, 338
340, 740, 341
343, 741, 344
346, 742, 347
349, 743, 350
305, 744, 352
311, 734, 353
355, 745, 356
358, 746, 359
361, 395, 362
364, 307, 309
323, 737, 366
368, 747, 319
369, 748, 370
372, 749, 373
374, 750, 375
377, 407, 378
380, 751, 381
345, 344, 382
384, 412, 385
350, 752, 387
388, 753, 389
356, 745, 391
393, 735, 313
395, 754, 396
397, 755, 398
399, 756, 358
400, 757, 401
402, 758, 325
403, 369, 371
375, 750, 405
407, 759, 408
409, 334, 336
411, 760, 340
412, 761, 413
414, 346, 348
389, 762, 416
419, 763, 417
764, 581, 417
581, 765, 417
766, 419, 418
422, 767, 418
764, 417, 763
418, 767, 766
422, 765, 768
581, 107, 769
581, 769, 765
770, 767, 421
765, 769, 771
765, 771, 768
421, 767, 422
420, 772, 421
422, 768, 420
773, 119, 121
121, 774, 773
423, 775, 776
776, 777, 424
775, 778, 776
773, 774, 779
779, 774, 425
423, 776, 424
425, 774, 423
780, 781, 427
782, 775, 426
775, 423, 426
781, 428, 427
774, 121, 427
782, 426, 428
427, 121, 780
429, 783, 430
12, 14, 432
434, 784, 435
432, 785, 437
438, 786, 439
441, 787, 442
444, 788, 445
446, 445, 447
449, 789, 450
454, 790, 791
792, 793, 453
793, 794, 453
454, 791, 452
792, 453, 452
795, 777, 457
776, 778, 455
778, 796, 455
457, 777, 776
797, 798, 799
456, 799, 798
776, 455, 457
798, 457, 456
421, 772, 800
800, 460, 459
772, 801, 800
802, 770, 803
803, 770, 421
421, 800, 803
804, 458, 460
459, 803, 800
463, 805, 806
805, 807, 806
808, 809, 461
463, 806, 461
461, 809, 462
464, 810, 465
467, 811, 468
470, 812, 471
473, 813, 474
476, 814, 477
479, 815, 480
484, 816, 817
817, 818, 484
819, 482, 484
483, 820, 484
484, 818, 819
487, 821, 485
822, 823, 485
485, 824, 825
825, 486, 485
821, 822, 485
488, 826, 489
491, 827, 492
494, 501, 495
497, 503, 498
500, 828, 501
502, 829, 503
493, 492, 504
490, 489, 506
830, 831, 510
510, 832, 508
508, 833, 509
509, 834, 830
830, 510, 509
513, 835, 836
837, 838, 836
836, 511, 513
512, 839, 513
835, 837, 836
840, 841, 516
516, 842, 514
514, 843, 515
515, 844, 840
840, 516, 515
519, 845, 846
846, 847, 519
517, 848, 849
849, 518, 517
519, 847, 517
522, 850, 520
851, 852, 520
520, 853, 521
521, 854, 522
850, 851, 520
525, 855, 856
856, 857, 525
523, 858, 524
524, 859, 525
525, 857, 523
