# Project Zomboid Skinned Mesh
# File Version:
1.0
# Model Name:
Cylinder.001
# Vertex Stride Element Count:
3
# Vertex Stride Size (in bytes):
76
# Vertex Stride Data:
# (Int)    Offset
# (String) Type
0
VertexArray
12
NormalArray
24
TextureCoordArray
# Vertex Count:
755
# Vertex Buffer:
-0.00316328, 0.09538062, -0.00317622
0.57731867, 0.52833641, 0.62248605
0.75934851, 0.20001191
-0.00316328, 0.09489655, 0.00274083
0.73284096, 0.66780603, 0.13013092
0.75313365, 0.19368839
0.00152183, 0.09489655, 0.00274083
-0.73284096, 0.66780603, 0.13013092
0.75078011, 0.20304614
-0.00316328, 0.10129765, -0.00269212
0.57734919, -0.62248605, 0.52833641
0.77614558, 0.20156831
-0.00316328, 0.10081353, 0.00322492
0.62694174, -0.68568987, -0.36979279
0.76645917, 0.18327433
0.00152183, 0.10129762, -0.00269213
-0.57734919, -0.62248605, 0.52833641
0.76141238, 0.20667827
0.00152183, 0.10081353, 0.00322492
-0.62694174, -0.68568987, -0.36979279
0.7554121, 0.21179134
-0.00316328, 0.10081353, 0.00322492
0.62694174, -0.68568987, -0.36979279
0.76371449, 0.22499651
0.00152183, 0.09538065, -0.00317622
-0.57734919, 0.52833641, 0.62248605
0.75845122, 0.20324159
0.00152183, 0.09576919, 0.00716618
-0.80782497, -0.51698357, -0.28302866
0.74117953, 0.20884407
-0.00316328, 0.09576919, 0.00716618
0.80782497, -0.51698357, -0.28302866
0.73751342, 0.22499651
0.00152183, 0.09531459, 0.01197351
-0.76061279, -0.64372694, 0.08383434
0.72857654, 0.20627791
-0.00316328, 0.09531459, 0.01197351
0.76061279, -0.64372694, 0.08383434
0.72077632, 0.2187981
-0.00316328, 0.09356801, 0.00698609
0.68434703, 0.71477401, 0.14398633
0.74200588, 0.19063675
0.00152183, 0.09356801, 0.00698608
-0.68434703, 0.71477401, 0.14398633
0.74091017, 0.20304245
-0.00316328, 0.09576919, 0.00716618
0.80782497, -0.51698357, -0.28302866
0.74377388, 0.18371457
0.00152183, 0.09311337, 0.01179342
-0.65428632, 0.74636066, -0.12173834
0.73039424, 0.20172089
0.00152183, 0.09590942, 0.01809318
-0.60823387, 0.45945615, -0.64720601
0.72062451, 0.20071918
-0.00316328, 0.09531459, 0.01197351
0.76061279, -0.64372694, 0.08383434
0.72599578, 0.18404877
-0.00316328, 0.09311337, 0.01179342
0.65428632, 0.74636066, -0.12173834
0.72919333, 0.19086486
-0.00316328, 0.09590942, 0.01809318
0.60823387, 0.45945615, -0.64720601
0.71479672, 0.19699794
-0.00316328, 0.09762331, 0.0182334
0.55784786, -0.66090882, -0.50193793
0.7047084, 0.1998207
0.00152183, 0.09762331, 0.0182334
-0.55784786, -0.66090882, -0.50193793
0.71952933, 0.20212877
0.00105785, 0.09129202, 0.02105025
-0.68419445, 0.00061037, -0.72927028
1.0, 1.0
0.00314379, 0.07929185, 0.02006849
-0.59724724, 0.73818171, -0.31354716
1.0, 0.0
-0.00461648, 0.07929185, 0.02006849
0.59724724, 0.73818171, -0.31354716
0.0, 0.0
-0.00253054, 0.09137575, 0.02002672
0.77245396, -0.38108462, 0.50798059
0.0, 1.0
-0.00253054, 0.11195163, 0.02171012
0.78234202, 0.3409833, 0.52119511
1.0, 1.0
-0.00253054, 0.11186787, 0.02273367
0.66579181, 0.09067049, -0.74056214
1.0, 0.0
-0.00253054, 0.11186787, 0.02273367
0.66579181, 0.09067049, -0.74056214
1.0, 1.0
-0.00387354, 0.11770907, 0.02257575
0.65349287, -0.49021882, -0.57670826
1.0, 0.0
0.00240085, 0.11770907, 0.02257575
-0.65349287, -0.49021882, -0.57670826
0.0, 0.0
0.00105785, 0.09137575, 0.02002672
-0.77245396, -0.38108462, 0.50798059
1.0, 1.0
0.00105785, 0.09129202, 0.02105025
-0.68419445, 0.00061037, -0.72927028
1.0, 0.0
0.00105785, 0.11186787, 0.02273367
-0.66579181, 0.09067049, -0.74056214
0.0, 0.0
-0.00253054, 0.09129202, 0.02105025
0.68419445, 0.00061037, -0.72927028
1.0, 1.0
-0.00253054, 0.09137575, 0.02002672
0.77245396, -0.38108462, 0.50798059
1.0, 0.0
0.00105785, 0.09137575, 0.02002672
-0.77245396, -0.38108462, 0.50798059
0.0, 0.0
0.00240085, 0.1184301, 0.01376267
-0.57484663, -0.29862362, 0.76180303
1.0, 1.0
0.00240085, 0.11770907, 0.02257575
-0.65349287, -0.49021882, -0.57670826
1.0, 0.0
-0.00387354, 0.11770907, 0.02257575
0.65349287, -0.49021882, -0.57670826
0.0, 0.0
0.00105785, 0.11195163, 0.02171012
-0.78234202, 0.3409833, 0.52119511
0.0, 1.0
0.00105785, 0.11186787, 0.02273367
-0.66579181, 0.09067049, -0.74056214
1.0, 1.0
0.00105785, 0.11195163, 0.02171012
-0.78234202, 0.3409833, 0.52119511
1.0, 1.0
0.00240085, 0.1184301, 0.01376267
-0.57484663, -0.29862362, 0.76180303
1.0, 0.0
-0.00387354, 0.1184301, 0.01376267
0.57484663, -0.29862362, 0.76180303
0.0, 0.0
-0.00387354, 0.1184301, 0.01376267
0.57484663, -0.29862362, 0.76180303
1.0, 0.0
-0.00461648, 0.08559383, 0.01298362
0.63332009, -0.04846339, 0.77236241
1.0, 1.0
-0.00461648, 0.07929185, 0.02006849
0.59724724, 0.73818171, -0.31354716
1.0, 0.0
0.00314379, 0.07929185, 0.02006849
-0.59724724, 0.73818171, -0.31354716
0.0, 0.0
-0.00253054, 0.09137575, 0.02002672
0.77245396, -0.38108462, 0.50798059
1.0, 1.0
-0.00461648, 0.08559383, 0.01298362
0.63332009, -0.04846339, 0.77236241
1.0, 0.0
0.00314379, 0.08559383, 0.01298362
-0.63332009, -0.04846339, 0.77236241
0.0, 0.0
0.00314379, 0.08559383, 0.01298362
-0.63332009, -0.04846339, 0.77236241
1.0, 0.0
-0.00672866, 0.12150131, -0.00468499
0.70708334, 0.70473343, 0.05764946
0.2498285, 0.99974429
-0.00672866, 0.11841082, 0.03309022
0.69118321, 0.72261727, 0.00674459
0.24982846, 0.91023932
0.00475523, 0.11841082, 0.03309022
-0.69118321, 0.72261727, 0.00674459
0.22270904, 0.91023937
-0.00672866, 0.15927656, -0.00159445
0.70708334, -0.70473343, -0.05764946
0.44738251, 0.6588808
-0.00672866, 0.156186, 0.03618077
0.71471298, -0.69859922, -0.03366192
0.36141062, 0.6837796
-0.00672866, 0.11841082, 0.03309022
0.69118321, 0.72261727, 0.00674459
0.38630944, 0.76975144
0.00475523, 0.15927656, -0.00159445
-0.70708334, -0.70473343, -0.05764946
0.22270858, 0.48622203
0.00475523, 0.156186, 0.03618077
-0.71471298, -0.69859922, -0.03366192
0.22270861, 0.57572696
-0.00672866, 0.156186, 0.03618077
0.71471298, -0.69859922, -0.03366192
0.24982803, 0.57572696
0.00475523, 0.15927656, -0.00159445
-0.70708334, -0.70473343, -0.05764946
0.02515428, 0.65888146
0.00475523, 0.12150131, -0.00468499
-0.70708334, 0.70473343, 0.05764946
0.00025571, 0.74485341
0.00475523, 0.11841082, 0.03309022
-0.69118321, 0.72261727, 0.00674459
0.08622771, 0.76975197
0.00475523, 0.15607056, 0.0440384
-0.72127444, -0.6918546, 0.03262429
0.22270863, 0.59428489
-0.00672866, 0.15607056, 0.0440384
0.72127444, -0.6918546, 0.03262429
0.24982803, 0.59428489
0.00475523, 0.15745375, 0.05667732
-0.70955533, -0.69954526, 0.08432264
0.22270866, 0.62431023
-0.00672866, 0.15745375, 0.05667732
0.70955533, -0.69954526, 0.08432264
0.24982803, 0.62431023
-0.00672866, 0.11944311, 0.04948017
0.70226145, 0.7093417, -0.06009094
0.24982844, 0.87145743
0.00475523, 0.1194432, 0.04948018
-0.70226145, 0.7093417, -0.06009094
0.12464428, 0.77506243
0.00475523, 0.15607056, 0.0440384
-0.72127444, -0.6918546, 0.03262429
0.12925702, 0.68773857
-0.00672866, 0.15607056, 0.0440384
0.72127444, -0.6918546, 0.03262429
0.34327987, 0.68773821
0.00475523, 0.12095975, 0.06371225
-0.69136631, 0.71111178, -0.12765892
0.15829426, 0.77823851
0.00475524, 0.12475093, 0.07861387
-0.69884336, 0.68614763, -0.20191047
0.19456232, 0.77646504
0.00475523, 0.15908025, 0.06902856
-0.72963655, -0.66606647, 0.15472884
0.1885061, 0.69251302
-0.00672866, 0.11944311, 0.04948017
0.70226145, 0.7093417, -0.06009094
0.34789291, 0.77506199
-0.00672866, 0.15745375, 0.05667732
0.70955533, -0.69954526, 0.08432264
0.3133795, 0.69047463
0.00475523, 0.1194432, 0.04948018
-0.70226145, 0.7093417, -0.06009094
0.22270902, 0.87145743
-0.00672866, 0.12095976, 0.0637122
0.69136631, 0.71111178, -0.12765892
0.24982837, 0.83765787
0.00475523, 0.15745375, 0.05667732
-0.70955533, -0.69954526, 0.08432264
0.15915737, 0.6904749
-0.00672866, 0.15908025, 0.06902856
0.72963655, -0.66606647, 0.15472884
0.2840308, 0.69251284
-0.00672866, 0.16375014, 0.08285942
0.57103181, -0.71138644, -0.40961942
0.24982813, 0.6882028
-0.00672866, 0.1285658, 0.09000142
0.58409375, 0.40586567, -0.70290232
0.24982826, 0.77298561
0.00475523, 0.15908025, 0.06902856
-0.72963655, -0.66606647, 0.15472884
0.22270869, 0.65372968
-0.00672866, 0.15908025, 0.06902856
0.72963655, -0.66606647, 0.15472884
0.24982809, 0.65372965
-0.00672866, 0.12095976, 0.0637122
0.69136631, 0.71111178, -0.12765892
0.31424293, 0.77823822
0.00475523, 0.12095975, 0.06371225
-0.69136631, 0.71111178, -0.12765892
0.22270897, 0.83765787
-0.00672866, 0.12475093, 0.07861387
0.69884336, 0.68614763, -0.20191047
0.24982834, 0.80134644
0.00475523, 0.12856586, 0.09000143
-0.58409375, 0.40586567, -0.70290232
0.2227089, 0.77298565
0.00475524, 0.12475093, 0.07861387
-0.69884336, 0.68614763, -0.20191047
0.22270894, 0.80134648
0.00475523, 0.16375014, 0.08285934
-0.57103181, -0.71138644, -0.40961942
0.22270873, 0.68820289
0.01057418, 0.17063878, -0.00998079
-0.58030945, 0.61674857, -0.53181553
0.8953858, 0.1488623
0.00932063, 0.18205974, -0.01030409
-0.58592486, 0.60567033, -0.53834653
0.89028794, 0.15008485
0.01359275, 0.18290074, -0.0205835
-0.82863855, 0.55787838, 0.04562517
0.89273769, 0.15258139
-0.00099312, 0.17024811, -0.00520541
0.0, 0.63634145, -0.77138585
0.89950937, 0.14562643
-0.00099312, 0.18171138, -0.00604621
0.0, 0.62544632, -0.78023618
0.88837129, 0.14476991
-0.01256043, 0.17063878, -0.00998078
0.58030945, 0.61674857, -0.53181553
0.90236175, 0.15020502
-0.0113069, 0.18205974, -0.01030409
0.58592486, 0.60567033, -0.53834653
0.90718561, 0.1523757
-0.01735176, 0.17158201, -0.02150955
0.82070374, 0.56941438, 0.04657125
0.90208906, 0.1525985
-0.01557899, 0.18290074, -0.02058352
0.82863855, 0.55787838, 0.04562517
0.90409094, 0.15492702
-0.01256041, 0.17252524, -0.03303832
0.58030945, 0.52208012, 0.62498856
0.9006781, 0.15319097
-0.0113069, 0.18374175, -0.03086291
0.58592486, 0.51008636, 0.62962735
0.90113443, 0.15571702
-0.00099313, 0.17291591, -0.03781369
0.0, 0.50248724, 0.86455888
0.89894181, 0.15196145
-0.00099312, 0.18409009, -0.03512081
0.0, 0.49031037, 0.87151706
0.89828348, 0.15513116
-0.01594293, 0.18693753, -0.035253
0.61787772, 0.43418685, 0.65547657
0.90146327, 0.15776026
-0.02213535, 0.18571848, -0.02035299
0.87383646, 0.48457289, 0.03964354
0.90514314, 0.15703434
0.0153655, 0.17158201, -0.02150955
-0.82070374, 0.56941438, 0.04657125
0.89473146, 0.15001833
0.00932063, 0.18374175, -0.03086291
-0.58592486, 0.51008636, 0.62962735
0.89546353, 0.1535756
0.01057416, 0.17252524, -0.03303832
-0.58030945, 0.52208012, 0.62498856
0.89638811, 0.14856625
-0.00099312, 0.28307378, -0.03148865
0.0, -0.6990875, 0.71501815
0.89685428, 0.21239609
-0.01445438, 0.28261912, -0.02593135
0.54420608, -0.68071538, 0.49034089
0.90160197, 0.21265793
0.0201491, 0.18571848, -0.02035296
-0.87383646, 0.48457289, 0.03964354
0.89158338, 0.15496653
0.01395668, 0.18693753, -0.035253
-0.61787772, 0.43418685, 0.65547657
0.89498472, 0.15626198
-0.01594293, 0.18449943, -0.00545294
0.61787772, 0.53495896, -0.57618946
0.90978551, 0.15498126
-0.00099312, 0.1839945, 0.00071885
0.0, 0.55583364, -0.83126318
0.91720808, 0.15137792
-0.00099312, 0.18171138, -0.00604621
0.0, 0.62544632, -0.78023618
0.91031706, 0.14706337
-0.00099312, 0.18744245, -0.04142482
0.0, 0.41331217, 0.91058075
0.89816713, 0.15737927
0.0139567, 0.18449943, -0.00545295
-0.61787772, 0.53495896, -0.57618946
0.88735384, 0.15272176
-0.00099312, 0.1839945, 0.00071885
0.0, 0.55583364, -0.83126318
0.88020867, 0.14876425
-0.00554955, 0.28189299, -0.01705616
0.42027038, -0.83577991, 0.35328227
0.90166724, 0.21900791
-0.00743689, 0.28152147, -0.01251489
0.59434795, -0.80150759, -0.06555375
0.90601796, 0.21959615
-0.02003023, 0.28152147, -0.01251493
0.76964629, -0.63631094, -0.05203406
0.9068076, 0.21296507
0.01246817, 0.28042382, 0.00090155
-0.54420608, -0.59193701, -0.59447002
0.88041568, 0.21188033
0.01804401, 0.28152147, -0.01251491
-0.76964629, -0.63631094, -0.05203406
0.88679945, 0.2117461
-0.01445438, 0.28042382, 0.00090155
0.54420608, -0.59193701, -0.59447002
0.91303384, 0.21373886
0.01246817, 0.28261912, -0.02593135
-0.54420608, -0.68071538, 0.49034089
0.89207, 0.21206158
-0.00099312, 0.27996916, 0.00645883
0.0, -0.57356489, -0.81914729
0.92134559, 0.21599823
-0.00099312, 0.27996916, 0.00645883
0.0, -0.57356489, -0.81914729
0.87197739, 0.21332842
-0.00743687, 0.28528357, -0.01220709
0.59437847, 0.80147707, 0.06555375
0.90443414, 0.22314638
-0.00554954, 0.28491202, -0.00766584
0.42027038, 0.83577991, -0.35328227
0.90767092, 0.22402626
-0.00554954, 0.28114995, -0.00797364
0.42027038, -0.76723534, -0.48445082
0.91019976, 0.22116542
0.00545068, 0.28152147, -0.01251489
-0.59437847, -0.80147707, -0.06555375
0.88859111, 0.21808237
0.00356334, 0.28189299, -0.01705619
-0.42027038, -0.83577991, 0.35331279
0.89323318, 0.21830362
-0.00099312, 0.28099602, -0.00609259
0.0, -0.75301373, -0.65794855
0.91328371, 0.22378147
-0.00099312, 0.28204694, -0.01893723
0.0, -0.849971, 0.52681053
0.89748967, 0.21862262
-0.00099312, 0.28099602, -0.00609259
0.0, -0.75301373, -0.65794855
0.87892115, 0.22082871
0.00356334, 0.28114995, -0.00797364
-0.42027038, -0.76723534, -0.48445082
0.88370275, 0.21876997
0.0054507, 0.28528357, -0.01220709
-0.59434795, 0.80150759, 0.06555375
0.88964236, 0.22208607
0.00710318, 0.28528357, -0.01220709
-0.77636033, 0.6281625, 0.05139317
0.89043915, 0.22342759
0.00473183, 0.28575036, -0.01791296
-0.65379804, 0.68538469, 0.32050538
0.89459825, 0.22564077
0.00356334, 0.28565511, -0.01674839
-0.42027038, 0.76723534, 0.48445082
0.89379925, 0.22304457
-0.00099309, 0.28475812, -0.00578477
0.0, 0.849971, -0.52681053
0.91004944, 0.22665632
-0.00099309, 0.28580901, -0.01862941
0.0, 0.75304425, 0.65794855
0.89729148, 0.22331923
-0.00099309, 0.28475812, -0.00578477
0.0, 0.849971, -0.52681053
0.88213211, 0.22487193
0.00356334, 0.28491202, -0.00766584
-0.42027038, 0.83574939, -0.35328227
0.88571709, 0.22246683
-0.00554954, 0.28565511, -0.01674837
0.42027038, 0.76723534, 0.48445082
0.90066719, 0.22351307
-0.00099309, 0.31722918, -0.01778274
0.0, -0.99664295, -0.08151494
0.89761645, 0.26039344
0.00202422, 0.31761476, -0.02249576
-0.64925075, -0.75820184, 0.05957213
0.89621699, 0.25285685
0.0047783, 0.31703427, -0.0154001
-0.65392011, -0.72875148, 0.2031312
0.88481957, 0.25853497
-0.00671801, 0.28481671, -0.00650124
0.54896694, 0.67290264, -0.49574268
0.90662831, 0.22476542
-0.00099309, 0.28462335, -0.00413778
0.0, 0.69145787, -0.72237313
0.90820193, 0.22744173
-0.00099309, 0.28594372, -0.02027642
0.0, 0.99664295, 0.08151494
0.8972643, 0.22578144
-0.00099309, 0.28462335, -0.00413778
0.0, 0.69145787, -0.72237313
0.88414842, 0.22600675
0.00473183, 0.28481671, -0.00650124
-0.54896694, 0.67290264, -0.49574268
0.88670754, 0.22342777
-0.00671801, 0.28575036, -0.01791296
0.65379804, 0.68538469, 0.32050538
0.89979994, 0.22594476
-0.00908937, 0.28528357, -0.01220707
0.77636033, 0.62813199, 0.05136265
0.90355992, 0.22433943
-0.00099309, 0.2907576, -0.01746388
0.0, -0.99664295, -0.08151494
0.89705664, 0.22963709
-0.00099309, 0.2906574, -0.01623908
0.0, -0.849971, 0.52681053
0.89705795, 0.22978956
-0.00414449, 0.29055098, -0.01493807
0.42027038, -0.83574939, 0.35331279
0.89991784, 0.22964716
-0.00099309, 0.28963378, -0.00372786
0.0, -0.56483656, -0.82518995
0.88752395, 0.2267608
0.00473185, 0.28982717, -0.00609131
-0.54896694, -0.58339185, -0.59852898
0.88827151, 0.22535914
0.00477831, 0.30851945, -0.01609672
-0.91186255, 0.40461439, 0.06903287
0.89116484, 0.24125332
0.00202422, 0.31310418, -0.02286481
-0.82000184, 0.24897, 0.51530504
0.89656198, 0.24911779
0.00199991, 0.291329, -0.02444774
-0.92291027, -0.24475844, 0.29715872
0.8970204, 0.23129356
0.00710319, 0.29029396, -0.01179717
-0.77636033, -0.62813199, -0.05136265
0.89096218, 0.22633284
-0.00671802, 0.29076079, -0.01750303
0.91232032, -0.4094058, 0.00289926
0.89909029, 0.23004496
-0.00908935, 0.29029396, -0.01179717
0.77636033, -0.6281625, -0.05139317
0.90271574, 0.22685778
-0.00671801, 0.28982717, -0.00609131
0.54896694, -0.58339185, -0.59852898
0.90490043, 0.22609955
0.00473183, 0.29076079, -0.01750303
-0.91232032, -0.4094058, 0.00286874
0.8950696, 0.23004526
-0.00099309, 0.28963378, -0.00372786
0.0, -0.56483656, -0.82518995
0.90496767, 0.22749066
-0.00414449, 0.3083058, -0.01348545
0.42027038, 0.76720482, 0.48445082
0.90473711, 0.23468697
-0.00544985, 0.30804881, -0.01034456
0.59437847, 0.80147707, 0.06555375
0.91387683, 0.23143321
0.00215831, 0.29003701, -0.00865626
-0.42027038, -0.76723534, -0.48445082
0.88915068, 0.22638947
0.00346367, 0.29029396, -0.01179717
-0.59434795, -0.80150759, -0.06555375
0.89106965, 0.22796625
-0.00544985, 0.29029396, -0.01179717
0.59434795, -0.80150759, -0.06555375
0.90256637, 0.22789353
-0.00414449, 0.29003701, -0.00865626
0.42027038, -0.76723534, -0.48445082
0.90396786, 0.22623509
0.00215831, 0.29055098, -0.01493807
-0.42027038, -0.83574939, 0.35331279
0.89420009, 0.22953445
-0.00099309, 0.28993055, -0.00735526
0.0, -0.75301373, -0.65794855
0.90354002, 0.2245394
-0.00099309, 0.28993055, -0.00735526
0.0, -0.75301373, -0.65794855
0.88907403, 0.2251184
-0.00915506, 0.30804881, -0.01034455
0.77636033, 0.6281625, 0.05136265
0.91824669, 0.23862147
-0.00676449, 0.30757821, -0.00459239
0.54896694, 0.67290264, -0.49574268
0.93084931, 0.23148376
-0.00414449, 0.30779186, -0.00720364
0.42027038, 0.83577991, -0.35328227
0.92177784, 0.22563231
0.00346367, 0.30804881, -0.01034456
-0.59437847, 0.80147707, 0.06555375
0.8801825, 0.23174018
0.00215831, 0.3083058, -0.01348545
-0.42027038, 0.76720482, 0.48445082
0.88945973, 0.23468149
-0.00099309, 0.30768541, -0.00590264
0.0, 0.849971, -0.52681053
0.92563254, 0.21714157
-0.00099309, 0.30841222, -0.01478643
0.0, 0.75301373, 0.65794855
0.89714223, 0.23555821
-0.00099309, 0.30768541, -0.00590264
0.0, 0.849971, -0.52681053
0.86936671, 0.21860802
0.00215831, 0.30779186, -0.00720364
-0.42027038, 0.83577991, -0.35328227
0.8726058, 0.22610986
0.0071689, 0.31656364, -0.00964793
-0.77636033, -0.62813199, -0.05136265
0.8663044, 0.25913465
0.0071689, 0.30804881, -0.01034456
-0.77636033, 0.6281625, 0.05136265
0.87650102, 0.23937309
-0.00099309, 0.30738327, -0.00220975
0.0, 0.69145787, -0.72237313
0.94230598, 0.21512777
-0.00099309, 0.30851778, -0.01607676
0.0, 0.99664295, 0.08151494
0.89720976, 0.23766178
-0.00099309, 0.30738327, -0.00220975
0.0, 0.69145787, -0.72237313
0.85090047, 0.21612704
0.00477831, 0.30757821, -0.00459239
-0.54896694, 0.67290264, -0.49574268
0.86359769, 0.23254341
-0.00676449, 0.30851945, -0.01609672
0.91186255, 0.40461439, 0.06903287
0.90337026, 0.24095851
0.00298978, 0.31688842, -0.01361751
-0.42027038, -0.83574939, 0.35331279
0.88227695, 0.26697558
-0.00099309, 0.31702292, -0.0152618
0.0, -0.849971, 0.52681053
0.89806736, 0.26731437
-0.00676449, 0.31609306, -0.00389575
0.54896694, -0.58339185, -0.59852898
0.94918221, 0.25274491
-0.00099309, 0.31589809, -0.00151312
0.0, -0.56483656, -0.82518995
0.97214603, 0.23889118
0.00199991, 0.28631857, -0.02485764
-0.558092, 0.71675771, 0.41804254
0.89676249, 0.22869831
-0.00099309, 0.31589809, -0.00151312
0.0, -0.56483656, -0.82518995
0.82194066, 0.24168563
0.00477831, 0.31609306, -0.00389575
-0.54896694, -0.58339185, -0.59852898
0.84583044, 0.25451452
-0.00398609, 0.28631857, -0.02485764
0.558092, 0.71675771, 0.41804254
0.89763796, 0.22872031
-0.00676449, 0.31703427, -0.0154001
0.65392011, -0.72875148, 0.2031312
0.91035348, 0.25808328
-0.00915508, 0.31656364, -0.00964792
0.77636033, -0.62813199, -0.05136265
0.92894155, 0.25806814
-0.00099307, 0.3989121, -0.00856207
0.0, 0.25183874, 0.96774191
0.90743947, 0.899349
-0.00497594, 0.39877754, -0.0069178
0.66750085, 0.27439192, 0.69219029
0.92875957, 0.89982258
-0.00099309, 0.31610435, -0.00403406
0.0, -0.75301373, -0.65794855
0.81485146, 0.25876552
0.00298978, 0.31623885, -0.00567832
-0.42027038, -0.76723534, -0.48445082
0.84121323, 0.2637887
-0.00497594, 0.31688842, -0.01361751
0.42027038, -0.83574939, 0.35331279
0.91386044, 0.26656502
0.00463954, 0.31656364, -0.00964792
-0.59437847, -0.80147707, -0.06555375
0.86339414, 0.26665783
-0.00662571, 0.31656364, -0.00964792
0.59434795, -0.80150759, -0.06555375
0.93299299, 0.2655651
-0.00497594, 0.31623885, -0.00567832
0.42027038, -0.76723534, -0.48445082
0.95522493, 0.26193953
-0.00099309, 0.31610435, -0.00403406
0.0, -0.75301373, -0.65794855
0.98151189, 0.25635314
-0.00672488, 0.4023625, -0.00837928
0.67754143, 0.22980438, 0.69862974
0.9279995, 0.91499352
-0.00909907, 0.40189511, -0.00266658
0.95822018, 0.28504288, 0.02331614
0.94777369, 0.91792779
0.00298978, 0.39812803, 0.0010214
-0.66750085, 0.38325143, -0.63835567
0.8410331, 0.90787277
0.00463954, 0.39845276, -0.00294821
-0.94399852, 0.32880643, 0.02688681
0.86424977, 0.90346774
-0.00662571, 0.39845276, -0.00294821
0.94399852, 0.32880643, 0.02688681
0.95061332, 0.9019984
-0.00497594, 0.39812803, 0.0010214
0.66750085, 0.38325143, -0.63838619
0.97376668, 0.90575608
0.00298978, 0.39877754, -0.0069178
-0.66750085, 0.27439192, 0.69219029
0.88611567, 0.90056434
-0.00099307, 0.39799348, 0.00266565
0.0, 0.40577412, -0.91393781
0.9997443, 0.9103876
-0.00099307, 0.39799348, 0.00266565
0.0, 0.40577412, -0.91393781
0.81485158, 0.91280553
-0.00909907, 0.43366066, -6.77e-05
0.77636033, -0.6281625, -0.05139317
0.91413397, 0.98711827
-0.00672488, 0.43319324, 0.00564503
0.54896694, -0.58336133, -0.59852898
0.91386032, 0.9922343
-0.00672488, 0.40142769, 0.00304614
0.67754143, 0.34031188, -0.65196693
0.96808803, 0.92383455
0.00711291, 0.40189511, -0.0026666
-0.95822018, 0.28504288, 0.02331614
0.86936682, 0.91924472
0.00473872, 0.4023625, -0.00837928
-0.67754143, 0.22980438, 0.69862974
0.88899761, 0.9156381
-0.00099307, 0.40123415, 0.00541243
0.0, 0.36317027, -0.93169957
0.9895336, 0.93482647
-0.00099307, 0.40255606, -0.01074555
0.0, 0.2069155, 0.97833186
0.90847844, 0.91431838
-0.00099307, 0.40123415, 0.00541243
0.0, 0.36317027, -0.93169957
0.82855576, 0.93801156
0.00473872, 0.40142769, 0.00304614
-0.67754143, 0.34031188, -0.65196693
0.84935164, 0.92593101
0.00473872, 0.43319324, 0.00564503
-0.54896694, -0.58339185, -0.59852898
0.90634668, 0.99210778
-0.00099307, 0.4329997, 0.0080113
0.0, -0.56483656, -0.82515943
0.91025418, 0.99974429
-0.00672488, 0.43412805, -0.0057804
0.54896694, -0.67290264, 0.49574268
0.91234642, 0.98495395
0.00711291, 0.43366066, -6.77e-05
-0.77636033, -0.6281625, -0.05139317
0.90572745, 0.98685901
0.00473872, 0.43412805, -0.0057804
-0.54896694, -0.67290264, 0.49574268
0.90701735, 0.98499268
-0.00099307, 0.43432161, -0.00814668
0.0, -0.69145787, 0.72240365
0.90970361, 0.98644763
-0.00401039, 0.31761476, -0.02249576
0.64925075, -0.75820184, 0.05957213
0.89874363, 0.25280637
0.00202422, 0.30990776, -0.04056574
-0.91064179, 0.31583604, -0.26633504
0.89747751, 0.24427539
0.00202422, 0.30922291, -0.0343376
-0.59715569, 0.70104069, -0.3897824
0.89765239, 0.24624562
0.00202422, 0.31386119, -0.03211776
-0.85930967, 0.44346446, -0.25470749
0.89778054, 0.24782664
-0.00398609, 0.291329, -0.02444774
0.92291027, -0.24475844, 0.29715872
0.89732844, 0.23129588
-0.00401039, 0.31310418, -0.02286481
0.82000184, 0.24897, 0.51530504
0.89825845, 0.24906963
0.0019999, 0.30106208, -0.04117855
-0.69786674, 0.51548815, 0.49720755
0.89708924, 0.24181002
-0.00398609, 0.30106208, -0.04117855
0.69786674, 0.51548815, 0.49720755
0.8975417, 0.2418049
-0.00401039, 0.30990776, -0.04056574
0.91064179, 0.31583604, -0.26633504
0.89722359, 0.2442798
-0.00401039, 0.31108734, -0.05089785
0.62096012, 0.24585712, 0.74425489
0.89725524, 0.24372345
-0.00398609, 0.3060725, -0.04076863
0.30729088, -0.36237678, -0.87987912
0.89703727, 0.24305397
0.00199991, 0.3060725, -0.04076863
-0.30729088, -0.36237678, -0.87987912
0.89762872, 0.24304664
0.00202422, 0.31504852, -0.04663014
-1.0, 0.0, 0.0
0.89747804, 0.24369055
0.00202422, 0.31955913, -0.04626111
-0.63023776, -0.73909724, 0.23761712
0.89724171, 0.24409014
0.00202422, 0.31620213, -0.05021645
-0.63447982, -0.37037262, 0.67836541
0.89739197, 0.24380767
-0.00401039, 0.31955913, -0.04626111
0.63023776, -0.73909724, 0.23761712
0.89745229, 0.24408686
-0.00401039, 0.31386119, -0.03211776
0.85930967, 0.44346446, -0.25470749
0.89702445, 0.24783397
-0.00401038, 0.30922291, -0.0343376
0.59715569, 0.70104069, -0.3897824
0.89710665, 0.24625272
-0.00401039, 0.31504852, -0.04663019
1.0, 0.0, 0.0
0.89720422, 0.2436952
-0.00401039, 0.31620213, -0.05021645
0.63447982, -0.37037262, 0.67836541
0.89729387, 0.24380922
0.00202422, 0.31108734, -0.05089785
-0.62096012, 0.24585712, 0.74425489
0.89742839, 0.24372047
-0.00540207, 0.07498388, -0.07476164
0.5744499, 0.50001526, 0.64806056
0.44170213, 0.11675721
-0.00540207, 0.07391104, -0.06408504
0.86416209, 0.37916195, 0.33082065
0.42114115, 0.09460366
0.00315823, 0.07391104, -0.06408504
-0.86416209, 0.37916195, 0.33082065
0.40626279, 0.11312586
-0.00540207, 0.07391104, -0.06408504
0.86416209, 0.37916195, 0.33082065
0.32439595, 0.1284197
-0.00540207, 0.10078808, -0.06287144
0.87011319, -0.24576555, -0.42710653
0.36158091, 0.18609273
-0.00540207, 0.09627051, -0.05228716
0.73421431, -0.64729756, -0.20468764
0.36870095, 0.1657818
0.00315823, 0.10078808, -0.0628714
-0.87011319, -0.24576555, -0.42710653
0.39004865, 0.18243313
0.00315823, 0.09627051, -0.05228716
-0.73421431, -0.64729756, -0.20468764
0.37617347, 0.16466171
0.00315823, 0.07498388, -0.07476164
-0.5744499, 0.50001526, 0.64806056
0.4260532, 0.12238657
-0.00540207, 0.10391668, -0.07020143
0.7041536, -0.11969359, 0.69985044
0.43907604, 0.19160998
-0.00540207, 0.06919909, -0.06297602
0.61705375, 0.51362652, 0.59614855
0.40848967, 0.08391428
-0.00540207, 0.06435046, -0.05081223
0.59285259, -0.02459792, 0.80492568
0.36913496, 0.07495767
0.00315823, 0.06435047, -0.05081226
-0.59285259, -0.0245674, 0.80492568
0.37606648, 0.0922482
-0.00534001, 0.09551173, -0.04832176
0.86858732, -0.32221442, 0.37641528
0.37101766, 0.16460967
0.00315823, 0.06919909, -0.06297602
-0.61705375, 0.51362652, 0.59614855
0.40102014, 0.10279977
-0.00856011, 0.09432571, -0.03796898
0.8328501, 0.04589984, -0.55153048
0.36000687, 0.16316277
-0.00856012, 0.17195302, -0.03147514
0.68697166, -0.5294351, -0.49772638
0.38609478, 0.48571062
0.00631629, 0.17195302, -0.03147514
-0.68697166, -0.5294351, -0.49772638
0.40726072, 0.46611875
-0.00540207, 0.06919909, -0.06297602
0.61705375, 0.51362652, 0.59614855
0.32218149, 0.11316055
-0.00540207, 0.06435046, -0.05081223
0.59285259, -0.02459792, 0.80492568
0.34739453, 0.09098846
-0.00725695, 0.09458207, -0.04106309
0.94708091, -0.02688681, 0.31977293
0.37227756, 0.16214919
0.00501312, 0.06377199, -0.04361606
-0.84102911, 0.08023316, -0.53495896
0.3738423, 0.09105641
0.0149781, 0.06335488, -0.0508879
-0.74810022, -0.40366831, 0.52665794
0.37978667, 0.08804423
0.01065335, 0.05677282, -0.05142125
-0.37522507, 0.64262825, 0.66795862
0.37760583, 0.07980484
0.01065335, 0.05619449, -0.04422508
-0.37519455, 0.74144721, -0.55626088
0.37377608, 0.0810405
0.0149781, 0.06277651, -0.0436917
-0.74980927, -0.31232643, -0.58323926
0.37403589, 0.08884954
-0.01722193, 0.0627766, -0.04369169
0.74980927, -0.31232643, -0.58323926
0.36945724, 0.06109589
-0.00725697, 0.06377208, -0.04361605
0.84105963, 0.08026368, -0.53492844
0.36629423, 0.0816015
-0.01722193, 0.06335488, -0.0508879
0.74810022, -0.40366831, 0.52665794
0.36625078, 0.05565619
-0.01289721, 0.0567729, -0.05142125
0.37525558, 0.64262825, 0.66798913
0.36971101, 0.04333729
-0.01289721, 0.05619454, -0.04422507
0.37522507, 0.74144721, -0.55626088
0.37080479, 0.05474287
0.00631629, 0.06351576, -0.04052196
-0.69032866, 0.59523302, -0.41117588
0.37843496, 0.0938282
-0.00856011, 0.06351569, -0.04052196
0.69032866, 0.59526354, -0.41117588
0.36187753, 0.08917594
0.00501312, 0.09458207, -0.04106309
-0.94708091, -0.02688681, 0.31977293
0.37176964, 0.16230714
0.00309616, 0.0955117, -0.04832177
-0.86858732, -0.32221442, 0.37641528
0.37338921, 0.16415173
0.00501314, 0.17209223, -0.03457672
-0.65614796, -0.73348188, 0.17731254
0.39603326, 0.46335739
0.00309616, 0.1613123, -0.04281639
-0.71172214, 0.13870662, 0.68858916
0.39038691, 0.42646533
0.00309616, 0.17274672, -0.04186536
-0.65089875, -0.75643176, 0.06378368
0.40405059, 0.45140761
-0.00725697, 0.17209223, -0.03457672
0.65614796, -0.73348188, 0.17731254
0.39907199, 0.4770866
0.00631629, 0.09432571, -0.03796898
-0.8328501, 0.04589984, -0.55153048
0.38280493, 0.16191101
-0.00534001, 0.16131224, -0.0428164
0.71172214, 0.13870662, 0.68858916
0.39755028, 0.42829984
-0.00534001, 0.17274672, -0.04186536
0.65092927, -0.75643176, 0.06378368
0.38017568, 0.45616686
0.00315823, 0.17249104, -0.04724073
-0.69634086, -0.71428573, 0.06970428
0.409089, 0.43937349
0.00315823, 0.16737615, -0.04721771
-0.83425397, 0.5010224, 0.23007904
0.3986232, 0.4310658
0.00315823, 0.10391668, -0.07020143
-0.7041536, -0.11969359, 0.69985044
0.41360915, 0.19069135
0.00315824, 0.17079377, -0.05785772
-0.59743035, -0.57377851, 0.56016725
0.41687968, 0.41620767
-0.00540207, 0.17079377, -0.05785772
0.59743035, -0.57377851, 0.56016725
0.44170225, 0.41970432
-0.00540207, 0.17249104, -0.04724076
0.69634086, -0.71428573, 0.06970428
0.42861933, 0.45091832
-0.00540207, 0.16694173, -0.05469117
0.88262582, 0.34299752, -0.32139042
0.37768167, 0.41448617
-0.00540207, 0.10391668, -0.07020143
0.7041536, -0.11969359, 0.69985044
0.34239557, 0.19882917
-0.00540207, 0.17079377, -0.05785772
0.59743035, -0.57377851, 0.56016725
0.36523548, 0.42009199
0.00315824, 0.16694173, -0.05469117
-0.88262582, 0.34299752, -0.32139042
0.40406001, 0.4126215
-0.00540207, 0.16737615, -0.04721776
0.83425397, 0.5010224, 0.23007904
0.38593981, 0.43229276
-0.00540207, 0.17249104, -0.04724076
0.69634086, -0.71428573, 0.06970428
0.37459669, 0.43965375
-0.00534001, 0.17274672, -0.04186536
0.65092927, -0.75643176, 0.06378368
0.41646823, 0.4646706
-0.00951235, 0.0254032, -0.03522737
1.0, 0.0, 0.0
0.6442076, 0.93493018
-0.00699431, 0.0258989, -0.04128622
0.70708334, -0.05764946, 0.70473343
0.63097256, 0.94157644
-0.00699431, 0.04303586, -0.03988417
0.62059391, 0.42701498, 0.65761286
0.65208733, 0.97339081
-0.00091521, 0.02610423, -0.0437959
0.0, -0.08151494, 0.99664295
0.61548167, 0.94945307
-0.00091521, 0.04324118, -0.04239385
0.0, 0.40604877, 0.91381574
0.64289629, 0.99396031
-0.00091521, 0.04324118, -0.04239385
0.0, 0.40604877, 0.91381574
0.70572329, 0.97951759
-0.00091521, 0.02610423, -0.0437959
0.0, -0.08151494, 0.99664295
0.72707212, 0.93988834
0.00516389, 0.0258989, -0.04128622
-0.70708334, -0.05764946, 0.70473343
0.71259224, 0.93449608
0.00516389, 0.04303586, -0.03988417
-0.62059391, 0.42701498, 0.65761286
0.69529527, 0.96763093
0.00768194, 0.0254032, -0.03522738
-1.0, 0.0, 0.0
0.6988799, 0.93021122
0.00516389, 0.02490749, -0.02916852
-0.73094881, -0.00662252, -0.68239385
0.68529856, 0.92753287
0.00516389, 0.04204445, -0.02776647
-0.62059391, 0.52824485, -0.57945496
0.68121684, 0.95640888
-0.00091521, 0.02088247, -0.02697137
0.0, -0.31785026, -0.94811851
0.67047244, 0.91939331
-0.00091521, 0.04183912, -0.02525681
0.0, 0.54918057, -0.83565784
0.67409307, 0.95582942
-0.00699431, 0.02490749, -0.02916852
0.73094881, -0.00662252, -0.68239385
0.65704036, 0.92958062
-0.00699431, -0.0086386, -0.03191308
0.89754939, -0.13812678, -0.41868344
0.63730502, 0.85487863
-0.00951235, 0.04254016, -0.03382532
0.87768179, 0.47761467, 0.03906369
0.65959752, 0.9628914
0.00768194, 0.04254016, -0.03382532
-0.87768179, 0.47761467, 0.03906369
0.68811744, 0.96012549
0.00639665, 0.04334166, -0.02642345
-0.64943385, 0.44718772, -0.61500901
0.68061972, 0.95847125
0.00639665, 0.04986454, -0.02588979
-0.54896694, -0.58339185, -0.59852898
0.67888725, 0.96234924
0.00942533, 0.05046076, -0.0331773
-0.77636033, -0.6281625, -0.05139317
0.68210453, 0.96523684
-0.00699431, 0.04204445, -0.02776647
0.62059391, 0.52824485, -0.57945496
0.66692436, 0.95786607
-0.01125574, 0.04393788, -0.03371096
0.91842401, 0.3942076, 0.03222755
0.66197324, 0.96485734
0.00639665, 0.0445341, -0.04099847
-0.64943385, 0.34125796, 0.67952514
0.69266969, 0.96983409
-0.00091521, 0.04478107, -0.04401707
0.0, 0.31931517, 0.94763023
0.70276976, 0.98434384
-0.00091521, 0.04309469, -0.02340489
0.0, 0.4691, -0.8831141
0.67438209, 0.95796309
0.00942533, 0.04393788, -0.03371099
-0.91842401, 0.3942076, 0.03222755
0.68653297, 0.96207631
-0.00822708, 0.0445341, -0.04099847
0.64943385, 0.34125796, 0.67952514
0.65669459, 0.97518451
-0.00822707, 0.04334166, -0.02642345
0.64943385, 0.44718772, -0.61500901
0.66807991, 0.95995963
-0.00091521, 0.04478107, -0.04401707
0.0, 0.31931517, 0.94763023
0.65057915, 0.99974429
-0.00091521, 0.04961758, -0.02287122
0.0, -0.56483656, -0.82515943
0.67484015, 0.96260469
-0.00091521, 0.05130395, -0.04348338
0.0, -0.69145787, 0.72237313
0.68008029, 0.99538726
0.00639665, 0.05105699, -0.04046482
-0.54896694, -0.67290264, 0.49574268
0.68394673, 0.97230376
-0.01125574, 0.05046076, -0.0331773
0.77636033, -0.6281625, -0.05139317
0.6669178, 0.96844292
-0.00822707, 0.04986454, -0.02588979
0.54896694, -0.58339185, -0.59852898
0.67051452, 0.96444266
-0.00822708, 0.05105699, -0.04046482
0.54896694, -0.67290264, 0.49574268
0.66730046, 0.97619481
-0.00814416, -0.01106181, -0.03095765
0.83935058, -0.37382123, -0.39457381
0.63716823, 0.84787777
-0.01113847, -0.01047236, -0.03816252
0.95989865, -0.27933592, -0.02282785
0.61917078, 0.85103574
-0.00091521, -0.00744185, -0.04654042
0.0, -0.39854121, 0.91714227
0.74283117, 0.86079395
0.00179094, 0.01366503, -0.02307643
-0.46385083, -0.13052766, -0.87621695
0.67422706, 0.90267349
0.00516389, -0.00764719, -0.04403079
-0.66933197, -0.375927, 0.64079714
0.7270171, 0.85548879
0.00768192, -0.00814289, -0.03797194
-0.94656211, -0.3213599, -0.02627644
0.71041793, 0.85185531
-0.00951236, -0.00814289, -0.03797194
0.94656211, -0.32132939, -0.02627644
0.62085199, 0.85780166
-0.00699431, -0.00764719, -0.04403079
0.66933197, -0.375927, 0.64079714
0.6043964, 0.86232255
-0.00362135, -0.00919007, -0.02517249
0.6156804, -0.1159093, -0.77941221
0.65746373, 0.84967135
-0.00413322, -0.01184269, -0.02141318
0.3745842, -0.65623951, -0.65495771
0.65907854, 0.83855414
-0.00091521, -0.00744185, -0.04654042
0.0, -0.39854121, 0.91714227
0.58881217, 0.86882778
0.00230278, -0.10366388, -0.01415572
-0.6875515, -0.72344124, -0.06186102
0.69510227, 0.59628063
0.00230278, -0.10246357, -0.02882728
-0.70921963, -0.67632067, -0.1988586
0.72232074, 0.60764852
0.00617681, -0.10219876, -0.02840434
-0.66579181, -0.74105042, -0.08661153
0.724913, 0.60021618
-0.00091521, -0.00963873, -0.04835174
0.0, -0.35761589, 0.93383586
0.74660516, 0.85450543
0.00631371, -0.0098829, -0.04536738
-0.6787622, -0.3346965, 0.65364546
0.72878969, 0.84868348
0.00179094, -0.00919007, -0.02517249
-0.6156804, -0.1159093, -0.77941221
0.6746431, 0.84771328
0.0023028, -0.01184269, -0.02141318
-0.3745842, -0.65623951, -0.65495771
0.67238522, 0.83833009
-0.00814416, -0.0098829, -0.04536738
0.6787622, -0.3346965, 0.65364546
0.60208958, 0.85604022
-0.00091521, -0.00963873, -0.04835174
0.0, -0.35761589, 0.93383586
0.58476478, 0.86340578
-0.00091521, -0.01130596, -0.02797332
0.0, -0.99664295, -0.08151494
0.7654534, 0.30971318
0.00631371, -0.01106181, -0.03095765
-0.83935058, -0.37382123, -0.39457381
0.74838215, 0.30264205
0.0023028, -0.01184269, -0.02141318
-0.3745842, -0.65623951, -0.65495771
0.75669134, 0.31789333
0.00516389, -0.0086386, -0.03191308
-0.89754939, -0.13812678, -0.41868344
0.69388509, 0.85026447
0.00930804, -0.01047236, -0.03816252
-0.95989865, -0.27933592, -0.02282785
0.71126509, 0.84530894
-0.00814416, -0.10050377, -0.05278149
0.63142794, -0.57615894, 0.51893675
0.53387934, 0.62603298
-0.01113848, -0.10109324, -0.04557661
0.95355082, -0.27378154, -0.12543108
0.55392742, 0.61837021
-0.01241797, -0.10246084, -0.0473975
0.93408, -0.35642567, 0.02081362
0.5486539, 0.61496025
0.0023028, -0.03087733, -0.0229705
-0.81325722, -0.24359874, -0.5283975
0.67282718, 0.78206514
-0.00413322, -0.03087733, -0.0229705
0.81325722, -0.24359874, -0.5283975
0.64473259, 0.78335261
-0.00413322, -0.01184269, -0.02141318
0.3745842, -0.65623951, -0.65495771
0.6590032, 0.83828118
0.00930803, -0.10109324, -0.04557661
-0.95355082, -0.27378154, -0.12543108
0.76625496, 0.61377516
0.00631371, -0.10168267, -0.03837175
-0.91964477, -0.27265236, -0.2826319
0.74560732, 0.60952401
0.00631371, -0.10050377, -0.05278149
-0.63142794, -0.57615894, 0.51893675
0.78635192, 0.62020075
-0.00814416, -0.10168267, -0.03837174
0.91964477, -0.27265236, -0.2826319
0.57356197, 0.61346614
-0.00091523, -0.10025961, -0.05576584
0.0, -0.65367597, 0.75676745
0.80471778, 0.62901244
-0.00362135, 0.01366503, -0.02307643
0.46385083, -0.13052766, -0.87621695
0.6644367, 0.90321331
0.00179094, -0.00919007, -0.02517249
-0.6156804, -0.1159093, -0.77941221
0.67463899, 0.84803188
-0.00362135, -0.00919007, -0.02517249
0.6156804, -0.1159093, -0.77941221
0.46296018, 0.36540878
0.00179094, -0.00919007, -0.02517249
-0.6156804, -0.1159093, -0.77941221
0.45017895, 0.36540878
-0.00091521, -0.00884389, -0.02940342
0.0, 0.99664295, 0.08154546
0.45656955, 0.3754335
0.00631371, -0.01106181, -0.03095765
-0.83935058, -0.37382123, -0.39457381
0.69312048, 0.84392624
0.0023028, -0.03207748, -0.00829894
-0.57731867, -0.52833641, -0.62248605
0.66196311, 0.74224654
-0.00413322, -0.03207766, -0.00829895
0.57734919, -0.52833641, -0.62248605
0.65485221, 0.74275514
0.0023028, -0.07230967, -0.01159051
-0.89541304, -0.27484968, -0.35023043
0.66789484, 0.66054586
-0.00413322, -0.07230967, -0.01159051
0.89541304, -0.27484968, -0.35023043
0.64836854, 0.65946442
-0.00413322, -0.10246357, -0.02882728
0.70921963, -0.67632067, -0.1988586
0.59544325, 0.61074981
0.00230278, -0.1049205, 0.00120353
-0.50773644, -0.70400095, -0.49653614
0.66445589, 0.57484072
0.00595443, -0.10366475, -0.01190603
-0.70418411, -0.69722587, -0.13403729
0.69447815, 0.5876241
-0.00413322, -0.10366388, -0.01415572
0.6875515, -0.72344124, -0.06186102
0.620323, 0.59866929
-0.00413322, -0.07278266, -0.0086291
0.60512102, -0.6005432, -0.52259898
0.65194178, 0.65297562
-0.00413322, -0.1049205, 0.00120356
0.50770593, -0.70400095, -0.49653614
0.64711732, 0.5752885
0.0023028, -0.07278266, -0.0086291
-0.60512102, -0.6005432, -0.52259898
0.66409653, 0.65227741
-0.00091523, -0.10025961, -0.05576584
0.0, -0.65367597, 0.75676745
0.51468474, 0.63639739
-0.00904889, -0.10179759, -0.05550409
0.61729789, -0.50163275, 0.60603654
0.52806282, 0.62033612
0.00270553, -0.10676713, 0.00523743
-0.53712577, -0.41352579, -0.73516035
0.65967697, 0.56642899
0.00270553, -0.11053018, 0.00492956
-0.51649523, 0.63911861, -0.56984162
0.66099805, 0.55963603
-0.00453597, -0.11053018, 0.00492956
0.51649523, 0.63911861, -0.56984162
0.6475181, 0.56092316
-0.01241797, -0.10622389, -0.04770537
0.77636033, 0.6281625, 0.05136265
0.54683584, 0.60611248
-0.00904889, -0.10556065, -0.05581196
0.54896694, 0.58339185, 0.59852898
0.52520937, 0.6110878
-0.00904889, -0.10312407, -0.03929093
0.94863737, -0.17374188, -0.26435134
0.5701068, 0.61069077
-0.00800726, -0.10219876, -0.02840434
0.66579181, -0.74105042, -0.08661153
0.59266227, 0.60390633
-0.00800726, -0.10773594, -0.02885736
0.69600511, 0.71782589, 0.01654103
0.58780861, 0.59402195
-0.00453597, -0.10676713, 0.00523743
0.53712577, -0.41352579, -0.73516035
0.65001166, 0.56811479
-0.00778487, -0.10897075, -0.01234014
0.72350228, 0.69011503, -0.01574755
0.61500221, 0.58015701
0.00721844, -0.10312407, -0.03929093
-0.94863737, -0.17374188, -0.26435134
0.74914241, 0.60644966
0.01058751, -0.10246084, -0.0473975
-0.93408, -0.35642567, 0.02081362
0.77144009, 0.61010364
-0.00778487, -0.10366475, -0.01190603
0.70418411, -0.69722587, -0.13403729
0.62027878, 0.59047139
0.00721844, -0.10179759, -0.05550409
-0.61729789, -0.50163275, 0.60603654
0.79167837, 0.61449173
-0.00091523, -0.10152289, -0.05886193
0.0, -0.54362619, 0.83932006
0.81081456, 0.6227037
-0.00091523, -0.10716183, -0.03624095
0.0, 0.99682605, 0.07943968
0.50349766, 0.55867115
-0.00904889, -0.10688712, -0.0395988
0.65031892, 0.75276953, -0.1019013
0.52520937, 0.56766441
-0.00800726, -0.10773594, -0.02885736
0.69600511, 0.71782589, 0.01654103
0.52242887, 0.53890222
-0.00778487, -0.10897075, -0.01234014
0.72350228, 0.69011503, -0.01574755
0.52183521, 0.49468875
0.00595443, -0.10897075, -0.01234014
-0.72350228, 0.69011503, -0.01574755
0.48516011, 0.49468881
-0.00453597, -0.11053018, 0.00492956
0.51649523, 0.63911861, -0.56984162
0.51316279, 0.44840229
0.00270553, -0.11053018, 0.00492956
-0.51649523, 0.63911861, -0.56984162
0.49383259, 0.44840235
0.01058751, -0.10622389, -0.04770537
-0.77636033, 0.6281625, 0.05136265
0.77345496, 0.60075206
0.00617681, -0.10773594, -0.02885736
-0.69600511, 0.71782589, 0.01654103
0.72946459, 0.5893867
0.00595443, -0.10897075, -0.01234014
-0.72350228, 0.69011503, -0.01574755
0.6988191, 0.57556513
0.00721844, -0.10688712, -0.0395988
-0.65031892, 0.75276953, -0.1019013
0.75159138, 0.59737673
0.00721844, -0.10556065, -0.05581196
-0.54896694, 0.58339185, 0.59852898
0.79461205, 0.60602286
-0.00904889, -0.10688712, -0.0395988
0.65031892, 0.75276953, -0.1019013
0.56757545, 0.60230809
-0.00091523, -0.10528595, -0.05916979
0.0, 0.56483656, 0.82515943
0.81434, 0.61424291
-0.00091523, -0.10152289, -0.05886193
0.0, -0.54362619, 0.83932006
0.50783485, 0.62990335
-0.01158547, 0.04966645, -0.03411116
0.77636033, 0.6281625, 0.05136265
0.49139425, 0.15986317
-0.01158547, 0.17170268, -0.02412685
0.77636033, -0.6281625, -0.05136265
0.61959726, 0.43935853
-0.00846694, 0.11007065, -0.02161532
0.98077333, 0.01590014, -0.19443342
0.57398164, 0.2903465
0.0065906, 0.1129015, -0.02138371
-0.99325544, -0.05514695, -0.10168767
0.21589626, 0.2226218
0.0065906, 0.08097702, -0.0239956
-0.98077333, 0.01590014, -0.19443342
0.21095826, 0.14553791
0.0065906, 0.10920245, -0.01100349
-1.0, 0.0, 0.0
0.18541634, 0.21924531
0.0097091, 0.1649631, -0.02467827
-0.89999086, 0.43107393, 0.0643025
0.25975427, 0.34394449
0.0065906, 0.16771887, -0.01689888
-0.98077333, 0.01590014, -0.19443342
0.24658751, 0.35405827
0.00970912, 0.17170268, -0.02412685
-0.77636033, -0.62813199, -0.05136265
0.26380858, 0.35211396
0.00659059, 0.17231658, -0.03163058
-0.54896694, -0.67290264, 0.49574268
0.27552086, 0.34865201
0.00659059, 0.11412933, -0.03639113
-0.76772362, -0.12305063, 0.62880337
0.25544828, 0.21678358
0.00659059, 0.16557696, -0.03218197
-0.72441787, 0.05371258, 0.68721581
0.27275151, 0.33252317
-0.00093818, 0.17257088, -0.03473871
0.0, -0.69145787, 0.72237313
0.29238868, 0.3574279
-0.00846696, 0.17108877, -0.01662317
0.64448988, -0.74077576, -0.18921477
0.262624, 0.40260291
-0.01158547, 0.17170268, -0.02412685
0.77636033, -0.6281625, -0.05136265
0.29295465, 0.40408003
0.00659059, 0.17108877, -0.01662317
-0.64448988, -0.74077576, -0.18921477
0.24970672, 0.36205053
-0.00846696, 0.17231658, -0.03163058
0.54896694, -0.67290264, 0.49574268
0.60099578, 0.44789088
-0.00846696, 0.17231658, -0.03163058
0.54896694, -0.67290264, 0.49574268
0.31505066, 0.3812356
-0.00846694, 0.05028036, -0.04161489
0.54896694, 0.58339185, 0.59852898
0.27290115, 0.04992741
-0.00846694, 0.04861844, -0.02130156
0.70708334, 0.70473343, 0.05764946
0.19431397, 0.03209299
-0.00093818, 0.04818434, -0.01599564
0.0, 0.99981689, 0.01852474
0.1785125, 0.0615136
0.0065906, 0.04905255, -0.02660747
-0.64448988, 0.76168096, -0.06628621
0.20716678, 0.07753038
0.0065906, 0.16137968, -0.00115865
-0.8278451, -0.4672994, -0.31025118
0.20643644, 0.35647285
0.0065906, 0.15997721, 0.01234499
-0.71907711, -0.69399089, -0.03543199
0.17011961, 0.36126286
-0.00846694, 0.15997721, 0.01234499
0.71907711, -0.69399089, -0.03543199
0.17102513, 0.39513469
0.0065906, 0.10782073, -0.00642967
-1.0, 0.0, 0.0
0.17375773, 0.21820128
0.0065906, 0.11985444, -0.00524537
-1.0, 0.0, 0.0
0.18015914, 0.24817407
-0.00846694, 0.10963655, -0.0163094
1.0, 0.0, 0.0
0.58637708, 0.2846595
-0.00846696, 0.17065465, -0.01131725
0.70708334, -0.70473343, -0.05764946
0.64977872, 0.42569393
-0.00846696, 0.17022055, -0.00601132
0.61439866, -0.66200751, -0.42921233
0.66182119, 0.42033297
-0.00446899, 0.04826707, -0.01413907
0.35868403, 0.88946193, -0.28315073
0.54122621, 0.13462359
-0.00446899, 0.04834972, -0.01228253
0.55412459, 0.71498764, -0.42625201
0.54453307, 0.1364792
-0.000944, 0.04834972, -0.01228253
0.0, 0.84960479, -0.52739036
0.54834908, 0.13025737
0.0065906, 0.16580006, -0.003585
-0.70708334, -0.34022033, -0.61986142
0.21664022, 0.36313576
-0.00846696, 0.16137968, -0.00115865
0.8278451, -0.4672994, -0.31025118
0.19749548, 0.39780051
-0.00846694, 0.10782073, -0.00642967
1.0, 0.0, 0.0
0.60848653, 0.27158046
-0.00846694, 0.10920245, -0.01100349
0.99996948, 0.0, 0.0
0.59877998, 0.27895355
-0.00846694, 0.11985444, -0.00524537
1.0, 0.0, 0.0
0.62244099, 0.30039507
0.002581, 0.09130935, 0.00307215
-0.34571368, -0.34257028, -0.87353128
0.14244299, 0.18208307
0.002581, 0.08751549, 0.00540097
-0.67879272, -0.59990233, -0.42347485
0.13624828, 0.17269921
-0.00094399, 0.08751549, 0.00540097
0.0, -0.8375805, -0.54628134
0.13059399, 0.17847311
-0.00846694, 0.09544512, -0.00343532
1.0, 0.0, 0.0
0.60467666, 0.24038947
-0.00846694, 0.09510323, 0.00074334
0.76973784, -0.02017273, -0.63801998
0.61390156, 0.23637557
-0.00846694, 0.07798003, -0.00231887
0.99636829, 0.01406903, -0.08371227
0.59252399, 0.19782716
-0.00446898, 0.05460326, -0.00883181
0.55088961, 0.40659809, -0.72881252
0.55627453, 0.1456871
-0.00446898, 0.06085682, -0.00538107
0.67455059, 0.59004486, -0.44361705
0.57060277, 0.15633619
-0.00094399, 0.06085682, -0.00538107
0.0, 0.85464036, -0.51921141
0.57310688, 0.14765787
0.0065906, 0.14061704, -0.00320201
-1.0, 0.0, 0.0
0.1931451, 0.30037862
0.0065906, 0.11681227, -0.00103114
-1.0, 0.0, 0.0
0.16634876, 0.24359304
-0.00846694, 0.15997721, 0.01234499
0.71907711, -0.69399089, -0.03543199
0.69410497, 0.38284171
-0.00846694, 0.11829002, 0.01219946
0.77336955, 0.62242502, -0.12012085
0.66604829, 0.28449017
-0.00846694, 0.11603009, 0.00769129
0.70708334, 0.63209939, -0.31687367
0.65297961, 0.28060675
0.0065906, 0.09544509, -0.00343532
-1.0, 0.0, 0.0
0.16393307, 0.19022024
0.0065906, 0.0951032, 0.00074334
-0.7696768, -0.01995911, -0.63811153
0.15402123, 0.19078153
0.0065906, 0.10443671, 0.00196322
-0.70708334, 0.09161656, -0.70113224
0.1541841, 0.21297663
-0.00846696, 0.14061704, -0.00320201
1.0, 0.0, 0.0
0.64482993, 0.34959441
-0.00846696, 0.16137968, -0.00115865
0.8278451, -0.4672994, -0.31025118
0.66596186, 0.39551228
-0.00093818, 0.11829002, 0.01219946
0.0, 0.98187202, -0.18948942
0.66871774, 0.26624811
0.0065906, 0.15998398, 0.01715722
-0.73674732, -0.65285194, -0.17578661
0.15928809, 0.36328238
-0.00846694, 0.15998398, 0.01715722
0.73674732, -0.65285194, -0.17578661
0.1608195, 0.39549553
0.0065906, 0.0750242, -0.00613355
-0.98693806, 0.12356944, -0.10327464
0.16545877, 0.13876498
0.002581, 0.05460326, -0.00883181
-0.55043185, 0.40675068, -0.72905666
0.16786867, 0.08622676
0.002581, 0.06085682, -0.00538107
-0.67406231, 0.59035003, -0.44395277
0.15962417, 0.10067284
-0.00093818, 0.11377018, 0.00318312
0.0, 0.57942444, -0.81499678
0.13537243, 0.23012614
0.0065906, 0.11377018, 0.00318312
-0.82927948, 0.3238014, -0.45542771
0.15251857, 0.2379548
-0.00846694, 0.10612868, -0.00223323
1.0, 0.0, 0.0
0.61660796, 0.26360703
-0.00846694, 0.11681227, -0.00103113
1.0, 0.0, 0.0
0.63059235, 0.28871089
-0.00846694, 0.11377018, 0.00318312
0.82927948, 0.3238014, -0.45542771
0.63858491, 0.2767989
0.00258099, 0.08696408, 0.00944225
-0.5993225, -0.79287088, -0.11020233
0.12756893, 0.16869563
0.002581, 0.08641274, 0.01348352
-0.55427718, -0.76506853, -0.32773829
0.12019089, 0.16599792
-0.00094399, 0.08641274, 0.01348352
0.0, -0.91695911, -0.39893794
0.11757691, 0.17177486
0.002581, 0.06094749, -0.00179624
-0.6050905, 0.79601431, -0.01355022
0.15049744, 0.10394448
0.002581, 0.06103821, 0.00178858
-0.63783687, 0.75853753, 0.13312174
0.14183871, 0.10549849
0.0065906, 0.07427684, 0.00359478
-0.99978638, 0.01782281, 0.00863674
0.14205754, 0.13920933
-0.00846694, 0.07612847, 0.00063795
0.99960327, -0.01513718, -0.02282785
0.59756368, 0.19099349
-0.00446899, 0.09130935, 0.00307215
0.34635457, -0.3424482, -0.87334818
0.62044334, 0.2240299
-0.00446898, 0.08751549, 0.00540097
0.67918944, -0.59959716, -0.42323068
0.62208056, 0.21300513
-0.00446898, 0.06094749, -0.00179625
0.60539567, 0.79577011, -0.01358074
0.58044285, 0.15561658
-0.00446898, 0.06103821, 0.00178858
0.63820308, 0.75826287, 0.13309123
0.58880639, 0.15358472
-0.00094399, 0.06103821, 0.00178858
0.0, 0.98461866, 0.17462692
0.58617759, 0.14647609
-0.00847617, 0.06633022, 0.01873933
0.99996948, 9.156e-05, 0.00158696
0.62987596, 0.1558466
-0.00447762, 0.07998449, 0.02134991
0.58699304, -0.62712485, -0.51197851
0.64563102, 0.18311167
-0.00448626, 0.07355628, 0.02921631
0.70381784, -0.69078648, -0.16550188
0.65994626, 0.16474336
0.002581, 0.05942888, 0.00586059
-0.5998413, 0.74477369, 0.29233679
0.13169076, 0.10426515
0.002581, 0.0578196, 0.0099326
-0.62382883, 0.66811121, 0.40549943
0.1220084, 0.10202551
0.0065906, 0.07211614, 0.01170806
-0.99905396, -0.03003021, -0.03094577
0.12287009, 0.13586169
-0.00846694, 0.07319654, 0.00765142
0.99996948, 0.0037843, 0.00436415
0.61063164, 0.17866677
-0.00446898, 0.08696408, 0.00944225
0.59962767, -0.79262674, -0.1101413
0.62855732, 0.20548475
-0.00446898, 0.08641274, 0.01348352
0.55442977, -0.76509905, -0.32740256
0.6346091, 0.19976997
-0.00446898, 0.05942897, 0.00586059
0.60014647, 0.74456006, 0.29224524
0.59734231, 0.14838654
-0.00446898, 0.05781952, 0.0099326
0.62382883, 0.6679281, 0.40574357
0.6048398, 0.14247018
-0.00094399, 0.0578196, 0.0099326
0.0, 0.86043888, 0.50950652
0.59988415, 0.13726443
-0.00094399, 0.05267596, 0.01612874
0.0, 0.76943266, 0.63872188
0.60967571, 0.125341
-0.00446898, 0.05267599, 0.01612874
0.58629107, 0.62334055, 0.5173803
0.61513889, 0.12931132
-0.00446898, 0.04753239, 0.02232492
0.59327984, 0.62779623, 0.50383008
0.62369812, 0.11622834
-0.00095263, 0.07998449, 0.02134991
0.0, -0.7743156, -0.63277078
0.10075608, 0.16304815
0.00257236, 0.07998449, 0.02134991
-0.58629107, -0.62685019, -0.51310772
0.10364002, 0.15697402
0.00256373, 0.07355628, 0.02921631
-0.70329905, -0.69109166, -0.16644795
0.08308132, 0.14747518
0.002581, 0.05267596, 0.01612874
-0.58680987, 0.62318796, 0.51695305
0.10630552, 0.09447134
0.002581, 0.04753235, 0.02232492
-0.59398174, 0.62736899, 0.5035249
0.09199801, 0.08638561
0.00657216, 0.06054435, 0.0257706
-0.99920654, 0.03003021, 0.0258797
0.08818671, 0.11529016
-0.00448626, 0.07437363, 0.03253946
0.60838646, -0.7719962, 0.18396558
0.66614801, 0.16098744
-0.00448626, 0.07519096, 0.03586262
0.50373852, -0.71584213, -0.48347422
0.67053771, 0.15811354
-0.00848539, 0.05849247, 0.03268538
0.99508649, -0.04684591, -0.08700827
0.65177077, 0.12987816
-0.00846694, 0.15998398, 0.01715722
0.73674732, -0.65285194, -0.17578661
0.7047084, 0.32745796
0.0065906, 0.15998398, 0.01715722
-0.73674732, -0.65285194, -0.17578661
0.7402128, 0.32745802
-0.00093818, 0.11739531, 0.02290354
0.0, 0.38303781, -0.92370373
0.70471346, 0.22550797
-0.00846694, 0.1178427, 0.01755152
0.70708334, 0.70464188, 0.0588702
0.67974335, 0.28278768
-0.00846694, 0.11739531, 0.02290354
0.4001587, 0.35102388, -0.84652239
0.69163328, 0.28052306
-0.00093818, 0.11739531, 0.02290354
0.0, 0.38303781, -0.92370373
0.68986988, 0.26561564
-0.00846694, 0.15998398, 0.01715722
0.73674732, -0.65285194, -0.17578661
0.70419693, 0.38006854
0.0065906, 0.11603009, 0.00769129
-0.70708334, 0.63209939, -0.31687367
0.1436432, 0.24914664
0.0065906, 0.11829002, 0.01219946
-0.77336955, 0.62242502, -0.12012085
0.13520125, 0.26049846
0.0065906, 0.16124162, 0.01970327
-0.55970949, -0.71932125, -0.41142002
0.74170578, 0.42272794
-0.00846694, 0.16124162, 0.01970327
0.55970949, -0.71932125, -0.41142002
0.71350026, 0.44034737
-0.00846694, 0.15998398, 0.01715722
0.73674732, -0.65285194, -0.17578661
0.71900582, 0.44789088
0.0065906, 0.15998398, 0.01715722
-0.73674732, -0.65285194, -0.17578661
0.74783009, 0.42486912
0.0065906, 0.11739531, 0.02290354
-0.4001587, 0.35102388, -0.84652239
0.74787074, 0.32796943
-0.00846694, 0.16124162, 0.01970327
0.55970949, -0.71932125, -0.41142002
0.44842643, 0.48571062
-0.00846694, 0.11739531, 0.02290354
0.4001587, 0.35102388, -0.84652239
0.44842643, 0.38189137
-0.00846694, 0.15998398, 0.01715722
0.73674732, -0.65285194, -0.17578661
0.44221368, 0.48318642
-0.00093818, 0.11739531, 0.02290354
0.0, 0.38303781, -0.92370373
0.72369558, 0.32796943
0.002581, 0.03895212, 0.03274392
-0.591052, 0.60371715, 0.53492844
0.06910423, 0.07210469
0.002581, 0.03611031, 0.03597983
-0.59379864, 0.60136724, 0.53450119
0.06216031, 0.06745273
0.00657216, 0.05239335, 0.0362728
-0.99789423, 0.01477096, 0.06283761
0.06421885, 0.10043609
-0.00446898, 0.04466311, 0.0259165
0.60606706, 0.62416458, 0.49299601
0.62833494, 0.10861778
-0.00446898, 0.04179385, 0.02950809
0.60545671, 0.60695213, 0.51475573
0.63276887, 0.10090518
-0.00094399, 0.04179385, 0.02950809
0.0, 0.76653337, 0.64217049
0.62690526, 0.09765691
0.00256371, 0.07437363, 0.03253946
-0.60814232, -0.77217931, 0.1839961
0.07579461, 0.14769727
0.00256371, 0.07519101, 0.03586263
-0.50358593, -0.71596426, -0.48350474
0.07010424, 0.14720404
-0.00096126, 0.07519096, 0.03586262
0.0, -0.81902522, -0.57371747
0.0675642, 0.15240765
0.002581, 0.04466311, 0.0259165
-0.60670799, 0.62376779, 0.49272135
0.08400741, 0.08165771
0.002581, 0.04179385, 0.02950809
-0.60615861, 0.6065554, 0.51441997
0.07612789, 0.07679284
0.00657216, 0.05849238, 0.03268537
-0.99499494, -0.04763939, -0.08764916
0.07314891, 0.11243063
-0.00848539, 0.04772203, 0.04233969
0.99996948, 0.00305185, 0.00549333
0.66066086, 0.10261911
-0.00448625, 0.06271444, 0.04497019
0.59883422, -0.65254676, -0.46427807
0.67833722, 0.12707359
-0.00448625, 0.05675248, 0.05337464
0.69197667, -0.70329905, -0.16269417
0.68957543, 0.10804307
-0.00446898, 0.03895212, 0.03274392
0.59031951, 0.60411388, 0.53529465
0.63655442, 0.09368455
-0.00446898, 0.03611031, 0.03597983
0.59309673, 0.60176396, 0.53483689
0.64026213, 0.08651
-0.00094399, 0.03611031, 0.03597983
0.0, 0.74614704, 0.66573077
0.63441175, 0.08344692
0.00256373, 0.07193372, 0.03621424
-0.42960906, -0.10104679, -0.89730519
0.06809019, 0.14297581
0.00256373, 0.06867642, 0.0365658
-0.49061555, -0.32865384, -0.80700094
0.06582211, 0.13646775
-0.00096126, 0.06867642, 0.0365658
0.0, -0.50608844, -0.8624531
0.05882262, 0.14109462
-0.00848539, 0.05544297, 0.03447908
0.99899286, -0.01568651, -0.04159673
0.65290266, 0.12254751
-0.00448625, 0.07193372, 0.03621424
0.43012786, -0.10101627, -0.89706105
0.6702891, 0.1534788
-0.00448625, 0.06867642, 0.0365658
0.49116489, -0.32856226, -0.80669576
0.66921383, 0.1470769
-0.00094399, 0.02734695, 0.04603666
0.0, 0.79207742, 0.61037016
0.64845574, 0.06121373
-0.00446898, 0.02734695, 0.04603666
0.61528367, 0.62672812, 0.47807246
0.6528511, 0.06662917
-0.00446898, 0.02534484, 0.04863471
0.49540696, 0.84081542, -0.21811579
0.65696061, 0.06355274
0.002581, 0.03272972, 0.03970916
-0.59675896, 0.59602648, 0.5371868
0.05407723, 0.06228828
0.002581, 0.02934905, 0.04343861
-0.59920043, 0.61772513, 0.50923187
0.04584268, 0.05798334
0.00657216, 0.0430508, 0.04840655
-0.99923706, 0.03256325, 0.02111881
0.04051132, 0.08423412
0.00256373, 0.06271444, 0.04497019
-0.5985595, -0.65269935, -0.46436965
0.04744966, 0.12189221
0.00256373, 0.05675256, 0.05337464
-0.69170201, -0.7035737, -0.16275521
0.02936992, 0.11064184
-0.00096126, 0.05675256, 0.05337464
0.0, -0.97448653, -0.22437209
0.02629834, 0.11720902
-0.00446898, 0.0327298, 0.03970917
0.59608752, 0.59642321, 0.53752249
0.64455926, 0.07833636
-0.00446898, 0.02934905, 0.04343861
0.5985595, 0.61812186, 0.50953704
0.64926106, 0.07076871
-0.00094399, 0.02934905, 0.04343861
0.0, 0.76708275, 0.64149904
0.6439144, 0.06659216
-0.00095661, 0.04164995, 0.05463015
0.0, 0.34510329, -0.93853575
0.01265728, 0.07666749
-0.00096126, 0.05795508, 0.0606255
0.0, -0.63759267, -0.77034819
0.01265728, 0.11078775
0.00256373, 0.05795508, 0.0606255
-0.49098179, -0.57029939, -0.65852839
0.01789979, 0.10659933
-0.00448625, 0.05735382, 0.05700003
0.60774559, -0.78398997, 0.12637715
0.69459003, 0.10325462
-0.00448625, 0.05795508, 0.0606255
0.49113438, -0.57020783, -0.65849787
0.69802588, 0.09911859
-0.00848539, 0.04164995, 0.05463015
0.75539416, 0.21210364, -0.61995298
0.67502213, 0.08347559
0.002581, 0.02734695, 0.04603666
-0.6158635, 0.62636191, 0.47782829
0.04047319, 0.05619371
0.002581, 0.02534483, 0.04863475
-0.49583423, 0.84054077, -0.21817683
0.0356347, 0.05519879
0.00657216, 0.04164995, 0.05463015
-0.75536364, 0.21143223, -0.62022769
0.0298747, 0.08222878
0.00256373, 0.05735382, 0.05700003
-0.60750145, -0.78417307, 0.12637715
0.02285753, 0.10906959
0.0097091, 0.11351541, -0.02888742
-0.77636033, -0.6281625, -0.05136265
0.23414193, 0.21288991
0.0065906, 0.05028036, -0.04161489
-0.54896694, 0.58339185, 0.59852898
0.24059439, 0.08828211
0.0097091, 0.04966645, -0.03411118
-0.77636033, 0.6281625, 0.05136265
0.22502063, 0.08456689
0.0097091, 0.1649631, -0.02467827
-0.89999086, 0.43107393, 0.0643025
0.75850612, 0.23287851
0.00659059, 0.16557696, -0.03218197
-0.72441787, 0.05371258, 0.68721581
0.77628291, 0.22550797
0.0065906, 0.16434912, -0.01717457
-0.97878963, 0.07925657, -0.18884854
0.74072427, 0.22552019
0.0065906, 0.13862529, -0.01927914
-0.99993896, 0.00952177, -0.00180059
0.17083019, 0.61064523
0.00659059, 0.16557696, -0.03218197
-0.72441787, 0.05371258, 0.68721581
0.20858377, 0.67159122
0.00659059, 0.11412933, -0.03639113
-0.76772362, -0.12305063, 0.62880337
0.20712084, 0.54969972
-0.00096126, 0.05735382, 0.05700003
0.0, -0.98651081, 0.16360973
0.70078754, 0.10712749
-0.00096126, 0.05795508, 0.0606255
0.0, -0.63759267, -0.77034819
0.70419687, 0.09916979
-0.00096126, 0.05675256, 0.05337464
0.0, -0.97448653, -0.22437209
0.69555205, 0.11308455
-0.00096126, 0.05735382, 0.05700003
0.0, -0.98651081, 0.16360973
0.01986995, 0.11488003
0.00657216, 0.04235038, 0.05151837
-0.99996948, -0.00375378, 0.00653096
0.03518024, 0.08328032
-0.00848539, 0.04235038, 0.05151837
0.99996948, -0.00271615, 0.00677511
0.67094016, 0.08701122
-0.00848539, 0.0430508, 0.04840655
0.99917603, 0.0336314, 0.02163762
0.66679764, 0.09045559
-0.00095661, 0.04164995, 0.05463015
0.0, 0.34510329, -0.93853575
0.68711168, 0.07007217
-0.00094399, 0.0327298, 0.03970917
0.0, 0.74089783, 0.67159033
0.0576121, 0.05620843
-0.00094399, 0.02934905, 0.04343861
0.0, 0.76708275, 0.64149904
0.04839895, 0.05121326
-0.00094399, 0.03611031, 0.03597983
0.0, 0.74614704, 0.66573077
0.06596832, 0.0616681
-0.00094399, 0.0327298, 0.03970917
0.0, 0.74089783, 0.67159033
0.6388163, 0.07503366
-0.00096126, 0.06271444, 0.04497019
0.0, -0.81560719, -0.57856989
0.68437737, 0.13029903
-0.00096126, 0.06867642, 0.0365658
0.0, -0.50608844, -0.8624531
0.67646033, 0.14835912
-0.00096126, 0.06271444, 0.04497019
0.0, -0.81560719, -0.57856989
0.04341268, 0.12751287
0.00657216, 0.04772206, 0.04233969
-0.99996948, 0.00210578, 0.00479141
0.05188565, 0.09198964
-0.00094399, 0.02734695, 0.04603666
0.0, 0.79207742, 0.61037016
0.04134686, 0.04895514
-0.00094399, 0.02534483, 0.04863475
0.0, 0.96078372, -0.27726066
0.03325947, 0.04928255
-0.00848539, 0.05239338, 0.03627281
0.99780267, 0.01565599, 0.0639668
0.65385944, 0.11567903
-0.00096126, 0.07193372, 0.03621424
0.0, -0.10730308, -0.99420148
0.67618006, 0.15383035
-0.00096126, 0.07519096, 0.03586262
0.0, -0.81902522, -0.57371747
0.67569357, 0.15984523
-0.00094399, 0.03895212, 0.03274392
0.0, 0.75136572, 0.6598407
0.07292104, 0.0663479
-0.00094399, 0.04179385, 0.02950809
0.0, 0.76653337, 0.64217049
0.0799129, 0.07092011
-0.00094399, 0.03895212, 0.03274392
0.0, 0.75136572, 0.6598407
0.6307053, 0.09059691
0.00657216, 0.05951834, 0.02922798
-0.99993896, -0.00250252, 0.00979644
0.08082005, 0.11392164
-0.00096126, 0.07437363, 0.03253946
0.0, -0.97103792, 0.23880734
0.67130214, 0.16615474
-0.00096126, 0.07355628, 0.02921631
0.0, -0.97546309, -0.22016053
0.66542459, 0.17085892
-0.00096126, 0.07355628, 0.02921631
0.0, -0.97546309, -0.22016053
0.08117765, 0.15522528
-0.00094399, 0.04466311, 0.0259165
0.0, 0.78127384, 0.62413406
0.08762524, 0.07565242
-0.00094399, 0.04753235, 0.02232492
0.0, 0.77538377, 0.63145846
0.09550574, 0.08025539
-0.00094399, 0.04753235, 0.02232492
0.0, 0.77538377, 0.63145846
0.61799836, 0.11264503
0.00657216, 0.05544287, 0.03447911
-0.99893183, -0.01641896, -0.04281747
0.06846847, 0.10623872
-0.00093818, 0.1178427, 0.01755152
0.0, 0.99652088, 0.08328501
0.11316982, 0.25225031
-0.00093818, 0.11739531, 0.02290354
0.0, 0.38303781, -0.92370373
0.10275523, 0.25815451
0.0065906, 0.11739531, 0.02290354
-0.4001587, 0.35102388, -0.84652239
0.11103188, 0.27275395
-0.00093818, 0.11829002, 0.01219946
0.0, 0.98187202, -0.18948942
0.12282445, 0.24576831
0.0065906, 0.1178427, 0.01755152
-0.70708334, 0.70464188, 0.0588702
0.12262401, 0.26736856
-0.00093818, 0.1178427, 0.01755152
0.0, 0.99652088, 0.08328501
0.67904925, 0.2666294
-0.00848539, 0.05951834, 0.02922798
0.99993896, -0.00146489, 0.01013215
0.64587492, 0.13468617
-0.00848539, 0.06054432, 0.0257706
0.99914551, 0.03070162, 0.02716147
0.64015687, 0.13925225
0.00658138, 0.06633022, 0.01873933
-0.99996948, 0.00030519, -0.00054933
0.10522939, 0.12551904
-0.00095263, 0.07998449, 0.02134991
0.0, -0.7743156, -0.63277078
0.65169048, 0.18766201
-0.00094399, 0.08641274, 0.01348352
0.0, -0.91695911, -0.39893794
0.63990986, 0.20405936
-0.00094399, 0.05267596, 0.01612874
0.0, 0.76943266, 0.63872188
0.10959272, 0.08802783
-0.00094399, 0.0578196, 0.0099326
0.0, 0.86043888, 0.50950652
0.12445815, 0.09485108
-0.00094399, 0.05942897, 0.00586059
0.0, 0.92999053, 0.3675344
0.13286912, 0.09693533
-0.00094399, 0.06103821, 0.00178858
0.0, 0.98461866, 0.17462692
0.14147551, 0.09764588
-0.00094399, 0.05942897, 0.00586059
0.0, 0.92999053, 0.3675344
0.59336686, 0.14252126
-0.00846694, 0.07211614, 0.01170806
0.99908447, -0.03015229, -0.02978607
0.61869866, 0.17298251
-0.00846694, 0.07427684, 0.00359478
0.99978638, 0.01776177, 0.00863674
0.6026423, 0.18438059
0.00659062, 0.07319654, 0.00765142
-0.99996948, 0.00381481, 0.00436415
0.13250013, 0.13746667
-0.00094399, 0.06094749, -0.00179625
0.0, 0.99966431, -0.02526933
0.14818335, 0.09649611
-0.00094399, 0.06085682, -0.00538107
0.0, 0.85464036, -0.51921141
0.15448278, 0.09362435
-0.00094399, 0.06094749, -0.00179625
0.0, 0.99966431, -0.02526933
0.57959795, 0.14806765
0.0065906, 0.07612842, 0.00063795
-0.99960327, -0.0151677, -0.02288888
0.14932308, 0.14300239
0.0065906, 0.07798003, -0.00231887
-0.99636829, 0.01409955, -0.0839259
0.15668301, 0.14704251
-0.00094399, 0.08696408, 0.00944225
0.0, -0.99081391, -0.13516648
0.6343646, 0.21029353
-0.00094399, 0.08751549, 0.00540097
0.0, -0.8375805, -0.54628134
0.62948436, 0.21675289
-0.00846694, 0.10443671, 0.00196322
0.70708334, 0.09161656, -0.70113224
0.62390774, 0.25593841
-0.00846694, 0.09578698, -0.00761398
1.0, 0.0, 0.0
0.5953396, 0.24457991
-0.00093818, 0.10443671, 0.00196322
0.0, 0.12958159, -0.99154639
0.13833591, 0.21186227
-0.00093818, 0.10443671, 0.00196322
0.0, 0.12958159, -0.99154639
0.63681024, 0.2470026
-0.00093818, 0.11377018, 0.00318312
0.0, 0.57942444, -0.81499678
0.64934701, 0.25947529
0.0065906, 0.09578696, -0.00761398
-1.0, 0.0, 0.0
0.17398821, 0.18977416
0.0065906, 0.07206833, -0.00994825
-0.99203467, 0.08636738, -0.09137242
0.1749557, 0.1301291
0.002581, 0.04834972, -0.01228253
-0.55394149, 0.71510971, -0.42628253
0.17460726, 0.07463109
-0.00093818, 0.11603009, 0.00769129
0.0, 0.8939482, -0.4481338
0.12975468, 0.23861498
-0.00093818, 0.11603009, 0.00769129
0.0, 0.8939482, -0.4481338
0.65841931, 0.26365262
0.0065906, 0.10612868, -0.00223323
-1.0, 0.0, 0.0
0.16375236, 0.21574926
-0.00094399, 0.05460326, -0.00883181
0.0, 0.48310801, -0.8755455
0.16179395, 0.08256721
-0.000944, 0.04834972, -0.01228253
0.0, 0.84960479, -0.52739036
0.16914243, 0.06824243
-0.00846694, 0.0750242, -0.00613355
0.98699909, 0.12323374, -0.10299997
0.58100414, 0.1939708
-0.00846694, 0.07206833, -0.00994825
0.99209571, 0.08615375, -0.09112827
0.56844872, 0.1899932
-0.00094399, 0.09130935, 0.00307215
0.0, -0.52311778, -0.85222936
0.62753439, 0.22432578
-0.00093818, 0.0951032, 0.00074334
0.0, -0.20871608, -0.97796565
0.62846315, 0.23167717
-0.00093818, 0.0951032, 0.00074334
0.0, -0.20871608, -0.97796565
0.13775451, 0.19347417
0.0065906, 0.17022055, -0.00601132
-0.61439866, -0.66200751, -0.42921233
0.22547315, 0.36809808
-0.00846696, 0.16580006, -0.003585
0.70708334, -0.34022033, -0.61986142
0.21031377, 0.401169
-0.00094399, 0.04826707, -0.01413907
0.0, 0.99899286, -0.04446547
0.1733842, 0.06456226
0.002581, 0.04826707, -0.01413907
-0.35825679, 0.88961452, -0.28312021
0.17811459, 0.07256466
-0.00093818, 0.04818434, -0.01599564
0.0, 0.99981689, 0.01852474
0.54143041, 0.12620938
-0.00846694, 0.04818434, -0.01599564
0.66606647, 0.66573077, -0.33628345
0.53367198, 0.14037192
-0.00846694, 0.04905255, -0.02660747
0.64448988, 0.76168096, -0.06628621
0.5099957, 0.15133083
-0.00846696, 0.17108877, -0.01662317
0.64448988, -0.74077576, -0.18921477
0.63776016, 0.43109608
-0.00846696, 0.17065465, -0.01131725
0.70708334, -0.70473343, -0.05764946
0.24432363, 0.40510041
0.0065906, 0.17065465, -0.01131725
-0.70708334, -0.70473343, -0.05764946
0.23668286, 0.365605
-0.00253054, 0.09129202, 0.02105025
0.68419445, 0.00061037, -0.72927028
0.0, 1.0
-0.00253054, 0.09129202, 0.02105025
0.68419445, 0.00061037, -0.72927028
0.0, 0.0
0.00105785, 0.11186787, 0.02273367
-0.66579181, 0.09067049, -0.74056214
0.0, 1.0
0.00105785, 0.09129202, 0.02105025
-0.68419445, 0.00061037, -0.72927028
0.0, 1.0
-0.00387354, 0.1184301, 0.01376267
0.57484663, -0.29862362, 0.76180303
0.0, 1.0
0.00240085, 0.1184301, 0.01376267
-0.57484663, -0.29862362, 0.76180303
0.0, 0.0
-0.00253054, 0.11195163, 0.02171012
0.78234202, 0.3409833, 0.52119511
0.0, 1.0
-0.00253054, 0.11186787, 0.02273367
0.66579181, 0.09067049, -0.74056214
0.0, 1.0
0.00314379, 0.08559383, 0.01298362
-0.63332009, -0.04846339, 0.77236241
0.0, 1.0
-0.00461648, 0.08559383, 0.01298362
0.63332009, -0.04846339, 0.77236241
0.0, 0.0
0.00105785, 0.09137575, 0.02002672
-0.77245396, -0.38108462, 0.50798059
0.0, 1.0
0.00475523, 0.12150131, -0.00468499
-0.70708334, 0.70473343, 0.05764946
0.22270906, 0.99974429
-0.00672866, 0.12150131, -0.00468499
0.70708334, 0.70473343, 0.05764946
0.47228131, 0.7448526
-0.00672866, 0.15927656, -0.00159445
0.70708334, -0.70473343, -0.05764946
0.24982801, 0.48622203
0.00475523, 0.156186, 0.03618077
-0.71471298, -0.69859922, -0.03366192
0.11112625, 0.68378001
-0.00672866, 0.12475093, 0.07861387
0.69884336, 0.68614763, -0.20191047
0.2779749, 0.77646485
-0.00540207, 0.07498388, -0.07476164
0.5744499, 0.50001526, 0.64806056
0.30316049, 0.14254957
-0.00413322, -0.01184269, -0.02141318
0.3745842, -0.65623951, -0.65495771
0.77537811, 0.31789333
-0.00814416, -0.01106181, -0.03095765
0.83935058, -0.37382123, -0.39457381
0.78252465, 0.30264205
0.0023028, -0.01184269, -0.02141318
-0.3745842, -0.65623951, -0.65495771
0.67243207, 0.83802815
-0.00362135, -0.00919007, -0.02517249
0.6156804, -0.1159093, -0.77941221
0.65752232, 0.84996884
0.00516389, -0.0086386, -0.03191308
-0.89754939, -0.13812678, -0.41868344
0.44221368, 0.3813799
-0.00699431, -0.0086386, -0.03191308
0.89754939, -0.13812678, -0.41868344
0.47092545, 0.3813799
0.00617681, -0.10773594, -0.02885736
-0.69600511, 0.71782589, 0.01654103
0.48456648, 0.53890222
0.00721844, -0.10688712, -0.0395988
-0.65031892, 0.75276953, -0.1019013
0.48178595, 0.56766436
-0.00091523, -0.10528595, -0.05916979
0.0, 0.56483656, 0.82515943
0.50349766, 0.62008107
0.01058751, -0.10622389, -0.04770537
-0.77636033, 0.6281625, 0.05136265
0.47279269, 0.58937609
0.00721844, -0.10556065, -0.05581196
-0.54896694, 0.58339185, 0.59852898
0.48178595, 0.6110878
-0.01241797, -0.10622389, -0.04770537
0.77636033, 0.6281625, 0.05136265
0.53420264, 0.58937615
0.0065906, 0.16434912, -0.01717457
-0.97878963, 0.07925657, -0.18884854
0.24462709, 0.34592384
0.0065906, 0.13862529, -0.01927914
-0.99993896, 0.00952177, -0.00180059
0.23190187, 0.28874981
0.0065906, 0.04861844, -0.02130156
-0.70708334, 0.70473343, 0.05764946
0.19571461, 0.07688439
0.0065906, 0.04818434, -0.01599564
-0.66591388, 0.66570026, -0.33661917
0.18470767, 0.07804275
-0.00093818, 0.05053465, -0.044723
0.0, 0.56483656, 0.82515943
0.25401327, 0.08013648
-0.00846694, 0.05028036, -0.04161489
0.54896694, 0.58339185, 0.59852898
0.47279269, 0.16839564
-0.01158547, 0.04966645, -0.03411116
0.77636033, 0.6281625, 0.05136265
0.2476548, 0.02566659
-0.00846694, 0.04905255, -0.02660747
0.64448988, 0.76168096, -0.06628621
0.21339066, 0.03111339
-0.00846694, 0.04818434, -0.01599564
0.66606647, 0.66573077, -0.33628345
0.1751778, 0.03445101
-0.00094399, 0.04826707, -0.01413907
0.0, 0.99899286, -0.04446547
0.5449183, 0.12821496
-0.00846696, 0.16580006, -0.003585
0.70708334, -0.34022033, -0.61986142
0.66388768, 0.40791708
-0.00094399, 0.09130935, 0.00307215
0.0, -0.52311778, -0.85222936
0.13522658, 0.18550664
-0.00094399, 0.05460326, -0.00883181
0.0, 0.48310801, -0.8755455
0.56069541, 0.13937587
-0.00094399, 0.08696408, 0.00944225
0.0, -0.99081391, -0.13516648
0.12457196, 0.17466253
-0.00846694, 0.11739531, 0.02290354
0.4001587, 0.35102388, -0.84652239
0.70470846, 0.22612762
0.0065906, 0.11739531, 0.02290354
-0.4001587, 0.35102388, -0.84652239
0.74021286, 0.22612762
-0.00846694, 0.11739531, 0.02290354
0.4001587, 0.35102388, -0.84652239
0.7047084, 0.3294751
-0.00094399, 0.04466311, 0.0259165
0.0, 0.78127384, 0.62413406
0.62254024, 0.10518438
-0.00096126, 0.07437363, 0.03253946
0.0, -0.97103792, 0.23880734
0.07452007, 0.15418851
-0.00096126, 0.07193372, 0.03621424
0.0, -0.10730308, -0.99420148
0.0623014, 0.14716268
-0.00094399, 0.02534483, 0.04863475
0.0, 0.96078372, -0.27726066
0.65502864, 0.0567227
0.0097091, 0.1649631, -0.02467827
-0.89999086, 0.43107393, 0.0643025
0.18934095, 0.67182213
0.0065906, 0.16434912, -0.01717457
-0.97878963, 0.07925657, -0.18884854
0.17009813, 0.67159098
0.0065906, 0.1129015, -0.02138371
-0.99325544, -0.05514695, -0.10168767
0.17156225, 0.54969949
-0.00846696, 0.17022055, -0.00601132
0.61439866, -0.66200751, -0.42921233
0.22563, 0.40402669
-0.00846694, 0.04861844, -0.02130156
0.70708334, 0.70473343, 0.05764946
0.52184463, 0.14587045
# Number of Faces:
1136
# Face Data:
0, 1, 2
3, 4, 1
5, 6, 7
5, 8, 2
6, 9, 10
3, 0, 8
9, 11, 12
1, 13, 14
2, 14, 9
1, 4, 15
11, 16, 17
13, 15, 18
13, 19, 16
14, 16, 11
20, 21, 22
11, 22, 21
18, 21, 20
19, 20, 17
23, 24, 25
26, 27, 28
29, 30, 31
32, 33, 34
35, 28, 34
27, 36, 37
38, 39, 40
41, 42, 39
43, 44, 45
27, 46, 40
47, 48, 49
26, 35, 48
50, 51, 52
32, 53, 49
54, 55, 56
57, 58, 59
60, 61, 62
63, 64, 65
61, 66, 67
66, 68, 69
56, 55, 70
65, 71, 72
59, 58, 73
74, 75, 76
77, 73, 78
79, 70, 80
71, 74, 81
82, 83, 84
68, 85, 86
87, 78, 82
88, 80, 89
90, 84, 83
91, 89, 84
76, 75, 90
86, 85, 92
93, 94, 95
96, 97, 94
96, 98, 99
98, 100, 101
102, 103, 101
102, 104, 105
103, 106, 107
108, 95, 109
110, 109, 105
96, 104, 100
111, 112, 106
95, 113, 114
115, 116, 117
105, 118, 106
107, 115, 99
119, 113, 95
114, 118, 105
97, 120, 119
121, 122, 123
124, 125, 113
112, 123, 107
123, 126, 115
113, 125, 127
126, 128, 116
127, 111, 118
129, 124, 119
130, 131, 132
122, 132, 126
125, 133, 134
126, 132, 135
134, 136, 111
129, 137, 138
136, 121, 112
138, 133, 125
139, 140, 141
133, 139, 142
132, 131, 143
142, 144, 136
145, 146, 138
136, 144, 147
138, 146, 139
147, 130, 122
148, 149, 150
151, 152, 143
142, 141, 153
145, 154, 155
144, 153, 156
155, 140, 139
156, 157, 130
157, 151, 131
158, 159, 160
154, 161, 162
163, 164, 165
155, 162, 166
167, 168, 157
157, 168, 169
140, 166, 170
151, 169, 171
160, 172, 173
162, 174, 175
160, 176, 168
176, 177, 169
175, 178, 170
169, 177, 179
178, 159, 158
161, 180, 174
173, 181, 182
173, 183, 177
184, 185, 178
177, 183, 186
178, 185, 187
188, 189, 174
187, 172, 160
174, 189, 184
190, 150, 163
184, 191, 163
183, 182, 192
185, 163, 193
194, 195, 189
193, 196, 172
195, 191, 184
196, 181, 173
150, 197, 198
182, 199, 200
141, 201, 153
202, 203, 195
201, 204, 153
195, 203, 190
196, 205, 206
206, 199, 182
198, 207, 208
202, 209, 210
198, 211, 205
203, 210, 212
205, 211, 213
213, 214, 199
190, 212, 197
214, 215, 200
208, 216, 217
210, 218, 219
211, 208, 220
220, 221, 214
219, 222, 197
221, 223, 215
197, 222, 207
224, 218, 210
217, 225, 226
217, 227, 221
228, 229, 222
221, 227, 230
222, 229, 231
232, 233, 218
231, 216, 208
218, 233, 228
234, 235, 236
237, 238, 229
226, 235, 230
229, 238, 239
232, 235, 234
239, 236, 216
234, 237, 228
216, 236, 225
205, 240, 148
156, 153, 204
241, 242, 243
170, 165, 201
204, 244, 167
244, 245, 196
245, 240, 205
150, 149, 164
149, 148, 240
196, 163, 170
246, 247, 204
244, 165, 164
248, 247, 249
250, 251, 165
247, 250, 244
165, 251, 246
252, 253, 254
255, 253, 149
240, 256, 255
149, 253, 243
243, 256, 245
241, 248, 257
258, 249, 259
243, 242, 257
256, 257, 248
259, 254, 253
249, 260, 254
246, 260, 249
260, 246, 241
248, 241, 251
261, 262, 263
264, 265, 266
267, 268, 266
267, 269, 263
270, 261, 269
271, 272, 273
264, 266, 274
262, 271, 275
276, 277, 278
279, 274, 280
280, 274, 281
282, 273, 283
283, 284, 285
282, 286, 287
288, 287, 289
272, 289, 283
290, 291, 285
283, 289, 290
287, 286, 285
289, 287, 291
292, 293, 276
294, 282, 292
282, 288, 293
281, 276, 293
263, 275, 295
268, 295, 274
273, 282, 294
295, 275, 273
294, 296, 297
296, 278, 277
298, 296, 299
300, 278, 296
276, 281, 299
299, 301, 302
298, 303, 304
305, 306, 307
306, 303, 308
267, 265, 309
310, 311, 309
305, 267, 312
313, 314, 302
312, 309, 313
309, 311, 314
312, 304, 303
295, 297, 301
313, 301, 297
315, 308, 303
316, 317, 318
317, 319, 320
321, 322, 323
324, 323, 325
325, 326, 327
326, 328, 329
316, 330, 331
330, 316, 332
329, 328, 330
333, 327, 334
334, 335, 336
337, 332, 338
324, 339, 340
329, 341, 334
324, 333, 342
332, 318, 343
329, 337, 344
318, 320, 345
346, 347, 336
342, 336, 348
338, 349, 350
340, 339, 348
344, 350, 346
343, 345, 347
334, 341, 346
343, 351, 349
331, 352, 353
323, 322, 354
328, 326, 355
323, 356, 357
316, 358, 359
360, 361, 352
317, 359, 362
326, 325, 357
363, 364, 365
354, 366, 367
360, 368, 369
359, 370, 371
372, 373, 374
358, 353, 370
375, 357, 376
356, 367, 376
377, 378, 379
371, 370, 377
380, 381, 382
353, 378, 377
376, 383, 384
367, 385, 383
353, 352, 386
367, 366, 387
330, 328, 388
388, 355, 389
331, 330, 388
390, 391, 392
375, 389, 355
355, 388, 328
386, 352, 381
393, 384, 380
368, 375, 393
380, 394, 395
396, 397, 395
398, 381, 397
380, 364, 396
399, 363, 400
401, 397, 402
399, 403, 402
363, 399, 404
396, 404, 402
405, 377, 406
407, 408, 409
379, 410, 411
412, 413, 414
415, 409, 416
384, 417, 365
383, 418, 417
403, 399, 407
401, 419, 413
386, 398, 413
385, 420, 418
403, 415, 419
378, 386, 412
387, 421, 420
422, 423, 424
411, 423, 422
424, 425, 426
425, 427, 428
417, 418, 429
365, 430, 431
417, 432, 430
418, 420, 433
413, 419, 416
412, 434, 410
421, 435, 433
407, 400, 431
436, 406, 411
437, 438, 439
440, 441, 442
443, 444, 445
443, 445, 446
447, 448, 449
450, 451, 452
453, 438, 437
449, 454, 455
456, 457, 458
459, 460, 461
442, 462, 463
464, 465, 466
467, 468, 469
470, 459, 471
472, 473, 474
475, 476, 477
478, 479, 480
481, 482, 483
484, 463, 485
486, 487, 488
489, 490, 491
492, 493, 486
488, 487, 494
460, 495, 496
497, 498, 499
500, 501, 491
502, 503, 504
505, 506, 507
508, 509, 510
511, 512, 513
514, 515, 516
517, 518, 519
520, 521, 522
523, 524, 525
526, 527, 528
529, 530, 531
532, 533, 534
535, 536, 537
538, 539, 540
541, 542, 543
544, 545, 546
487, 547, 544
460, 501, 548
495, 460, 549
550, 551, 552
550, 553, 554
555, 556, 557
550, 558, 551
559, 560, 561
562, 563, 564
565, 566, 567
568, 569, 570
571, 572, 573
574, 575, 576
577, 578, 579
580, 581, 582
583, 584, 585
586, 587, 588
589, 590, 591
592, 593, 594
595, 596, 597
598, 599, 600
601, 602, 603
604, 597, 596
605, 447, 606
607, 441, 605
447, 605, 440
608, 609, 610
611, 612, 613
614, 615, 599
616, 614, 598
590, 604, 617
604, 618, 603
590, 588, 618
587, 601, 618
584, 619, 600
593, 620, 619
573, 598, 619
595, 603, 602
585, 600, 621
599, 615, 621
586, 622, 623
560, 624, 622
575, 592, 625
572, 626, 616
627, 626, 572
578, 589, 628
629, 588, 590
561, 629, 589
560, 586, 629
630, 631, 602
623, 630, 601
593, 584, 583
574, 580, 632
563, 540, 580
540, 539, 581
633, 627, 582
634, 633, 581
567, 566, 577
635, 624, 560
636, 635, 559
563, 574, 637
592, 571, 620
575, 632, 571
632, 582, 572
565, 638, 570
534, 537, 638
536, 568, 638
639, 634, 539
640, 639, 538
641, 534, 565
642, 636, 569
643, 642, 568
644, 531, 562
645, 561, 578
570, 645, 577
569, 559, 645
646, 647, 648
649, 646, 650
487, 544, 651
562, 652, 540
531, 653, 652
519, 538, 652
654, 537, 534
522, 654, 533
521, 535, 654
518, 655, 640
525, 656, 655
507, 506, 533
657, 643, 536
658, 657, 535
527, 530, 529
520, 659, 658
509, 660, 659
515, 526, 661
526, 523, 662
515, 663, 523
663, 513, 524
664, 522, 506
510, 664, 505
509, 520, 664
530, 517, 653
527, 662, 517
662, 525, 518
508, 665, 660
499, 666, 665
482, 514, 667
514, 511, 663
482, 480, 511
480, 479, 512
668, 510, 476
669, 668, 475
499, 508, 668
670, 656, 525
671, 670, 524
477, 476, 505
478, 502, 672
673, 472, 502
472, 474, 503
674, 491, 490
479, 672, 675
504, 676, 675
489, 497, 669
677, 678, 497
678, 679, 498
680, 649, 549
500, 680, 548
504, 488, 681
474, 492, 503
682, 491, 501
462, 682, 485
677, 489, 682
460, 484, 501
683, 666, 499
679, 684, 683
469, 468, 481
685, 480, 482
686, 685, 481
673, 478, 685
687, 671, 513
688, 687, 512
689, 490, 475
690, 470, 691
692, 684, 679
457, 692, 693
694, 695, 467
464, 473, 695
696, 439, 464
439, 697, 465
698, 699, 690
8, 0, 2
0, 3, 1
3, 5, 7
6, 5, 2
7, 6, 10
5, 3, 8
10, 9, 12
2, 1, 14
6, 2, 9
13, 1, 15
22, 11, 17
19, 13, 18
14, 13, 16
9, 14, 11
17, 20, 22
12, 11, 21
19, 18, 20
16, 19, 17
700, 23, 25
701, 26, 28
702, 29, 31
41, 32, 34
703, 35, 34
41, 27, 37
704, 38, 40
705, 41, 39
706, 43, 45
707, 27, 40
708, 47, 49
709, 26, 48
710, 50, 52
703, 32, 49
711, 54, 56
712, 57, 59
713, 60, 62
714, 63, 65
62, 61, 67
67, 66, 69
79, 56, 70
714, 65, 72
77, 59, 73
81, 74, 76
87, 77, 78
88, 79, 80
72, 71, 81
715, 82, 84
69, 68, 86
715, 87, 82
91, 88, 89
92, 90, 83
90, 91, 84
92, 76, 90
83, 86, 92
108, 93, 95
93, 96, 94
117, 96, 99
99, 98, 101
100, 102, 101
103, 102, 105
101, 103, 107
110, 108, 109
104, 110, 105
96, 93, 108
100, 98, 96
104, 102, 100
108, 110, 104
104, 96, 108
118, 111, 106
109, 95, 114
99, 115, 117
103, 105, 106
101, 107, 99
94, 119, 95
109, 114, 105
94, 97, 119
112, 121, 123
119, 124, 113
106, 112, 107
107, 123, 115
114, 113, 127
115, 126, 116
114, 127, 118
120, 129, 119
122, 130, 132
123, 122, 126
127, 125, 134
128, 126, 135
127, 134, 111
124, 129, 138
111, 136, 112
124, 138, 125
142, 139, 141
134, 133, 142
135, 132, 143
134, 142, 136
137, 145, 138
121, 136, 147
133, 138, 139
121, 147, 122
131, 151, 143
144, 142, 153
146, 145, 155
147, 144, 156
146, 155, 139
147, 156, 130
130, 157, 131
167, 158, 160
155, 154, 162
170, 163, 165
140, 155, 166
156, 167, 157
151, 157, 169
141, 140, 170
152, 151, 171
176, 160, 173
166, 162, 175
167, 160, 168
168, 176, 169
166, 175, 170
171, 169, 179
170, 178, 158
162, 161, 174
183, 173, 182
176, 173, 177
175, 184, 178
179, 177, 186
159, 178, 187
180, 188, 174
159, 187, 160
175, 174, 184
191, 190, 163
185, 184, 163
186, 183, 192
187, 185, 193
188, 194, 189
187, 193, 172
189, 195, 184
172, 196, 173
148, 150, 198
192, 182, 200
194, 202, 195
191, 195, 190
181, 196, 206
181, 206, 182
211, 198, 208
203, 202, 210
148, 198, 205
190, 203, 212
206, 205, 213
206, 213, 199
150, 190, 197
199, 214, 200
220, 208, 217
212, 210, 219
213, 211, 220
213, 220, 214
212, 219, 197
214, 221, 215
198, 197, 207
209, 224, 210
227, 217, 226
220, 217, 221
219, 228, 222
223, 221, 230
207, 222, 231
224, 232, 218
207, 231, 208
219, 218, 228
238, 237, 234
234, 239, 238
226, 225, 236
236, 235, 226
236, 239, 234
228, 237, 229
227, 226, 230
231, 229, 239
233, 232, 234
231, 239, 216
233, 234, 228
217, 216, 225
252, 241, 243
141, 170, 201
156, 204, 167
167, 244, 196
196, 245, 205
163, 150, 164
167, 196, 170
201, 246, 204
245, 244, 164
258, 248, 249
244, 250, 165
204, 247, 244
201, 165, 246
260, 252, 254
240, 255, 149
256, 240, 245
256, 258, 255
243, 164, 149
253, 252, 243
164, 243, 245
242, 241, 257
255, 258, 259
256, 243, 257
258, 256, 248
255, 259, 253
259, 249, 254
247, 246, 249
252, 260, 241
250, 248, 251
269, 261, 263
265, 264, 716
716, 310, 265
265, 267, 266
269, 267, 305
267, 263, 268
305, 270, 269
275, 271, 273
279, 264, 274
263, 262, 275
300, 276, 278
288, 280, 281
286, 282, 283
286, 283, 285
288, 282, 287
272, 288, 289
273, 272, 283
284, 290, 285
284, 283, 290
291, 287, 285
290, 289, 291
300, 292, 276
300, 294, 292
292, 282, 293
288, 281, 293
268, 263, 295
266, 268, 274
295, 273, 294
296, 298, 297
297, 295, 294
299, 296, 277
315, 298, 299
294, 300, 296
277, 276, 299
301, 299, 281
281, 274, 301
297, 298, 304
270, 305, 307
307, 306, 308
312, 267, 309
265, 310, 309
306, 305, 312
301, 313, 302
304, 312, 313
313, 309, 314
306, 312, 303
274, 295, 301
304, 313, 297
298, 315, 303
332, 316, 318
318, 317, 320
324, 321, 323
333, 324, 325
333, 325, 327
327, 326, 329
358, 316, 331
337, 330, 332
337, 329, 330
342, 333, 334
342, 334, 336
344, 337, 338
321, 324, 340
327, 329, 334
339, 324, 342
338, 332, 343
341, 329, 344
343, 318, 345
346, 350, 349
336, 335, 346
347, 348, 336
349, 351, 347
347, 346, 349
339, 342, 348
344, 338, 350
347, 340, 348
341, 344, 346
351, 343, 347
335, 334, 346
338, 343, 349
358, 331, 353
356, 323, 354
325, 323, 357
317, 316, 359
331, 360, 352
319, 317, 362
375, 326, 357
400, 363, 365
356, 354, 367
361, 360, 369
362, 359, 371
717, 718, 372
372, 374, 717
359, 358, 370
393, 375, 376
357, 356, 376
406, 377, 379
405, 371, 377
719, 380, 382
370, 353, 377
393, 376, 384
376, 367, 383
378, 353, 386
385, 367, 387
720, 388, 389
720, 331, 388
391, 721, 392
392, 722, 390
326, 375, 355
381, 398, 386
352, 382, 381
380, 719, 393
384, 364, 380
369, 368, 393
381, 380, 395
394, 396, 395
397, 401, 398
381, 395, 397
396, 394, 380
364, 363, 396
407, 399, 400
403, 401, 402
404, 399, 402
396, 363, 404
397, 396, 402
436, 405, 406
415, 407, 409
406, 379, 411
434, 412, 414
419, 415, 416
364, 384, 365
384, 383, 417
415, 403, 407
398, 401, 413
412, 386, 413
383, 385, 418
401, 403, 419
379, 378, 412
385, 387, 420
723, 724, 422
422, 424, 723
724, 725, 411
724, 726, 727
411, 422, 724
411, 728, 423
724, 727, 725
723, 424, 426
426, 425, 428
432, 417, 429
400, 365, 431
365, 417, 430
429, 418, 433
414, 413, 416
379, 412, 410
420, 421, 433
408, 407, 431
725, 436, 411
439, 696, 437
438, 697, 439
729, 690, 699
699, 452, 444
690, 729, 730
731, 441, 458
699, 444, 729
732, 441, 731
442, 730, 440
730, 442, 690
442, 441, 732
444, 443, 729
444, 452, 445
448, 443, 446
447, 733, 606
448, 446, 449
449, 733, 447
452, 699, 698
446, 445, 452
452, 449, 446
452, 451, 454
452, 698, 450
454, 449, 452
734, 453, 437
733, 449, 455
455, 735, 736
606, 733, 455
458, 607, 606
457, 731, 458
731, 457, 732
458, 736, 456
456, 737, 457
736, 458, 606
606, 455, 736
471, 459, 461
484, 459, 470
484, 690, 442
678, 732, 693
693, 679, 678
690, 484, 470
442, 678, 677
442, 463, 484
442, 677, 462
678, 442, 732
473, 464, 466
738, 467, 469
691, 470, 471
686, 467, 695
473, 472, 673
686, 468, 467
739, 493, 492
473, 686, 695
473, 492, 474
473, 673, 686
492, 473, 466
466, 739, 492
740, 475, 477
685, 478, 480
741, 481, 483
504, 486, 488
682, 489, 491
504, 503, 492
492, 486, 504
681, 488, 494
461, 460, 496
669, 497, 499
674, 500, 491
672, 502, 504
742, 505, 507
668, 508, 510
663, 511, 513
667, 514, 516
653, 517, 519
664, 520, 522
662, 523, 525
661, 526, 528
644, 529, 531
641, 532, 534
654, 535, 537
652, 538, 540
543, 743, 541
542, 744, 543
651, 544, 546
547, 487, 486
547, 545, 544
549, 460, 548
650, 648, 495
495, 549, 650
553, 550, 552
558, 550, 554
558, 745, 551
645, 559, 561
746, 562, 564
747, 565, 567
638, 568, 570
620, 571, 573
637, 574, 576
748, 577, 579
632, 580, 582
749, 583, 585
629, 586, 588
628, 589, 591
625, 592, 594
603, 595, 597
619, 598, 600
618, 601, 603
617, 604, 596
607, 605, 606
441, 607, 458
441, 440, 605
750, 611, 751
611, 613, 752
611, 750, 612
598, 614, 599
573, 616, 598
591, 590, 617
597, 604, 603
604, 590, 618
588, 587, 618
585, 584, 600
584, 593, 619
620, 573, 619
631, 595, 602
749, 585, 621
600, 599, 621
587, 586, 623
586, 560, 622
576, 575, 625
573, 572, 616
582, 627, 572
579, 578, 628
589, 629, 590
578, 561, 589
561, 560, 629
601, 630, 602
587, 623, 601
594, 593, 583
575, 574, 632
574, 563, 580
580, 540, 581
581, 633, 582
539, 634, 581
748, 567, 577
559, 635, 560
569, 636, 559
564, 563, 637
593, 592, 620
592, 575, 571
571, 632, 572
566, 565, 570
565, 534, 638
537, 536, 638
538, 639, 539
519, 640, 538
747, 641, 565
568, 642, 569
536, 643, 568
746, 644, 562
577, 645, 578
566, 570, 577
570, 569, 645
650, 646, 648
549, 649, 650
494, 487, 651
563, 562, 540
562, 531, 652
653, 519, 652
533, 654, 534
506, 522, 533
522, 521, 654
519, 518, 640
518, 525, 655
532, 507, 533
535, 657, 536
521, 658, 535
528, 527, 529
521, 520, 658
520, 509, 659
516, 515, 661
527, 526, 662
526, 515, 523
523, 663, 524
505, 664, 506
476, 510, 505
510, 509, 664
531, 530, 653
530, 527, 517
517, 662, 518
509, 508, 660
508, 499, 665
483, 482, 667
515, 514, 663
514, 482, 511
511, 480, 512
475, 668, 476
490, 669, 475
669, 499, 668
524, 670, 525
513, 671, 524
742, 477, 505
479, 478, 672
478, 673, 502
502, 472, 503
689, 674, 490
688, 479, 675
672, 504, 675
490, 489, 669
489, 677, 497
497, 678, 498
548, 680, 549
501, 500, 548
676, 504, 681
485, 682, 501
463, 462, 485
462, 677, 682
484, 460, 459
484, 485, 501
498, 683, 499
498, 679, 683
741, 469, 481
481, 685, 482
468, 686, 481
686, 673, 685
512, 687, 513
479, 688, 512
740, 689, 475
753, 690, 691
693, 692, 679
732, 457, 693
738, 694, 467
754, 464, 695
754, 696, 464
464, 439, 465
753, 698, 690
