# Project Zomboid Skinned Mesh
# File Version:
1.0
# Model Name:
Cube
# Vertex Stride Element Count:
3
# Vertex Stride Size (in bytes):
76
# Vertex Stride Data:
# (Int)    Offset
# (String) Type
0
VertexArray
12
NormalArray
24
TextureCoordArray
# Vertex Count:
258
# Vertex Buffer:
-0.00508905, 0.30378169, 0.0079429
-0.24835964, 0.67607653, 0.69368571
0.68634111, 0.47640336
-0.01376606, 0.13381052, 0.01784413
-0.72023684, -0.61040074, 0.32959992
0.66297036, 0.87890718
-0.00508902, 0.13381052, 0.02612382
-0.52632219, -0.09814753, 0.84456921
0.68634057, 0.87996365
-0.01376608, 0.28212535, -0.04969479
-0.57338178, -0.0249031, -0.81887263
0.81510246, 0.17809427
0.01226502, 0.30378169, -0.02657367
0.63295388, 0.71996218, -0.28452405
0.87528074, 0.11655837
0.01226503, 0.28212535, -0.04969479
0.57338178, -0.0249031, -0.81887263
0.81510234, 0.11655456
-0.01376606, 0.13381052, 0.01784413
-0.72023684, -0.61040074, 0.32959992
0.51463169, 0.40183765
-0.01376608, 0.30378169, 0.00109235
-0.70256662, 0.63603628, 0.31904051
0.46950459, 1.21e-05
-0.01376607, 0.26256308, -0.02358687
-0.89049959, -0.18829921, -0.41410565
0.40302444, 0.09745622
-0.00417103, 0.28364632, -0.01221216
-0.54869229, -0.63414413, -0.5447554
0.74041867, 0.49674731
0.00267802, 0.28364626, -0.01221216
0.54908901, -0.6339305, -0.54460281
0.75733125, 0.49027663
0.00267803, 0.28364632, -0.00539876
0.54750204, -0.6317026, 0.54878384
0.75000519, 0.47552878
0.01226505, 0.13378814, 0.0079429
0.90432447, -0.30152288, 0.30204168
0.73309255, 0.21131676
-0.01376605, 0.08836275, 0.0079429
-0.72365487, 0.04968413, 0.68831444
0.66297024, 0.31854904
0.01226506, 0.08836275, 0.0079429
0.72365487, 0.04968413, 0.68831444
0.73309249, 0.31854969
0.01226505, 0.13381052, 0.01784413
0.71990114, -0.61079746, 0.32959992
0.97215039, 0.73314539
-0.00508902, 0.13381052, 0.02612382
-0.52632219, -0.09814753, 0.84456921
0.94987297, 0.77417186
0.01226505, 0.13378814, 0.0079429
0.90432447, -0.30152288, 0.30204168
0.99878782, 0.73314539
-0.005089, 0.0653554, -0.02657367
-0.14218573, 0.43644521, -0.88839382
0.77984017, 1.0
-0.01376607, 0.26256308, -0.02358687
-0.89049959, -0.18829921, -0.41410565
0.80321491, 0.53378257
-0.00508904, 0.26256308, -0.02657367
-0.14093448, -0.44901884, -0.88232064
0.77984023, 0.53399414
-0.00508904, 0.26256308, -0.02657367
-0.14093448, -0.44901884, -0.88232064
0.84996307, 0.53742623
-0.01376608, 0.28212535, -0.04969479
-0.57338178, -0.0249031, -0.81887263
0.87333715, 0.48058581
0.01226503, 0.28212535, -0.04969479
0.57338178, -0.0249031, -0.81887263
0.80321491, 0.48058587
-0.005089, 0.01309262, -0.01557144
-0.33317056, -0.45445111, -0.82607502
0.75646663, 0.23332691
-0.01376604, 0.04435514, -0.05014382
-0.57600635, 0.00238044, -0.81740773
0.73309249, 0.31854969
0.01226508, 0.04435514, -0.05014382
0.57600635, 0.00238044, -0.81740773
0.80321479, 0.31854963
-0.01376604, 0.04435514, -0.05014382
-0.57600635, 0.00238044, -0.81740773
0.73309249, 0.14977109
-0.005089, 0.0653554, -0.02657367
-0.14218573, 0.43644521, -0.88839382
0.67368799, 0.17028975
0.00358804, 0.0653554, -0.02657367
0.14218573, 0.43644521, -0.88839382
0.67368799, 0.19080299
-0.01043477, 0.08064705, 0.07291551
-0.57856989, 0.56990266, 0.58345288
0.81510317, 0.33259571
0.00929752, 0.08141008, 0.04042922
0.72875148, 0.68004394, 0.08001953
0.86825693, 0.25585568
-0.01043477, 0.08141008, 0.04042922
-0.72875148, 0.68004394, 0.08001953
0.81510234, 0.25585592
-0.00075012, 0.28364626, -0.01373843
-0.00030519, -0.6259346, -0.77986997
0.9590885, 0.7946851
0.00267798, 0.37048709, -0.01221213
0.54908901, 0.6339305, -0.54460281
0.96832287, 1.0
0.00267802, 0.28364626, -0.01221216
0.54908901, -0.6339305, -0.54460281
0.96832293, 0.79479325
-0.00417103, 0.28364632, -0.01221216
-0.54869229, -0.63414413, -0.5447554
0.94987303, 0.79479325
-0.00075016, 0.37048709, -0.01373841
-0.00030519, 0.62590408, -0.77986997
0.95908844, 0.99989185
-0.00417103, 0.28364632, -0.00539876
-0.54710531, -0.63191628, 0.54893643
0.97662592, 0.27022451
-0.0056452, 0.37048709, -0.00884336
-0.77843565, 0.62767416, -0.00314341
0.98589945, 0.47552878
-0.00564516, 0.28364632, -0.0088434
-0.77843565, -0.62767416, -0.00314341
0.98589945, 0.27023017
-0.00417107, 0.37048709, -0.01221213
-0.54866177, 0.63414413, -0.5447554
0.74041724, 0.51257819
-0.00417107, 0.37048709, -0.00539874
-0.54710531, 0.63191628, 0.54893643
0.73309261, 0.52730477
0.00267798, 0.37048709, -0.01221213
0.54908901, 0.6339305, -0.54460281
0.75732636, 0.51905587
-0.00075012, 0.28364632, -0.00394835
-0.00027467, -0.62895596, 0.77742851
0.97753745, 1.0
-0.00417107, 0.37048709, -0.00539874
-0.54710531, 0.63191628, 0.54893643
0.96832299, 0.79481538
-0.00417103, 0.28364632, -0.00539876
-0.54710531, -0.63191628, 0.54893643
0.96832293, 0.99981484
0.00267803, 0.28364632, -0.00539876
0.54750204, -0.6317026, 0.54878384
0.99172807, 0.48209625
0.00414488, 0.37048709, -0.00884336
0.77822196, 0.62794888, -0.00314341
0.98245281, 0.68740255
0.00267799, 0.37048709, -0.00539874
0.54750204, 0.6317026, 0.54878384
0.99172807, 0.68739459
0.00267802, 0.28364626, -0.01221216
0.54908901, -0.6339305, -0.54460281
0.97337419, 0.4820962
0.00414492, 0.28364626, -0.0088434
0.77819145, -0.6279794, -0.00314341
0.98245275, 0.48210406
0.00267799, 0.37048709, -0.00539874
0.54750204, 0.6317026, 0.54878384
0.98677289, 0.79481551
-0.00075016, 0.37048709, -0.00394833
-0.00027467, 0.62895596, 0.77742851
0.97753751, 0.79500052
-0.00417107, 0.37048709, -0.01221213
-0.54866177, 0.63414413, -0.5447554
0.99497974, 0.47552311
-0.00417103, 0.28364632, -0.01221216
-0.54869229, -0.63414413, -0.5447554
0.99497974, 0.27022457
-0.00508905, 0.30378169, 0.0079429
-0.24835964, 0.67607653, 0.69368571
0.77984071, 0.13340294
0.01226503, 0.30378169, 0.00109235
0.70256662, 0.63603628, 0.31904051
0.73309249, 0.14955878
-0.01376608, 0.30378169, 0.00109235
-0.70256662, 0.63603628, 0.31904051
0.80321479, 0.14955914
0.00358804, 0.01309262, -0.01557144
0.33295694, -0.45393232, -0.82644123
0.09310789, 0.31274188
0.00929349, -0.1043082, -0.00772775
0.93807793, -0.01077303, -0.34617144
0.11425193, 0.03522801
0.00272127, -0.1043082, -0.01557149
0.4221015, -0.00152593, -0.9065218
0.09310543, 0.03519261
0.01226508, -0.02168918, 0.01338778
0.72179329, -0.01568651, 0.69191563
0.17114042, 0.23056161
0.01226508, 0.01309262, -0.00772772
0.94909513, -0.12729271, -0.28809473
0.11425984, 0.31278861
-0.01043475, -0.01499291, 0.05764724
-0.73177284, -0.06839198, 0.67809075
0.92649347, 0.77617718
0.00929752, 0.04121051, 0.07291551
0.678518, -0.09714042, 0.72811061
0.8733443, 0.90690359
-0.01043476, 0.0412105, 0.07291551
-0.678518, -0.09714042, 0.72811061
0.92649883, 0.90690462
-0.01042316, -0.1191946, -0.00772778
-0.72383803, -0.63771474, -0.26331371
0.44573602, 0.99997487
-0.0104347, -0.1191946, 0.06178467
-0.68578142, -0.60975981, 0.39728996
0.63298762, 0.99997469
-0.0104347, -0.1043082, 0.01338774
-0.96856594, -0.01010163, 0.24851222
0.50261658, 0.96478214
0.01226508, -0.02168918, 0.01338778
0.72179329, -0.01568651, 0.69191563
0.87333888, 0.80496652
0.00929752, 0.0508524, 0.01338778
0.39582506, -0.26438186, 0.87942135
0.86534321, 0.63372219
-0.01043476, 0.0508524, 0.01338778
-0.39582506, -0.26438186, 0.87942135
0.81218868, 0.63372219
0.01226506, 0.08836275, 0.0079429
0.72365487, 0.04968413, 0.68831444
0.87333882, 0.54447907
0.01226507, 0.0508524, 0.01338778
0.69124424, 0.05203406, 0.72072512
0.87333715, 0.63372219
0.00929348, -0.1043082, 0.01338774
0.96859646, -0.00903348, 0.24842067
0.17113253, 0.03522789
0.00929349, -0.1191946, -0.00772778
0.72392958, -0.63765371, -0.26319164
0.11425185, 3.541e-05
0.00272015, -0.1043082, 0.06555584
0.24997711, 0.03375347, 0.96765035
0.89106381, 0.56432632
0.00929753, -0.0149929, 0.05764724
0.7142247, -0.07721183, 0.69560838
0.87333894, 0.77617617
-0.01376604, 0.0508524, 0.01338778
-0.69124424, 0.05203406, 0.72072512
0.80321491, 0.63372216
-0.01043477, 0.08836275, 0.0079429
-0.42643514, 0.61790824, 0.66054261
0.81219035, 0.54447901
-0.01376605, 0.08836275, 0.0079429
-0.72365487, 0.04968413, 0.68831444
0.80321658, 0.54447901
-0.00508902, 0.08303171, 0.02742523
-0.57704395, -0.56422621, 0.5904721
0.6863423, 1.0
0.00358801, 0.13381052, 0.02612382
0.52653587, -0.09820856, 0.84441662
0.70971465, 0.87996344
0.00929757, -0.1191946, 0.06178467
0.68581194, -0.60975981, 0.39728996
0.92347139, 0.4666239
0.00272015, -0.1191946, 0.06555584
0.19479965, -0.65349287, 0.73140657
0.94118959, 0.47552878
-0.0104347, -0.1191946, 0.06178467
-0.68578142, -0.60975981, 0.39728996
0.97662592, 0.4666239
-0.00385728, -0.1043082, 0.06555584
-0.24997711, 0.03375347, 0.96765035
0.90878201, 0.56432664
-0.0104347, -0.1191946, 0.06178467
-0.68578142, -0.60975981, 0.39728996
0.92649889, 0.52966687
-0.00385728, -0.1191946, 0.06555584
-0.19479965, -0.65349287, 0.73140657
0.90878248, 0.52918527
0.00272127, -0.1191946, -0.01557149
0.33075961, -0.62312692, -0.70870084
0.09310542, 0.0
0.01226505, 0.13381052, 0.01784413
0.71990114, -0.61079746, 0.32959992
0.73309261, 0.87890669
0.00358799, 0.30378169, 0.0079429
0.24835964, 0.67607653, 0.69368571
0.70971519, 0.47640312
0.00358804, 0.0653554, -0.02657367
0.14218573, 0.43644521, -0.88839382
0.75646609, 0.99999996
0.01226504, 0.26256308, -0.02358687
0.89049959, -0.18829921, -0.41410565
0.73309261, 0.53378242
0.01226507, 0.06535541, -0.02358687
0.88848537, 0.18527786, -0.4197821
0.73309261, 0.99978825
0.003588, 0.26256308, -0.02657367
0.14093448, -0.44901884, -0.88232064
0.75646615, 0.53399423
-0.00385094, -0.1043082, -0.01557149
-0.4217658, -0.00219733, -0.90667439
0.42458165, 0.96480734
-0.01042316, -0.1043082, -0.00772775
-0.9378643, -0.01251259, -0.34672078
0.44573596, 0.96478222
0.00272127, -0.1043082, -0.01557149
0.4221015, -0.00152593, -0.9065218
0.94753736, 0.72257942
-0.00385094, -0.1191946, -0.01557149
-0.33075961, -0.62312692, -0.70870084
0.92983311, 0.68740255
-0.00385094, -0.1043082, -0.01557149
-0.4217658, -0.00219733, -0.90667439
0.92983323, 0.72257942
-0.005089, 0.01309262, -0.01557144
-0.33317056, -0.45445111, -0.82607502
0.42458546, 0.68725762
-0.01376603, 0.01309261, -0.00772772
-0.94891202, -0.12814721, -0.28830835
0.44574776, 0.68722451
0.00358804, 0.01309262, -0.01557144
0.33295694, -0.45393232, -0.82644123
0.94987297, 1.0
-0.005089, 0.01309262, -0.01557144
-0.33317056, -0.45445111, -0.82607502
0.92649889, 1.0
0.00929757, -0.1191946, 0.06178467
0.68581194, -0.60975981, 0.39728996
0.87334436, 0.5296658
0.00929757, -0.1043082, 0.06178468
0.8620258, 0.01178014, 0.50666827
0.87334383, 0.56480718
0.00272015, -0.1191946, 0.06555584
0.19479965, -0.65349287, 0.73140657
0.89106429, 0.52918494
0.00929752, 0.04201039, 0.06897289
0.92645037, -0.21509445, -0.30881679
0.92347145, 0.28396302
-0.01043476, 0.04421249, 0.04118035
-0.69002348, -0.71486557, -0.11301004
0.97662592, 0.21808386
0.00929752, 0.0442125, 0.04118035
0.69002348, -0.71486557, -0.11301004
0.92347139, 0.21808386
-0.01043477, 0.08836275, 0.0079429
-0.42643514, 0.61790824, 0.66054261
0.81510323, 0.17809832
0.00929751, 0.08836275, 0.0079429
0.42643514, 0.61790824, 0.66054261
0.86825776, 0.17809808
-0.01043475, -0.01499291, 0.05764724
-0.73177284, -0.06839198, 0.67809075
0.62184131, 0.7536335
-0.01043476, 0.0412105, 0.07291551
-0.678518, -0.09714042, 0.72811061
0.66297024, 0.62076408
-0.01043476, 0.04201039, 0.06897289
-0.92645037, -0.2151555, -0.30881679
0.65234971, 0.61887309
0.00929752, 0.04201039, 0.06897289
0.92645037, -0.21509445, -0.30881679
0.32086703, 0.381136
0.00929751, 0.08064692, 0.07291551
0.57856989, 0.56990266, 0.58345288
0.33148766, 0.47247571
0.00929752, 0.04121051, 0.07291551
0.678518, -0.09714042, 0.72811061
0.33148763, 0.37924498
-0.00913366, -0.00609806, 0.01338992
-0.3859981, 0.66936249, 0.63475448
0.76080722, 0.35003048
-0.008879, -0.0703051, 0.03031787
-0.54811245, 0.83468121, 0.05331584
0.86825776, 0.47552878
-0.00913367, -0.01430784, 0.05311479
-0.26227608, 0.56105226, -0.78508866
0.86825776, 0.33259571
0.00826761, -0.00608768, 0.01339206
0.38758507, 0.66856897, 0.63463241
0.76080722, 0.31854969
0.00826761, -0.01429746, 0.05311695
0.26227608, 0.55989259, -0.78594315
0.66297024, 0.36125797
0.00775787, -0.07029446, 0.03032
0.55265969, 0.83172095, 0.05261391
0.76080722, 0.47552878
-0.01068938, -0.00610857, 0.01338778
-0.16452529, 0.25083163, 0.95391703
0.80862653, 0.33258545
-0.008879, -0.0703051, 0.03031787
-0.54811245, 0.83468121, 0.05331584
0.80443567, 0.17886484
-0.00913366, -0.00609806, 0.01338992
-0.3859981, 0.66936249, 0.63475448
0.80443567, 0.33259571
0.00929751, 0.08064692, 0.07291551
0.57856989, 0.56990266, 0.58345288
0.87334293, 0.99999863
-0.00508902, 0.08298403, 0.02502166
-0.57765436, -0.59016693, -0.56392103
0.7573263, 0.51251465
0.00358801, 0.08303171, 0.02742523
0.57704395, -0.56422621, 0.5904721
0.76378715, 0.53302792
-0.00508902, 0.08303171, 0.02742523
-0.57704395, -0.56422621, 0.5904721
0.76378715, 0.51251468
0.00358801, 0.08298403, 0.02502166
0.57765436, -0.59016693, -0.56392103
0.97662592, 0.27022439
-0.00508902, 0.13376284, 0.02372025
-0.57704395, 0.56422621, -0.5904721
1.0, 0.1503253
0.00358801, 0.13376284, 0.02372025
0.57704395, 0.56422621, -0.5904721
0.97662592, 0.15032524
0.00358801, 0.08298403, 0.02502166
0.57765436, -0.59016693, -0.56392103
0.99324876, 0.9999671
0.00358801, 0.13381052, 0.02612382
0.52653587, -0.09820856, 0.84441662
0.98677289, 0.87991551
0.00358801, 0.08303171, 0.02742523
0.57704395, -0.56422621, 0.5904721
0.98677289, 1.0
0.00358801, 0.13376284, 0.02372025
0.57704395, 0.56422621, -0.5904721
0.76378131, 0.49604201
-0.00508902, 0.13381052, 0.02612382
-0.52632219, -0.09814753, 0.84456921
0.75733119, 0.47552884
0.00358801, 0.13381052, 0.02612382
0.52653587, -0.09820856, 0.84441662
0.75733119, 0.49604207
-0.00508902, 0.13381052, 0.02612382
-0.52632219, -0.09814753, 0.84456921
0.80862647, 0.3325628
-0.00508902, 0.08298403, 0.02502166
-0.57765436, -0.59016693, -0.56392103
0.81510234, 0.21251106
-0.00508902, 0.08303171, 0.02742523
-0.57704395, -0.56422621, 0.5904721
0.80862647, 0.21247816
0.00929752, 0.0508524, 0.01338778
0.39582506, -0.26438186, 0.87942135
0.92347139, 0.15169549
0.0098073, -0.00610857, 0.01338778
0.16711935, 0.25009918, 0.95367289
0.99587601, 0.5336684
0.00775787, -0.07029446, 0.03032
0.55265969, 0.83172095, 0.05261391
0.99172807, 0.68738213
0.00929755, -0.07031548, 0.0303157
0.98535109, 0.16959135, 0.0168157
0.99587595, 0.68740255
0.00826761, -0.01429746, 0.05311695
0.26227608, 0.55989259, -0.78594315
0.87240535, 0.34154111
-0.00913367, -0.01430784, 0.05311479
-0.26227608, 0.56105226, -0.78508866
0.91928065, 0.34156579
0.00929752, 0.04201039, 0.06897289
0.92645037, -0.21509445, -0.30881679
0.86963373, 0.20736086
0.00826761, -0.01429746, 0.05311695
0.26227608, 0.55989259, -0.78594315
0.92649889, 0.59236434
-0.00913366, -0.00609806, 0.01338992
-0.3859981, 0.66936249, 0.63475448
0.97337425, 0.68740255
-0.00913367, -0.01430784, 0.05311479
-0.26227608, 0.56105226, -0.78508866
0.97337425, 0.59236714
-0.01376608, 0.30378169, 0.00109235
-0.70256662, 0.63603628, 0.31904051
0.66297024, 0.47552919
-0.01376608, 0.30378169, -0.02657367
-0.63295388, 0.71996218, -0.28452405
0.87528074, 0.17809808
-0.01376603, -0.02168919, 0.01338778
-0.72356331, -0.01770074, 0.68999296
0.50262862, 0.76945145
-0.01376604, 0.0508524, 0.01338778
-0.69124424, 0.05203406, 0.72072512
0.50262803, 0.59795728
-0.01376604, 0.0653554, -0.02358687
-0.88848537, 0.18527786, -0.4197821
0.40302616, 0.56367111
-0.01376604, 0.04435514, -0.05014382
-0.57600635, 0.00238044, -0.81740773
0.33148766, 0.61331749
-0.01376608, 0.30378169, -0.02657367
-0.63295388, 0.71996218, -0.28452405
0.39497828, 1.21e-05
-0.01376608, 0.28212535, -0.04969479
-0.57338178, -0.0249031, -0.81887263
0.33269519, 0.05120951
-0.01376605, 0.13378814, 0.0079429
-0.90435499, -0.30152288, 0.30198064
0.48795995, 0.40189052
-0.01376605, 0.08836275, 0.0079429
-0.72365487, 0.04968413, 0.68831444
0.48796034, 0.50927979
0.00414492, 0.28364626, -0.0088434
0.77819145, -0.6279794, -0.00314341
0.75733125, 0.48159891
-0.00075012, 0.28364632, -0.00394835
-0.00027467, -0.62895596, 0.77742851
0.73998034, 0.47562802
-0.00417103, 0.28364632, -0.00539876
-0.54710531, -0.63191628, 0.54893643
0.73309261, 0.48199946
-0.00564516, 0.28364632, -0.0088434
-0.77843565, -0.62767416, -0.00314341
0.73315632, 0.49084818
-0.00075012, 0.28364626, -0.01373843
-0.00030519, -0.6259346, -0.77986997
0.75050712, 0.49681908
-0.01376605, 0.13378814, 0.0079429
-0.90435499, -0.30152288, 0.30198064
0.66297024, 0.21131623
-0.01376605, 0.13378814, 0.0079429
-0.90435499, -0.30152288, 0.30198064
0.99878782, 0.7946851
0.00358801, 0.13381052, 0.02612382
0.52653587, -0.09820856, 0.84441662
0.94987297, 0.75365862
-0.01376606, 0.13381052, 0.01784413
-0.72023684, -0.61040074, 0.32959992
0.97215039, 0.7946851
-0.01376604, 0.0653554, -0.02358687
-0.88848537, 0.18527786, -0.4197821
0.80321485, 0.99978837
0.01226504, 0.26256308, -0.02358687
0.89049959, -0.18829921, -0.41410565
0.80321491, 0.54447901
0.003588, 0.26256308, -0.02657367
0.14093448, -0.44901884, -0.88232064
0.82658899, 0.53742623
-0.01376607, 0.26256308, -0.02358687
-0.89049959, -0.18829921, -0.41410565
0.87333715, 0.54447895
0.01226508, 0.01309262, -0.00772772
0.94909513, -0.12729271, -0.28809473
0.80321479, 0.21480554
0.00358804, 0.01309262, -0.01557144
0.33295694, -0.45393232, -0.82644123
0.77984071, 0.23332691
-0.01376603, 0.01309261, -0.00772772
-0.94891202, -0.12814721, -0.28830835
0.73309255, 0.2148056
0.01226507, 0.06535541, -0.02358687
0.88848537, 0.18527786, -0.4197821
0.66566169, 0.21131629
0.01226508, 0.04435514, -0.05014382
0.57600635, 0.00238044, -0.81740773
0.73309249, 0.2113108
-0.01376604, 0.0653554, -0.02358687
-0.88848537, 0.18527786, -0.4197821
0.66566169, 0.14977652
0.00929751, 0.08064692, 0.07291551
0.57856989, 0.56990266, 0.58345288
0.86825776, 0.33259553
-0.00417107, 0.37048709, -0.01221213
-0.54866177, 0.63414413, -0.5447554
0.94987297, 0.99999993
-0.00417107, 0.37048709, -0.00539874
-0.54710531, 0.63191628, 0.54893643
0.97662598, 0.47552299
-0.00075016, 0.37048709, -0.00394833
-0.00027467, 0.62895596, 0.77742851
0.73997897, 0.53367513
0.00267799, 0.37048709, -0.00539874
0.54750204, 0.6317026, 0.54878384
0.75000173, 0.53378242
0.00414488, 0.37048709, -0.00884336
0.77822196, 0.62794888, -0.00314341
0.75732636, 0.52772444
-0.00075016, 0.37048709, -0.01373841
-0.00030519, 0.62590408, -0.77986997
0.75050366, 0.51251465
-0.0056452, 0.37048709, -0.00884336
-0.77843565, 0.62767416, -0.00314341
0.73315626, 0.5184654
0.00267798, 0.37048709, -0.01221213
0.54908901, 0.6339305, -0.54460281
0.97337425, 0.68739465
0.00267803, 0.28364632, -0.00539876
0.54750204, -0.6317026, 0.54878384
0.98677284, 0.99981506
-0.01376608, 0.30378169, -0.02657367
-0.63295388, 0.71996218, -0.28452405
0.80321473, 0.21480554
0.00358799, 0.30378169, 0.0079429
0.24835964, 0.67607653, 0.69368571
0.75646663, 0.13340282
0.01226502, 0.30378169, -0.02657367
0.63295388, 0.71996218, -0.28452405
0.73309255, 0.21480513
0.01226503, 0.30378169, 0.00109235
0.70256662, 0.63603628, 0.31904051
0.13801935, 0.99999993
0.01226505, 0.13381052, 0.01784413
0.71990114, -0.61079746, 0.32959992
0.18314494, 0.59817487
0.01226504, 0.26256308, -0.02358687
0.89049959, -0.18829921, -0.41410565
0.07153881, 0.90255605
0.01226506, 0.08836275, 0.0079429
0.72365487, 0.04968413, 0.68831444
0.15647314, 0.49073291
0.01226507, 0.0508524, 0.01338778
0.69124424, 0.05203406, 0.72072512
0.17114046, 0.4020555
0.01226507, 0.06535541, -0.02358687
0.88848537, 0.18527786, -0.4197821
0.07153872, 0.43634194
0.01226505, 0.13378814, 0.0079429
0.90432447, -0.30152288, 0.30204168
0.15647316, 0.59812203
0.01226503, 0.28212535, -0.04969479
0.57338178, -0.0249031, -0.81887263
0.00120971, 0.9488029
0.01226502, 0.30378169, -0.02657367
0.63295388, 0.71996218, -0.28452405
0.06349303, 1.0
0.01226508, 0.04435514, -0.05014382
0.57600635, 0.00238044, -0.81740773
0.0, 0.38669586
-0.01043471, -0.1043082, 0.06178468
-0.8620258, 0.01181066, 0.50669879
0.6329875, 0.96478205
-0.01376603, -0.02168919, 0.01338778
-0.72356331, -0.01770074, 0.68999296
0.80321664, 0.80496649
-0.0104347, -0.1043082, 0.01338774
-0.96856594, -0.01010163, 0.24851222
0.8121925, 0.99999995
0.00929348, -0.1043082, 0.01338774
0.96859646, -0.00903348, 0.24842067
0.865336, 1.0
0.00929751, 0.08836275, 0.0079429
0.42643514, 0.61790824, 0.66054261
0.86534488, 0.54447907
0.00929757, -0.1043082, 0.06178468
0.8620258, 0.01178014, 0.50666827
0.30150351, 0.03522766
0.00929757, -0.1191946, 0.06178467
0.68581194, -0.60975981, 0.39728996
0.30150348, 3.505e-05
-0.01043471, -0.1043082, 0.06178468
-0.8620258, 0.01181066, 0.50669879
0.92649835, 0.56480825
0.00358801, 0.08303171, 0.02742523
0.57704395, -0.56422621, 0.5904721
0.70971638, 0.99999984
-0.01042316, -0.1191946, -0.00772778
-0.72383803, -0.63771474, -0.26331371
0.97659487, 0.30248433
0.00929349, -0.1191946, -0.00772778
0.72392958, -0.63765371, -0.26319164
0.92348242, 0.30248433
-0.00385094, -0.1191946, -0.01557149
-0.33075961, -0.62312692, -0.70870084
0.95889074, 0.28396302
0.00272127, -0.1191946, -0.01557149
0.33075961, -0.62312692, -0.70870084
0.94118661, 0.28396302
-0.00385728, -0.1191946, 0.06555584
-0.19479965, -0.65349287, 0.73140657
0.95890778, 0.47552878
0.01226503, 0.30378169, 0.00109235
0.70256662, 0.63603628, 0.31904051
0.73309255, 0.47552878
-0.00385094, -0.1191946, -0.01557149
-0.33075961, -0.62312692, -0.70870084
0.42458177, 1.0
0.00272127, -0.1191946, -0.01557149
0.33075961, -0.62312692, -0.70870084
0.94753724, 0.68740255
-0.01043476, 0.04201039, 0.06897289
-0.92645037, -0.2151555, -0.30881679
0.97662598, 0.28396302
-0.01043477, 0.08064705, 0.07291551
-0.57856989, 0.56990266, 0.58345288
0.66296995, 0.52753291
-0.01043477, 0.08141008, 0.04042922
-0.72875148, 0.68004394, 0.08001953
0.57545888, 0.52572912
-0.01043477, 0.08836275, 0.0079429
-0.42643514, 0.61790824, 0.66054261
0.48794767, 0.50929251
-0.01043476, 0.0508524, 0.01338778
-0.39582506, -0.26438186, 0.87942135
0.50261533, 0.59797001
-0.01043476, 0.04421249, 0.04118035
-0.69002348, -0.71486557, -0.11301004
0.57748258, 0.61366722
-0.01043473, -0.07031548, 0.0303157
-0.98507643, 0.17151402, 0.01403851
0.54821658, 0.88442058
-0.01068938, -0.00610857, 0.01338778
-0.16452529, 0.25083163, 0.95391703
0.50261682, 0.73262936
-0.01068938, -0.01431835, 0.05311264
-0.74117249, 0.21744438, -0.63509017
0.60962707, 0.75203784
0.0098073, -0.00610857, 0.01338778
0.16711935, 0.25009918, 0.95367289
0.17113401, 0.26738214
0.00929755, -0.07031548, 0.0303157
0.98535109, 0.16959135, 0.0168157
0.21673286, 0.11558926
0.00929753, -0.0149929, 0.05764724
0.7142247, -0.07721183, 0.69560838
0.29035813, 0.24637592
0.0098073, -0.01431834, 0.05311264
0.76158941, 0.20944853, -0.61323893
0.27814427, 0.24797338
0.00929752, 0.08141008, 0.04042922
0.72875148, 0.68004394, 0.08001953
0.24397653, 0.47428006
0.00929752, 0.0442125, 0.04118035
0.69002348, -0.71486557, -0.11301004
0.24599992, 0.38634211
0.00929752, 0.0508524, 0.01338778
0.39582506, -0.26438186, 0.87942135
0.17113271, 0.40203953
0.00929751, 0.08836275, 0.0079429
0.42643514, 0.61790824, 0.66054261
0.1564654, 0.49071687
-0.01043473, -0.07031548, 0.0303157
-0.98507643, 0.17151402, 0.01403851
0.80862653, 0.17885488
-0.01043477, 0.08064705, 0.07291551
-0.57856989, 0.56990266, 0.58345288
0.92649752, 1.0
0.00358801, 0.08298403, 0.02502166
0.57765436, -0.59016693, -0.56392103
0.7573263, 0.53302792
-0.00508902, 0.08298403, 0.02502166
-0.57765436, -0.59016693, -0.56392103
1.0, 0.27022445
0.00358801, 0.13376284, 0.02372025
0.57704395, 0.56422621, -0.5904721
0.99324876, 0.87988265
-0.00508902, 0.13376284, 0.02372025
-0.57704395, 0.56422621, -0.5904721
0.76378131, 0.47552878
-0.00508902, 0.13376284, 0.02372025
-0.57704395, 0.56422621, -0.5904721
0.81510234, 0.33259571
-0.01043476, 0.0508524, 0.01338778
-0.39582506, -0.26438186, 0.87942135
0.97662598, 0.15169549
0.00826761, -0.00608768, 0.01339206
0.38758507, 0.66856897, 0.63463241
0.99172807, 0.53364831
-0.01043476, 0.04201039, 0.06897289
-0.92645037, -0.2151555, -0.30881679
0.92278826, 0.20736086
0.0098073, -0.01431834, 0.05311264
0.76158941, 0.20944853, -0.61323893
0.86825776, 0.34159076
0.00929755, -0.07031548, 0.0303157
0.98535109, 0.16959135, 0.0168157
0.86962682, 0.47552878
0.00775787, -0.07029446, 0.03032
0.55265969, 0.83172095, 0.05261391
0.87377441, 0.47547883
-0.01043473, -0.07031548, 0.0303157
-0.98507643, 0.17151402, 0.01403851
0.92278135, 0.47552872
-0.01068938, -0.01431835, 0.05311264
-0.74117249, 0.21744438, -0.63509017
0.92347145, 0.34159082
-0.008879, -0.0703051, 0.03031787
-0.54811245, 0.83468121, 0.05331584
0.91859055, 0.47550404
0.00826761, -0.00608768, 0.01339206
0.38758507, 0.66856897, 0.63463241
0.92649889, 0.68739977
# Number of Faces:
194
# Face Data:
0, 1, 2
3, 4, 5
6, 7, 8
9, 10, 11
12, 13, 14
15, 16, 17
18, 19, 20
21, 22, 23
24, 25, 26
27, 28, 29
30, 31, 32
33, 34, 35
36, 37, 33
38, 39, 40
41, 42, 43
44, 45, 46
47, 48, 49
50, 48, 51
44, 52, 53
40, 54, 55
56, 57, 58
59, 60, 61
62, 60, 63
64, 65, 66
67, 68, 69
70, 71, 72
73, 71, 74
75, 76, 60
64, 77, 78
79, 80, 81
82, 83, 2
84, 85, 86
87, 88, 89
61, 76, 90
91, 92, 83
92, 2, 83
93, 94, 95
18, 96, 93
97, 67, 98
99, 100, 101
102, 98, 103
104, 101, 105
77, 106, 107
77, 89, 108
109, 110, 111
112, 31, 113
114, 115, 116
117, 118, 119
120, 121, 122
123, 124, 125
126, 127, 128
129, 66, 65
130, 131, 132
133, 134, 135
136, 137, 138
139, 140, 141
142, 143, 144
110, 145, 111
146, 147, 148
149, 150, 151
152, 153, 154
0, 155, 1
3, 156, 4
69, 157, 98
157, 158, 103
103, 98, 157
159, 160, 103
161, 162, 8
8, 159, 163
103, 158, 159
163, 6, 8
158, 164, 159
7, 161, 8
159, 164, 163
165, 11, 10
166, 167, 11
168, 9, 167
169, 10, 9
11, 167, 9
12, 170, 13
171, 17, 16
15, 172, 16
16, 173, 171
18, 174, 19
23, 175, 176
21, 177, 22
23, 176, 21
26, 178, 179
24, 180, 25
26, 179, 24
181, 182, 29
27, 183, 28
29, 182, 27
30, 184, 31
33, 37, 34
36, 185, 37
38, 186, 39
187, 188, 42
189, 43, 188
190, 41, 43
191, 42, 41
188, 43, 42
44, 53, 45
47, 51, 48
50, 192, 48
44, 193, 52
40, 39, 54
194, 58, 57
56, 195, 57
57, 196, 194
59, 63, 60
197, 198, 199
200, 201, 202
198, 203, 199
204, 205, 199
199, 205, 197
201, 62, 63
199, 203, 202
63, 206, 202
202, 203, 200
62, 75, 60
63, 202, 201
64, 78, 65
207, 69, 68
98, 67, 69
72, 79, 208
208, 209, 70
210, 70, 209
74, 71, 70
72, 208, 70
73, 211, 71
75, 212, 213
213, 76, 75
107, 78, 77
64, 214, 87
87, 77, 64
79, 72, 80
82, 215, 83
86, 216, 217
218, 219, 217
217, 84, 86
85, 220, 86
216, 218, 217
87, 214, 88
61, 60, 76
91, 221, 92
92, 0, 2
93, 96, 94
18, 20, 96
97, 222, 67
99, 223, 100
102, 97, 98
104, 99, 101
77, 108, 106
77, 87, 89
109, 224, 110
112, 32, 31
115, 225, 116
226, 227, 228
228, 229, 226
226, 229, 225
230, 231, 69
230, 69, 207
230, 207, 114
232, 230, 114
225, 229, 116
116, 232, 114
75, 233, 234
212, 75, 234
235, 212, 234
235, 234, 236
237, 118, 238
239, 240, 237
117, 238, 118
235, 236, 117
238, 239, 237
119, 235, 117
126, 241, 127
129, 242, 66
130, 243, 131
133, 244, 134
136, 245, 137
139, 246, 140
142, 247, 143
110, 248, 145
146, 249, 147
250, 151, 150
251, 252, 253
251, 253, 149
254, 255, 150
150, 256, 254
151, 251, 149
150, 255, 250
152, 257, 153
