# Project Zomboid Skinned Mesh
# File Version:
1.0
# Model Name:
Cube
# Vertex Stride Element Count:
3
# Vertex Stride Size (in bytes):
76
# Vertex Stride Data:
# (Int)    Offset
# (String) Type
0
VertexArray
12
NormalArray
24
TextureCoordArray
# Vertex Count:
423
# Vertex Buffer:
-0.00801778, 0.0685951, -0.0264348
-0.87475204, 0.3061617, -0.37553027
0.04648685, 0.57032958
-0.00801767, 0.11062132, -0.01919518
-0.90343946, 0.30985442, 0.29624316
0.08749896, 0.47973549
-0.00801776, 0.13308384, -0.02139212
-0.83263648, 0.26215398, 0.48780787
0.09485782, 0.42812371
-0.01180598, 0.33038002, 0.00895032
-0.76241338, 0.64024782, 0.09350871
0.67493707, 0.60025594
0.01188609, 0.33038002, 0.00895032
0.76018554, 0.64406264, 0.08532976
0.61651129, 0.60025585
-0.00801768, 0.32375494, -0.01633204
-0.54145938, 0.49436933, -0.6799829
0.66559684, 0.65948254
0.0, 0.28705847, 0.00823784
0.0, -0.63023776, 0.77636033
0.77302593, 0.54771724
-0.00597856, 0.28705847, 0.00225928
-0.77636033, -0.63023776, 0.0
0.75376666, 0.54024994
0.00597856, 0.28705847, 0.00225928
0.77636033, -0.63023776, 0.0
0.76504844, 0.56573656
-0.00597856, 0.42306373, 0.00225931
-0.77636033, 0.63023776, 0.0
0.87062293, 0.54024991
0.0, 0.42306373, 0.00823787
0.0, 0.63023776, 0.77636033
0.88984847, 0.53275883
0.00597856, 0.42306373, 0.00225931
0.77636033, 0.63023776, 0.0
0.88188493, 0.51475564
0.0, 0.28705847, 0.00823784
0.0, -0.63023776, 0.77636033
0.92992085, 0.73106685
-0.00422748, 0.42306373, 0.00648679
-0.54896694, 0.63026828, 0.54896694
0.91952443, 0.41731054
-0.00422748, 0.28705847, 0.00648676
-0.54896694, -0.63023776, 0.54896694
0.91952437, 0.73094749
-0.0, 0.28705847, -0.00371928
0.0, -0.63023776, -0.77636033
0.9090572, 0.73106685
0.00422748, 0.42306373, -0.00196818
0.54896694, 0.63023776, -0.54896694
0.89867508, 0.41727412
0.00422748, 0.28705847, -0.00196821
0.54896694, -0.63023776, -0.54896694
0.89867514, 0.73103392
-0.00422748, 0.28705847, 0.00648676
-0.54896694, -0.63023776, 0.54896694
0.94036847, 0.41730642
-0.00597856, 0.42306373, 0.00225931
-0.77636033, 0.63023776, 0.0
0.93005246, 0.1035409
-0.00597856, 0.28705847, 0.00225928
-0.77636033, -0.63023776, 0.0
0.93005252, 0.41731054
0.00422748, 0.28705847, -0.00196821
0.54896694, -0.63023776, -0.54896694
0.89867508, 0.10350406
0.00597856, 0.42306373, 0.00225931
0.77636033, 0.63023776, 0.0
0.90922916, 0.41727173
0.00597856, 0.28705847, 0.00225928
0.77636033, -0.63023776, 0.0
0.9092291, 0.10350198
-0.00422748, 0.42306373, -0.00196817
-0.54896694, 0.63023776, -0.54896694
0.91952437, 0.10353726
-0.00422748, 0.28705847, -0.0019682
-0.54896694, -0.63023776, -0.54896694
0.91952443, 0.41730696
0.00422748, 0.42306373, 0.00648679
0.54896694, 0.63023776, 0.54896694
0.91951549, 0.41727412
0.00422748, 0.28705847, 0.00648676
0.54896694, -0.63023776, 0.54896694
0.91951543, 0.10350436
-0.00422748, 0.28705847, -0.0019682
-0.54896694, -0.63023776, -0.54896694
0.91952437, 0.73103556
-0.0, 0.42306373, -0.00371925
0.0, 0.63023776, -0.77636033
0.9090572, 0.4173069
0.00422748, 0.28705847, 0.00648676
0.54896694, -0.63023776, 0.54896694
0.94037426, 0.73095125
0.0, 0.42306373, 0.00823787
0.0, 0.63023776, 0.77636033
0.92992091, 0.41742992
0.01033229, 0.03773289, -0.01947679
0.75215918, -0.61244547, -0.243202
0.80038881, 0.51037592
-0.00801767, 0.03792077, -0.02664105
-0.6697287, -0.73509932, -0.10513627
0.75513709, 0.52689081
0.00877849, 0.03792078, -0.02664105
0.6774804, -0.72991121, -0.09042634
0.79655719, 0.52689081
-0.00801773, 0.13165466, -0.01919518
-0.6138798, 0.37635425, 0.69386882
0.74247766, 0.75366807
0.0087784, 0.13308385, -0.02139213
0.83263648, 0.26215398, 0.48777732
0.74764502, 0.79241803
-0.00801776, 0.13308384, -0.02139212
-0.83263648, 0.26215398, 0.48780787
0.74764502, 0.75366859
0.00877832, 0.30914712, -0.03248366
0.63985109, -0.72222054, -0.26252022
0.45482397, 0.97319187
0.00877828, 0.31711969, -0.03733189
0.62227243, 0.34104434, -0.70458084
0.44767299, 0.9936498
0.00877826, 0.32110596, -0.03238053
0.63826412, 0.72762233, -0.25131992
0.46179792, 1.0
0.0118861, 0.15828228, 0.00895032
0.93438518, 0.24613178, 0.25754571
0.46963525, 0.61246958
0.00924362, 0.33129552, 0.01242514
0.3600879, 0.70711386, 0.60850859
0.57509303, 0.99931624
0.00924362, 0.15663873, 0.01242514
0.38590655, 0.0, 0.92251348
0.47685423, 0.60699674
-0.00801768, 0.32375494, -0.01633204
-0.54145938, 0.49436933, -0.6799829
0.79739404, 0.99999677
0.00877849, 0.20718203, -0.01633205
0.57734919, -0.57734919, -0.57734919
0.83881211, 0.73106983
-0.00801767, 0.20718203, -0.01633204
-0.57734919, -0.57734919, -0.57731867
0.79739398, 0.73106685
-0.00801767, 0.11062132, -0.01919518
-0.90343946, 0.30985442, 0.29624316
0.75183463, 0.22173524
0.00877849, 0.11062134, -0.01174931
0.81722462, 0.31720939, -0.48109379
0.7701546, 0.18298596
0.00877849, 0.11062134, -0.01919518
0.90249336, 0.32355723, 0.28418836
0.75183463, 0.18298578
-0.00801767, 0.20718203, -0.01174931
-0.86910611, -0.29309976, -0.39835811
0.84161997, 0.44522578
0.00877849, 0.11062134, -0.01174931
0.81722462, 0.31720939, -0.48109379
0.8830381, 0.22246635
-0.00801767, 0.11062132, -0.01174931
-0.86849576, 0.30176702, -0.39320049
0.84161997, 0.22246325
-0.00801767, 0.11062132, -0.01919518
-0.90343946, 0.30985442, 0.29624316
0.94036853, 0.41730309
0.00877843, 0.13165469, -0.01919518
0.6138798, 0.37638476, 0.6938383
0.9817878, 0.36880624
-0.00801773, 0.13165466, -0.01919518
-0.6138798, 0.37635425, 0.69386882
0.94036853, 0.36879879
0.00877849, 0.20718203, -0.01633205
0.57734919, -0.57734919, -0.57734919
0.74247766, 0.8311675
-0.00801767, 0.20718203, -0.01174931
-0.86910611, -0.29309976, -0.39835811
0.75377619, 0.79241803
-0.00801767, 0.20718203, -0.01633204
-0.57734919, -0.57734919, -0.57731867
0.74247766, 0.79241806
-0.0080179, 0.32102808, -0.02622854
-0.70851773, 0.70564896, 0.0044557
0.86678207, 0.77604869
0.00877826, 0.32102811, -0.02185682
0.57991272, 0.58970916, 0.56202888
0.87753832, 0.73729938
0.00877826, 0.32102811, -0.02622855
0.70851773, 0.70564896, 0.0044557
0.86678207, 0.73729926
0.00877832, 0.20873508, -0.01645734
0.59764397, -0.42939544, 0.67705315
0.75597465, 0.57185006
-0.0080179, 0.32102808, -0.02185682
-0.57991272, 0.58970916, 0.56202888
0.79739398, 0.83116265
-0.00801784, 0.20873503, -0.01645733
-0.59764397, -0.42939544, 0.67705315
0.79739392, 0.57184514
0.00877849, 0.11062134, -0.01919518
0.90249336, 0.32355723, 0.28418836
0.37505075, 0.52026865
0.01033229, 0.03773289, -0.01947679
0.75215918, -0.61244547, -0.243202
0.3334927, 0.35666519
0.00877838, 0.06859511, -0.0264348
0.88100833, 0.30518508, -0.36146122
0.33403799, 0.42967546
0.0087784, 0.13308385, -0.02139213
0.83263648, 0.26215398, 0.48777732
0.85725582, 0.56080493
-0.00801778, 0.20692855, -0.02082282
-0.85473192, -0.29007843, 0.43037203
0.89867502, 0.73106685
-0.00801776, 0.13308384, -0.02139212
-0.83263648, 0.26215398, 0.48780787
0.89867508, 0.56081429
-0.00801778, 0.20692855, -0.02082282
-0.85473192, -0.29007843, 0.43037203
0.69194466, 0.27063459
0.00877832, 0.20873508, -0.01645734
0.59764397, -0.42939544, 0.67705315
0.70280468, 0.30938464
-0.00801784, 0.20873503, -0.01645733
-0.59764397, -0.42939544, 0.67705315
0.70280468, 0.27063519
0.01131254, 0.08371411, -0.00537111
0.87212747, -0.27762687, -0.40284431
0.39328054, 0.45251405
-0.00801767, 0.11062132, -0.01174931
-0.86849576, 0.30176702, -0.39320049
0.10537171, 0.48365128
-0.01180597, 0.02534777, 0.00903827
-0.98821986, 0.03442488, -0.14896084
0.10753513, 0.68618631
-0.01180598, 0.15828227, 0.00895032
-0.9479354, 0.2351146, 0.21463668
0.18208286, 0.38753581
-0.00897621, 0.33129552, 0.01242515
-0.34833828, 0.70998263, 0.61198765
0.28755641, 0.00068945
-0.00897621, 0.15663873, 0.01242515
-0.37449262, 0.0, 0.92721337
0.18933405, 0.39301246
-0.00897621, 0.15663873, 0.01242515
-0.37449262, 0.0, 0.92721337
0.6751048, 0.99999194
0.00924362, 0.33129552, 0.01242514
0.3600879, 0.70711386, 0.60850859
0.72003472, 0.59723002
-0.00897621, 0.33129552, 0.01242515
-0.34833828, 0.70998263, 0.61198765
0.67510474, 0.597222
0.00877849, 0.03803726, -0.03243555
0.61885434, -0.69518113, -0.36564225
0.79655731, 0.54024991
-0.00991182, 0.03773288, -0.01947678
-0.75963622, -0.59926146, -0.25254068
0.75046587, 0.51037592
0.0118861, 0.02534777, 0.00903827
0.99005097, 0.0270394, -0.13788262
0.80421501, 0.44522887
-0.01180597, 0.02534777, 0.00903827
-0.98821986, 0.03442488, -0.14896084
0.74578923, 0.44522887
0.0118861, 0.15828228, 0.00895032
0.93438518, 0.24613178, 0.25754571
0.89451355, 0.83070841
-0.01160283, 0.15226181, 0.02249792
-0.75502795, 0.64000368, 0.14249092
0.86218357, 0.77651589
0.01208925, 0.15226181, 0.02249792
0.75878167, 0.63847774, 0.12872708
0.86218363, 0.83117448
-0.01160283, 0.09887113, 0.01964333
-0.90212715, -0.29819635, 0.31174657
0.63351762, 0.16080511
0.01208925, 0.06373424, 0.01989191
0.87307352, 0.29789117, 0.38596758
0.57509309, 0.07975256
0.01208924, 0.09887113, 0.01964333
0.90841395, -0.30021057, 0.2908414
0.57509309, 0.16079724
0.01208925, 0.15226181, 0.0319969
0.58705407, 0.62007505, 0.52043211
0.83881211, 0.83117424
0.00986631, 0.10364904, 0.07104157
0.68382823, -0.71605581, 0.13989684
0.94469714, 0.93060603
-0.00937988, 0.11224884, 0.09884755
-0.58403271, -0.42182684, 0.69347209
0.89723653, 0.86604063
-0.00937988, 0.10364904, 0.07104158
-0.68382823, -0.71605581, 0.13989684
0.89723516, 0.93060733
0.01208924, 0.09887113, 0.01964333
0.90841395, -0.30021057, 0.2908414
0.46189564, 0.47339129
0.01208925, 0.15226181, 0.0319969
0.58705407, 0.62007505, 0.52043211
0.52157354, 0.58682221
0.01208925, 0.09887113, 0.04139769
0.56871241, -0.52876371, 0.62999362
0.51410401, 0.46195048
-0.01160283, 0.09887113, 0.01964333
-0.90212715, -0.29819635, 0.31174657
0.17432681, 0.52660856
-0.01160283, 0.15226181, 0.0319969
-0.58705407, 0.62007505, 0.52043211
0.2340053, 0.41317654
-0.01160283, 0.15226181, 0.02249792
-0.75502795, 0.64000368, 0.14249092
0.21120435, 0.40818095
0.01208924, 0.09887113, 0.01964333
0.90841395, -0.30021057, 0.2908414
0.89525455, 0.16780448
-0.01160282, 0.09887113, 0.04139769
-0.56871241, -0.52876371, 0.62999362
0.84161997, 0.22246325
-0.01160283, 0.09887113, 0.01964333
-0.90212715, -0.29819635, 0.31174657
0.89525455, 0.22246307
0.01188611, 0.00821215, 0.06269062
0.67961669, -0.36667988, 0.6353038
0.67493582, 0.74690551
-0.01160282, 0.04659862, 0.07906197
-0.56501967, 0.35343486, 0.74550617
0.6166802, 0.65951052
-0.01180597, 0.00821215, 0.06269062
-0.67534411, -0.36667988, 0.63985109
0.61651129, 0.74693349
-0.00801778, 0.0685951, -0.0264348
-0.87475204, 0.3061617, -0.37553027
0.57509315, 0.44522882
0.00877832, 0.30906925, -0.02633167
0.90307319, -0.30164495, -0.30561236
0.61651123, 1.0
0.00877838, 0.06859511, -0.0264348
0.88100833, 0.30518508, -0.36146122
0.61651129, 0.44523174
-0.01160283, 0.06373424, 0.01989192
-0.86449784, 0.30576494, 0.39890742
0.69194466, 0.30938137
0.01208925, 0.04659862, 0.07906197
0.57289344, 0.35081026, 0.74071473
0.63351887, 0.17585868
0.01208925, 0.06373424, 0.01989191
0.87307352, 0.29789117, 0.38596758
0.63351887, 0.30938464
0.0118861, -0.0825661, 0.00122263
0.71700186, 0.03180028, -0.69634086
0.86263794, 0.48857951
-0.01180598, -0.10101943, -0.00042529
-0.5731681, -0.55082858, -0.60664696
0.80423641, 0.44599617
-0.01180598, -0.0825661, 0.00122263
-0.71700186, 0.03180028, -0.69634086
0.80421501, 0.48859769
0.0118861, -0.06017682, 0.00127323
0.0003357, -0.94836271, -0.31714836
0.86265939, 0.54023179
-0.01180598, -0.06017682, 0.00127323
-0.0003357, -0.94836271, -0.31714836
0.80423641, 0.54024991
-0.01180597, -0.01928549, 0.06261471
-0.64278084, 0.23963134, 0.72756124
0.61656016, 0.81033969
0.01188611, -0.08303588, 0.0625388
0.71623892, 0.02719199, 0.6972869
0.67509645, 0.95731919
0.01188611, -0.01928549, 0.06261471
0.64278084, 0.23963134, 0.72756124
0.67498469, 0.81031173
-0.01180597, -0.01011961, 0.05582483
-0.78499711, 0.19107638, 0.5892514
0.6166544, 0.7887468
0.0118861, -0.01011961, 0.05582483
0.78518021, 0.19272439, 0.58845788
0.67507893, 0.78871885
0.0118861, -0.00095373, 0.05585014
0.78344065, -0.19656973, 0.58949554
0.6750626, 0.76758344
-0.01180597, -0.00095373, 0.05585014
-0.778283, -0.19843134, 0.5957213
0.61663806, 0.7676114
0.00986631, 0.10106039, 0.04101222
0.32459486, -0.14630574, 0.93444622
0.78722924, 0.15771264
0.01208925, 0.15226181, 0.0319969
0.58705407, 0.62007505, 0.52043211
0.78174752, 0.27639651
0.0098663, 0.15007254, 0.03238238
0.28006837, 0.44898832, 0.84847558
0.78722924, 0.27131706
-0.01160283, 0.15226181, 0.0319969
-0.58705407, 0.62007505, 0.52043211
0.84017199, 0.27634376
-0.00937989, 0.15007254, 0.03238238
-0.28006837, 0.44898832, 0.84847558
0.83469027, 0.27127421
-0.01160282, 0.09887113, 0.04139769
-0.56871241, -0.52876371, 0.62999362
0.84017199, 0.15259039
-0.00937988, 0.10106039, 0.04101222
-0.32459486, -0.14630574, 0.93444622
0.83469021, 0.15766984
0.01208925, 0.09887113, 0.04139769
0.56871241, -0.52876371, 0.62999362
0.78174746, 0.15264308
-0.00937988, 0.16025595, 0.09021771
-0.57329023, 0.69063389, 0.44077882
0.94469613, 0.86599539
0.00986631, 0.11224884, 0.09884755
0.58403271, -0.42182684, 0.69347209
0.89723516, 0.75475247
0.00986631, 0.16025597, 0.09021771
0.57329023, 0.69063389, 0.44077882
0.89723516, 0.86603932
0.00986631, 0.15266117, 0.06130004
0.72643209, 0.6769616, -0.11832026
0.73971015, 0.51432148
0.00986631, 0.11224884, 0.09884755
0.58403271, -0.42182684, 0.69347209
0.62550658, 0.44522882
0.00986631, 0.10364904, 0.07104157
0.68382823, -0.71605581, 0.13989684
0.61651129, 0.51181766
0.00986631, 0.15266117, 0.06130004
0.72643209, 0.6769616, -0.11832026
0.75183362, 0.20864868
-0.00937988, 0.16025595, 0.09021771
-0.57329023, 0.69063389, 0.44077882
0.70437258, 0.27639323
0.00986631, 0.16025597, 0.09021771
0.57329023, 0.69063389, 0.44077882
0.75183463, 0.27639401
-0.00937988, 0.15266117, 0.06130004
-0.72643209, 0.6769616, -0.11832026
0.69829249, 0.37611818
-0.00937988, 0.11224884, 0.09884755
-0.58403271, -0.42182684, 0.69347209
0.58408839, 0.44522882
-0.00937988, 0.16025595, 0.09021771
-0.57329023, 0.69063389, 0.44077882
0.70437151, 0.44484103
-0.00937988, 0.10106039, 0.04101222
-0.32459486, -0.14630574, 0.93444622
0.58164757, 0.30938464
-0.00937989, 0.15007254, 0.03238238
-0.28006837, 0.44898832, 0.84847558
0.70437157, 0.30939901
0.0098663, 0.15007254, 0.03238238
0.28006837, 0.44898832, 0.84847558
0.75183463, 0.1416834
-0.00937988, 0.15266117, 0.06130004
-0.72643209, 0.6769616, -0.11832026
0.70437157, 0.20864785
0.00986631, 0.10106039, 0.04101222
0.32459486, -0.14630574, 0.93444622
0.62306571, 0.5810495
-0.00937988, 0.10106039, 0.04101222
-0.32459486, -0.14630574, 0.93444622
0.89723653, 1.0
0.0118861, 0.02472792, 0.00134914
0.58180487, 0.55214089, -0.59715569
0.72003484, 0.67648864
-0.01180598, 0.01300174, 0.00132384
0.00030519, 0.94897306, -0.31528673
0.74895173, 0.62183115
-0.01180598, 0.02472792, 0.00134914
-0.58180487, 0.55214089, -0.59715569
0.72003478, 0.6218327
-0.01388113, 0.01298716, 0.02560987
-0.57731867, 0.5769524, 0.5777154
0.75406909, 0.79058324
-0.01180597, -0.0601914, 0.02555927
-0.81646168, -0.40852076, 0.40800196
0.74895179, 0.62183115
-0.01180597, 0.01298716, 0.02560987
-0.84270757, 0.37226477, 0.38883632
0.74895173, 0.7905823
0.0118861, 0.01300866, -0.00572508
0.50346386, 0.59056365, -0.63063449
0.83881217, 0.83117448
-0.01180598, -0.06016991, -0.00577568
-0.48188725, -0.59337139, -0.64470351
0.8972351, 1.0
-0.01180598, 0.01300866, -0.00572507
-0.48188725, 0.59443951, -0.64369643
0.89723516, 0.83117841
0.0118861, -0.10101943, -0.00042529
0.5731681, -0.55082858, -0.60664696
0.57509309, 0.16080511
-0.01180597, -0.10148922, 0.06400277
-0.57292396, -0.55833614, 0.59996337
0.63351887, 0.30938464
-0.01180598, -0.10101943, -0.00042529
-0.5731681, -0.55082858, -0.60664696
0.63351887, 0.16080534
0.01188611, -0.08303588, 0.0625388
0.71623892, 0.02719199, 0.6972869
0.4625088, 0.04223061
0.0118861, -0.10101943, -0.00042529
0.5731681, -0.55082858, -0.60664696
0.30128589, 0.03494877
0.0118861, -0.0825661, 0.00122263
0.71700186, 0.03180028, -0.69634086
0.31562012, 0.07553256
0.01349243, -0.0601914, 0.02555926
0.57734919, -0.5777154, 0.5769524
0.88303816, 0.27647698
0.0118861, 0.01298716, 0.02560987
0.82271796, 0.3998535, 0.40400404
0.88699931, 0.44522882
0.0118861, -0.0601914, 0.02555926
0.81646168, -0.40852076, 0.40800196
0.88699937, 0.27647769
-0.01180598, -0.06017682, 0.00127323
-0.0003357, -0.94836271, -0.31714836
0.69590592, 0.11984056
-0.01180598, -0.06016991, -0.00577568
-0.48188725, -0.59337139, -0.64470351
0.69590592, 0.10358262
0.0118861, -0.06017682, 0.00127323
0.0003357, -0.94836271, -0.31714836
0.63748014, 0.11984038
-0.01180597, -0.08303588, 0.0625388
-0.71623892, 0.02719199, 0.6972869
0.61667198, 0.95734715
0.01188611, -0.10148922, 0.06400277
0.57292396, -0.55833614, 0.59996337
0.67510474, 0.99997201
0.01349243, 0.01300174, 0.00132384
0.72606587, 0.68279064, -0.08114871
0.77989656, 0.83117397
0.0118861, -0.06016991, -0.00577568
0.50349438, -0.58949554, -0.63161105
0.79739398, 0.99999353
0.0118861, 0.01300866, -0.00572508
0.50346386, 0.59056365, -0.63063449
0.79739398, 0.83116752
-0.01180598, -0.06016991, -0.00577568
-0.48188725, -0.59337139, -0.64470351
0.70437157, 0.44522005
-0.01388114, 0.01300174, 0.00132384
-0.72905666, 0.67638171, -0.10455641
0.72187501, 0.27640283
-0.01180598, 0.01300866, -0.00572507
-0.48188725, 0.59443951, -0.64369643
0.70437157, 0.27639407
0.0118861, 0.01300174, 0.00132384
-0.00030519, 0.94897306, -0.31528673
0.78174752, 0.27640283
0.0118861, -0.0601914, 0.02555926
0.81646168, -0.40852076, 0.40800196
0.84161997, 0.44522244
0.0118861, 0.01298716, 0.02560987
0.82271796, 0.3998535, 0.40400404
0.84161997, 0.27639645
-0.01180598, 0.01300174, 0.00132384
0.00030519, 0.94897306, -0.31528673
0.85725576, 0.56224081
-0.01180597, -0.0601914, 0.02555927
-0.81646168, -0.40852076, 0.40800196
0.79739404, 0.73106077
-0.01180598, -0.06017682, 0.00127323
-0.0003357, -0.94836271, -0.31714836
0.85725576, 0.73106685
-0.01180598, 0.01300174, 0.00132384
0.00030519, 0.94897306, -0.31528673
0.84413457, 0.13636589
0.0118861, 0.01300174, 0.00132384
-0.00030519, 0.94897306, -0.31528673
0.78570879, 0.13636649
0.0118861, 0.01300866, -0.00572508
0.50346386, 0.59056365, -0.63063449
0.78570879, 0.15259039
-0.01388113, -0.0601914, 0.02555927
-0.57734919, -0.5777154, 0.5769524
0.78174752, 0.44522244
-0.01388113, 0.01298716, 0.02560987
-0.57731867, 0.5769524, 0.5777154
0.78174752, 0.27639645
-0.01180597, -0.08303588, 0.0625388
-0.71623892, 0.02719199, 0.6972869
0.17500347, 0.95777927
-0.01180598, -0.10101943, -0.00042529
-0.5731681, -0.55082858, -0.60664696
0.01375362, 0.96506191
-0.01180597, -0.10148922, 0.06400277
-0.57292396, -0.55833614, 0.59996337
0.16813985, 1.0
0.01349243, -0.0601914, 0.02555926
0.57734919, -0.5777154, 0.5769524
0.72003484, 0.99999393
0.01349243, -0.06017682, 0.00127323
0.72597432, -0.68276012, -0.08218635
0.77989662, 1.0
-0.01218032, 0.02998069, 0.0487445
-0.78441727, -0.00073244, -0.62016666
0.20547161, 0.69666684
-0.01180597, 0.00821215, 0.06269062
-0.67534411, -0.36667988, 0.63985109
0.22668336, 0.75289311
-0.01160282, 0.04659862, 0.07906197
-0.56501967, 0.35343486, 0.74550617
0.28755614, 0.67527413
-0.01218033, 0.04219309, 0.02753345
-0.81212807, -0.36362803, 0.45625171
0.16142544, 0.65807977
-0.01218032, 0.04725164, 0.03631935
-0.85244298, -0.52275157, 0.00488296
0.18535952, 0.65133753
-0.01160283, 0.06373424, 0.01989192
-0.86449784, 0.30576494, 0.39890742
0.15516344, 0.60566556
0.01208925, 0.06373424, 0.01989191
0.87307352, 0.29789117, 0.38596758
0.44272888, 0.39433503
0.01197251, 0.04725164, 0.03631935
0.83535266, -0.54966885, -0.00094607
0.47287357, 0.348674
0.01197251, 0.04219309, 0.02753345
0.79967648, -0.37430951, 0.46943572
0.44894296, 0.34193194
0.0118861, -0.0601914, 0.02555926
0.81646168, -0.40852076, 0.40800196
0.38661078, 0.11299247
0.01188611, -0.01928549, 0.06261471
0.64278084, 0.23963134, 0.72756124
0.49854851, 0.1853888
-0.01218032, 0.01776829, 0.04510526
-0.80724508, 0.36646625, -0.46259958
0.76393545, 0.14168268
0.01197252, 0.02998069, 0.0487445
0.77709281, -0.0019837, -0.62935269
0.70446259, 0.1134423
0.01197252, 0.01776829, 0.04510526
0.80220956, 0.37037262, -0.46824548
0.70437628, 0.14168262
-0.01218032, 0.04219309, 0.04510526
-0.80913723, -0.36170536, -0.46308786
0.76393074, 0.08533537
-0.01218032, 0.02998069, 0.0487445
-0.78441727, -0.00073244, -0.62016666
0.76402175, 0.1134423
-0.01218032, 0.04219309, 0.04510526
-0.80913723, -0.36170536, -0.46308786
0.85193193, 0.16780448
0.01197251, 0.04725164, 0.03631935
0.83535266, -0.54966885, -0.00094607
0.87332135, 0.11208075
0.01197252, 0.04219309, 0.04510526
0.79894406, -0.37351602, -0.47129735
0.85193193, 0.11208284
-0.01218033, 0.04219309, 0.02753345
-0.81212807, -0.36362803, 0.45625171
0.89525455, 0.1678043
-0.01218032, 0.04725164, 0.03631935
-0.85244298, -0.52275157, 0.00488296
0.87332135, 0.16780233
-0.01218033, 0.04219309, 0.02753345
-0.81212807, -0.36362803, 0.45625171
1.0, 0.73106685
0.01197251, 0.02998069, 0.0238942
0.77962583, 0.0003357, 0.62620932
0.94037431, 0.70314851
0.01197251, 0.04219309, 0.02753345
0.79967648, -0.37430951, 0.46943572
0.94043922, 0.73106685
-0.01218033, 0.01776829, 0.02753345
-0.822779, 0.34220403, 0.45371869
0.99998844, 0.67474166
-0.01218033, 0.02998069, 0.02389421
-0.78707236, 0.00149541, 0.61680961
0.99993509, 0.70314851
-0.01218032, 0.01270974, 0.03631935
-0.85219884, 0.52287364, -0.0176397
0.96114874, 0.67474166
0.01197251, 0.01776829, 0.02753345
0.8059023, 0.36484879, 0.46620074
0.94037431, 0.61901793
-0.01218033, 0.01776829, 0.02753345
-0.822779, 0.34220403, 0.45371869
0.94037431, 0.67473954
-0.01218032, 0.01776829, 0.04510526
-0.80724508, 0.36646625, -0.46259958
0.98360831, 0.67473999
0.01197251, 0.01270974, 0.03631935
0.84160894, 0.54005551, -0.00402844
0.96114874, 0.61902007
-0.00801788, 0.31711966, -0.03733189
-0.62227243, 0.34101382, -0.70458084
0.83881211, 0.77604982
0.00877826, 0.32110596, -0.03238053
0.63826412, 0.72762233, -0.25131992
0.85165858, 0.73729905
0.00877828, 0.31711969, -0.03733189
0.62227243, 0.34104434, -0.70458084
0.83881223, 0.7373004
-0.0080179, 0.32110596, -0.03238053
-0.63826412, 0.72759181, -0.25131992
0.1742204, 0.0
-0.00801788, 0.31711966, -0.03733189
-0.62227243, 0.34101382, -0.70458084
0.16009356, 0.00635028
-0.00801784, 0.30914709, -0.03248366
-0.63985109, -0.72222054, -0.26252022
0.16724749, 0.02680838
-0.00801784, 0.30906922, -0.02633167
-0.90307319, -0.30164495, -0.30561236
0.74702179, 0.58308011
0.00877832, 0.30914712, -0.03248366
0.63985109, -0.72222054, -0.26252022
0.73185843, 0.6218296
0.00877832, 0.30906925, -0.02633167
0.90307319, -0.30164495, -0.30561236
0.74702179, 0.62182954
-0.0080179, 0.32110596, -0.03238053
-0.63826412, 0.72759181, -0.25131992
0.85165858, 0.7760485
-0.00801775, 0.06192761, -0.04158157
-0.61687064, 0.36579487, -0.69685966
0.97875226, 0.52516934
0.00877837, 0.06871159, -0.03187958
0.64342171, 0.7325663, -0.22211371
0.95375133, 0.56392097
0.00877841, 0.06192761, -0.04158157
0.61687064, 0.36579487, -0.69685966
0.97875226, 0.56391877
0.00877838, 0.06859511, -0.0264348
0.88100833, 0.30518508, -0.36146122
0.94037431, 0.5639208
-0.00801778, 0.06871159, -0.03187958
-0.64342171, 0.7325663, -0.22211371
0.95375139, 0.52517155
-0.00801778, 0.0685951, -0.0264348
-0.87475204, 0.3061617, -0.37553027
0.94037431, 0.52517137
-0.00801771, 0.05087713, -0.04165033
-0.64366591, -0.23209326, -0.72923976
0.0, 0.60212675
-0.00801767, 0.03792077, -0.02664105
-0.6697287, -0.73509932, -0.10513627
0.02874133, 0.63912338
0.00877849, 0.03792078, -0.02664105
0.6774804, -0.72991121, -0.09042634
0.31628969, 0.36088228
0.00877845, 0.05087714, -0.04165033
0.64366591, -0.23209326, -0.72923976
0.28755641, 0.39787877
-0.00801767, 0.03803725, -0.03243555
-0.61885434, -0.69518113, -0.36564225
0.98189718, 0.61901793
0.00877845, 0.05087714, -0.04165033
0.64366591, -0.23209326, -0.72923976
0.94037431, 0.58941516
0.00877849, 0.03803726, -0.03243555
0.61885434, -0.69518113, -0.36564225
0.9404794, 0.61886796
-0.00801771, 0.05087713, -0.04165033
-0.64366591, -0.23209326, -0.72923976
0.98179215, 0.58956516
0.00877841, 0.06192761, -0.04158157
0.61687064, 0.36579487, -0.69685966
0.9404794, 0.563921
-0.00801784, 0.30914709, -0.03248366
-0.63985109, -0.72222054, -0.26252022
0.73185849, 0.58308017
0.0087783, 0.31313339, -0.03736626
0.6214484, -0.33280435, -0.70921963
0.72003478, 0.62183115
-0.00801786, 0.31313339, -0.03736626
-0.6214484, -0.33280435, -0.70921963
0.77085644, 0.27639395
0.00877828, 0.31711969, -0.03733189
0.62227243, 0.34104434, -0.70458084
0.78068715, 0.23764652
0.0087783, 0.31313339, -0.03736626
0.6214484, -0.33280435, -0.70921963
0.77085632, 0.2376464
0.01131254, 0.15059033, -0.00537111
0.79812008, 0.2939848, -0.52586442
0.43089622, 0.60273355
0.00877849, 0.20718203, -0.01174931
0.87655264, -0.29251993, -0.38215277
0.4472324, 0.73325044
0.0118861, 0.02534777, 0.00903827
0.99005097, 0.0270394, -0.13788262
0.77085632, 0.22173542
-0.01180598, 0.02472792, 0.00134914
-0.58180487, 0.55214089, -0.59715569
0.75183463, 0.27639401
-0.01180597, 0.02534777, 0.00903827
-0.98821986, 0.03442488, -0.14896084
0.77085632, 0.27639401
0.01190269, 0.08388356, 0.00374685
0.91085541, -0.30558184, 0.27735221
0.74247766, 0.75348011
0.0101842, 0.08371411, -0.00521642
-0.62871182, -0.58717614, -0.5098117
0.74527901, 0.73258504
0.01131254, 0.08371411, -0.00537111
0.87212747, -0.27762687, -0.40284431
0.74247766, 0.73239708
0.0101842, 0.15059033, -0.00521642
-0.6317026, 0.5751518, -0.51973021
0.72003478, 0.67688134
0.01077435, 0.08388356, 0.00390154
-0.5186621, -0.56794947, 0.63902706
0.74247766, 0.83077483
0.01077435, 0.15075979, 0.00390154
-0.51768547, 0.57933289, 0.62956631
0.7424776, 0.67648861
0.01131254, 0.08371411, -0.00537111
0.87212747, -0.27762687, -0.40284431
0.88978559, 0.29094487
0.0101842, 0.15059033, -0.00521642
-0.6317026, 0.5751518, -0.51973021
0.88699943, 0.44522882
0.01131254, 0.15059033, -0.00537111
0.79812008, 0.2939848, -0.52586442
0.88978559, 0.44522619
0.01190269, 0.15075979, 0.00374685
0.911008, 0.32255012, 0.25690481
0.88978565, 0.44522882
0.01077435, 0.08388356, 0.00390154
-0.5186621, -0.56794947, 0.63902706
0.89257061, 0.29099804
0.01190269, 0.08388356, 0.00374685
0.91085541, -0.30558184, 0.27735221
0.88978565, 0.29100794
0.01190269, 0.15075979, 0.00374685
0.911008, 0.32255012, 0.25690481
0.74247766, 0.71133912
0.0101842, 0.15059033, -0.00521642
-0.6317026, 0.5751518, -0.51973021
0.74527895, 0.73221001
0.01077435, 0.15075979, 0.00390154
-0.51768547, 0.57933289, 0.62956631
0.74527895, 0.71115205
-0.0080179, 0.32102808, -0.02185682
-0.57991272, 0.58970916, 0.56202888
0.19943728, 0.00570923
-0.0080179, 0.32102808, -0.02622854
-0.70851773, 0.70564896, 0.0044557
0.18894356, 0.00341022
-0.00801784, 0.30906922, -0.02633167
-0.90307319, -0.30164495, -0.30561236
0.18197067, 0.0302186
-0.00991182, 0.03773288, -0.01947678
-0.75963622, -0.59926146, -0.25254068
0.04594316, 0.64334163
-0.00801784, 0.20873503, -0.01645733
-0.59764397, -0.42939544, 0.67705315
0.14924733, 0.26078731
-0.00801778, 0.20692855, -0.02082282
-0.85473192, -0.29007843, 0.43037203
0.13775268, 0.26254934
-0.00801773, 0.13165466, -0.01919518
-0.6138798, 0.37635425, 0.69386882
0.09932755, 0.43248934
0.00877849, 0.323755, -0.01633205
0.55067599, 0.49388105, -0.67290264
0.62417668, 0.65948245
-0.00897621, 0.33129552, 0.01242515
-0.34833828, 0.70998263, 0.61198765
0.66795844, 0.59211496
0.00924362, 0.33129552, 0.01242514
0.3600879, 0.70711386, 0.60850859
0.62302744, 0.59211496
-0.0, 0.28705847, -0.00371928
0.0, -0.63023776, -0.77636033
0.74578929, 0.55826923
0.00422748, 0.28705847, -0.00196821
0.54896694, -0.63023776, -0.54896694
0.75376666, 0.56573483
0.00422748, 0.28705847, 0.00648676
0.54896694, -0.63023776, 0.54896694
0.77302593, 0.55827343
-0.00422748, 0.28705847, 0.00648676
-0.54896694, -0.63023776, 0.54896694
0.76504844, 0.54025167
-0.00422748, 0.28705847, -0.0019682
-0.54896694, -0.63023776, -0.54896694
0.74578923, 0.54771307
0.00422748, 0.42306373, -0.00196818
0.54896694, 0.63023776, -0.54896694
0.87062287, 0.51477259
-0.0, 0.42306373, -0.00371925
0.0, 0.63023776, -0.77636033
0.86265945, 0.52224675
-0.00422748, 0.42306373, -0.00196817
-0.54896694, 0.63023776, -0.54896694
0.86265939, 0.53279978
-0.00422748, 0.42306373, 0.00648679
-0.54896694, 0.63026828, 0.54896694
0.88188499, 0.54023296
0.00422748, 0.42306373, 0.00648679
0.54896694, 0.63023776, 0.54896694
0.88984847, 0.5222058
-0.00422748, 0.42306373, 0.00648679
-0.54896694, 0.63026828, 0.54896694
0.94036847, 0.10353684
-0.00422748, 0.42306373, -0.00196817
-0.54896694, 0.63023776, -0.54896694
0.91952437, 0.41727567
0.00422748, 0.42306373, 0.00648679
0.54896694, 0.63023776, 0.54896694
0.94037431, 0.41731447
0.00877843, 0.13165469, -0.01919518
0.6138798, 0.37638476, 0.6938383
0.74247766, 0.7924175
0.00877826, 0.32102811, -0.02622855
0.70851773, 0.70564896, 0.0044557
0.4765183, 0.99658977
0.00877832, 0.30906925, -0.02633167
0.90307319, -0.30164495, -0.30561236
0.46954435, 0.96978169
0.0087783, 0.31313339, -0.03736626
0.6214484, -0.33280435, -0.70921963
0.44534835, 0.98471381
0.01188609, 0.33038002, 0.00895032
0.76018554, 0.64406264, 0.08532976
0.56643462, 0.99904084
0.00877849, 0.323755, -0.01633205
0.55067599, 0.49388105, -0.67290264
0.83881211, 1.0
-0.00801767, 0.11062132, -0.01174931
-0.86849576, 0.30176702, -0.39320049
0.7701546, 0.22173536
0.00877849, 0.20718203, -0.01174931
0.87655264, -0.29251993, -0.38215277
0.8830381, 0.44522882
0.00877849, 0.11062134, -0.01919518
0.90249336, 0.32355723, 0.28418836
0.9817878, 0.41731054
0.00877849, 0.20718203, -0.01174931
0.87655264, -0.29251993, -0.38215277
0.75377619, 0.83116747
-0.0080179, 0.32102808, -0.02185682
-0.57991272, 0.58970916, 0.56202888
0.87753832, 0.77604881
0.00877826, 0.32102811, -0.02185682
0.57991272, 0.58970916, 0.56202888
0.75597471, 0.8311675
0.00877826, 0.32102811, -0.02185682
0.57991272, 0.58970916, 0.56202888
0.48701, 0.99429059
0.00877832, 0.20873508, -0.01645734
0.59764397, -0.42939544, 0.67705315
0.43680713, 0.73921496
0.0087784, 0.13308385, -0.02139213
0.83263648, 0.26215398, 0.48777732
0.38241273, 0.57188004
0.00877843, 0.13165469, -0.01919518
0.6138798, 0.37638476, 0.6938383
0.38688135, 0.56751442
0.00877838, 0.2069286, -0.02082282
0.85473192, -0.29007843, 0.43037203
0.42531431, 0.73745307
0.00877838, 0.2069286, -0.02082282
0.85473192, -0.29007843, 0.43037203
0.85725576, 0.73105749
0.00877838, 0.2069286, -0.02082282
0.85473192, -0.29007843, 0.43037203
0.69194466, 0.30938405
0.0118861, 0.02534777, 0.00903827
0.99005097, 0.0270394, -0.13788262
0.39507496, 0.31382173
0.01190269, 0.08388356, 0.00374685
0.91085541, -0.30558184, 0.27735221
0.4153018, 0.44808912
0.00877849, 0.11062134, -0.01174931
0.81722462, 0.31720939, -0.48109379
0.39292014, 0.51635283
0.01190269, 0.15075979, 0.00374685
0.911008, 0.32255012, 0.25690481
0.45291749, 0.59830856
-0.01180598, 0.33038002, 0.00895032
-0.76241338, 0.64024782, 0.09350871
0.27886611, 0.00096107
-0.00801768, 0.32375494, -0.01633204
-0.54145938, 0.49436933, -0.6799829
0.21423222, 0.00248963
-0.00801767, 0.20718203, -0.01174931
-0.86910611, -0.29309976, -0.39835811
0.1596749, 0.26675165
-0.00801767, 0.20718203, -0.01633204
-0.57734919, -0.57734919, -0.57731867
0.14867471, 0.26434153
0.00924362, 0.15663873, 0.01242514
0.38590655, 0.0, 0.92251348
0.72003478, 1.0
-0.00801767, 0.03803725, -0.03243555
-0.61885434, -0.69518113, -0.36564225
0.75513721, 0.54024991
-0.01180598, 0.15828227, 0.00895032
-0.9479354, 0.2351146, 0.21463668
0.89451355, 0.77604982
-0.01160283, 0.06373424, 0.01989192
-0.86449784, 0.30576494, 0.39890742
0.63351762, 0.07976049
-0.01160283, 0.15226181, 0.0319969
-0.58705407, 0.62007505, 0.52043211
0.83881211, 0.77651565
0.00986631, 0.11224884, 0.09884755
0.58403271, -0.42182684, 0.69347209
0.94469851, 0.86603932
0.01208925, 0.15226181, 0.02249792
0.75878167, 0.63847774, 0.12872708
0.49877691, 0.59181783
-0.01160282, 0.09887113, 0.04139769
-0.56871241, -0.52876371, 0.62999362
0.22654508, 0.53804922
0.01208925, 0.09887113, 0.04139769
0.56871241, -0.52876371, 0.62999362
0.84161997, 0.16780466
0.01208925, 0.04659862, 0.07906197
0.57289344, 0.35081026, 0.74071473
0.67510474, 0.65948254
-0.00801784, 0.30906922, -0.02633167
-0.90307319, -0.30164495, -0.30561236
0.57509309, 0.99999694
-0.01160282, 0.04659862, 0.07906197
-0.56501967, 0.35343486, 0.74550617
0.69194466, 0.17585546
0.0118861, -0.10101943, -0.00042529
0.5731681, -0.55082858, -0.60664696
0.86265939, 0.44597799
-0.00937988, 0.11224884, 0.09884755
-0.58403271, -0.42182684, 0.69347209
0.94469613, 0.75470862
0.00986631, 0.16025597, 0.09021771
0.57329023, 0.69063389, 0.44077882
0.74578923, 0.44561034
-0.00937988, 0.10364904, 0.07104158
-0.68382823, -0.71605581, 0.13989684
0.57509309, 0.37862885
-0.00937989, 0.15007254, 0.03238238
-0.28006837, 0.44898832, 0.84847558
0.70437258, 0.14168262
0.0098663, 0.15007254, 0.03238238
0.28006837, 0.44898832, 0.84847558
0.74578923, 0.5810287
0.00986631, 0.10106039, 0.04101222
0.32459486, -0.14630574, 0.93444622
0.94469857, 0.99999869
0.0118861, 0.01300174, 0.00132384
-0.00030519, 0.94897306, -0.31528673
0.74895173, 0.67648706
-0.01388113, -0.0601914, 0.02555927
-0.57734919, -0.5777154, 0.5769524
0.75406909, 0.6218321
0.0118861, -0.06016991, -0.00577568
0.50349438, -0.58949554, -0.63161105
0.83881211, 0.99999606
0.01188611, -0.10148922, 0.06400277
0.57292396, -0.55833614, 0.59996337
0.57509309, 0.30938435
0.01188611, -0.10148922, 0.06400277
0.57292396, -0.55833614, 0.59996337
0.45564279, 1.025e-05
0.01349243, 0.01298716, 0.02560987
0.57731867, 0.5769524, 0.5777154
0.8830381, 0.4452281
-0.01180597, -0.0601914, 0.02555927
-0.81646168, -0.40852076, 0.40800196
0.69590598, 0.1758554
-0.01388113, -0.0601914, 0.02555927
-0.57734919, -0.5777154, 0.5769524
0.7010234, 0.17585546
-0.01388114, -0.06017682, 0.00127324
-0.7289651, -0.67632067, -0.10556352
0.7010234, 0.11984062
0.0118861, -0.06016991, -0.00577568
0.50349438, -0.58949554, -0.63161105
0.63748014, 0.10358244
0.01349243, -0.06017682, 0.00127323
0.72597432, -0.68276012, -0.08218635
0.63351887, 0.11984032
0.01349243, -0.0601914, 0.02555926
0.57734919, -0.5777154, 0.5769524
0.63351887, 0.17585522
0.0118861, -0.0601914, 0.02555926
0.81646168, -0.40852076, 0.40800196
0.63748014, 0.17585522
-0.01180597, -0.10148922, 0.06400277
-0.57292396, -0.55833614, 0.59996337
0.6166802, 1.0
-0.01388114, -0.06017682, 0.00127324
-0.7289651, -0.67632067, -0.10556352
0.72187501, 0.44522882
0.0118861, -0.06017682, 0.00127323
0.0003357, -0.94836271, -0.31714836
0.78174746, 0.44522882
-0.01180597, 0.01298716, 0.02560987
-0.84270757, 0.37226477, 0.38883632
0.79739398, 0.56223476
0.0118861, 0.01298716, 0.02560987
0.82271796, 0.3998535, 0.40400404
0.78570879, 0.08046782
0.01349243, 0.01298716, 0.02560987
0.57731867, 0.5769524, 0.5777154
0.78174746, 0.08046782
0.01349243, 0.01300174, 0.00132384
0.72606587, 0.68279064, -0.08114871
0.78174746, 0.13636649
-0.01180598, 0.01300866, -0.00572507
-0.48188725, 0.59443951, -0.64369643
0.84413457, 0.1525898
-0.01388114, 0.01300174, 0.00132384
-0.72905666, 0.67638171, -0.10455641
0.84925205, 0.13636583
-0.01388113, 0.01298716, 0.02560987
-0.57731867, 0.5769524, 0.5777154
0.84925205, 0.08046716
-0.01180597, 0.01298716, 0.02560987
-0.84270757, 0.37226477, 0.38883632
0.84413457, 0.08046722
-0.01180598, -0.0825661, 0.00122263
-0.71700186, 0.03180028, -0.69634086
0.02808688, 0.92447769
0.01349243, 0.01298716, 0.02560987
0.57731867, 0.5769524, 0.5777154
0.72003478, 0.83116792
-0.01218032, 0.01270974, 0.03631935
-0.85219884, 0.52287364, -0.0176397
0.16593409, 0.72892731
-0.01218033, 0.01776829, 0.02753345
-0.822779, 0.34220403, 0.45371869
0.14768957, 0.71294403
-0.01180597, 0.01298716, 0.02560987
-0.84270757, 0.37226477, 0.38883632
0.14036162, 0.72266638
-0.01180597, -0.0601914, 0.02555927
-0.81646168, -0.40852076, 0.40800196
0.09908646, 0.8870172
-0.01180598, -0.06017682, 0.00127323
-0.0003357, -0.94836271, -0.31714836
0.04079949, 0.87421238
-0.01180597, -0.01011961, 0.05582483
-0.78499711, 0.19107638, 0.5892514
0.19989371, 0.79046009
-0.01218032, 0.01776829, 0.04510526
-0.80724508, 0.36646625, -0.46259958
0.1898682, 0.72218508
-0.01180597, -0.00095373, 0.05585014
-0.778283, -0.19843134, 0.5957213
0.2051091, 0.76988454
-0.01180597, -0.01928549, 0.06261471
-0.64278084, 0.23963134, 0.72756124
0.21103722, 0.81461978
-0.01218032, 0.04219309, 0.04510526
-0.80913723, -0.36170536, -0.46308786
0.20360407, 0.66732082
-0.01180598, 0.01300174, 0.00132384
0.00030519, 0.94897306, -0.31528673
0.08207465, 0.70986158
-0.01180598, 0.02472792, 0.00134914
-0.58180487, 0.55214089, -0.59715569
0.08872988, 0.68353492
-0.01218033, 0.02998069, 0.02389421
-0.78707236, 0.00149541, 0.61680961
0.145822, 0.68359801
0.0118861, 0.01298716, 0.02560987
0.82271796, 0.3998535, 0.40400404
0.42789277, 0.27734178
0.0118861, 0.01300174, 0.00132384
-0.00030519, 0.94897306, -0.31528673
0.36961684, 0.29014677
0.0118861, 0.02472792, 0.00134914
0.58180487, 0.55214089, -0.59715569
0.37627316, 0.31647319
0.01197251, 0.02998069, 0.0238942
0.77962583, 0.0003357, 0.62620932
0.43334007, 0.31641394
0.01197251, 0.01776829, 0.02753345
0.8059023, 0.36484879, 0.46620074
0.4352048, 0.28706819
0.01208925, 0.04659862, 0.07906197
0.57289344, 0.35081026, 0.74071473
0.57509303, 0.3247264
0.01197252, 0.04219309, 0.04510526
0.79894406, -0.37351602, -0.47129735
0.4911136, 0.33269078
0.01197252, 0.02998069, 0.0487445
0.77709281, -0.0019837, -0.62935269
0.49297833, 0.30334496
0.01188611, 0.00821215, 0.06269062
0.67961669, -0.36667988, 0.6353038
0.51419717, 0.24711496
0.0118861, -0.01011961, 0.05582483
0.78518021, 0.19272439, 0.58845788
0.48740897, 0.20954835
0.01197252, 0.01776829, 0.04510526
0.80220956, 0.37037262, -0.46824548
0.47737545, 0.27782696
0.0118861, -0.00095373, 0.05585014
0.78344065, -0.19656973, 0.58949554
0.49262521, 0.2301237
0.01197251, 0.01270974, 0.03631935
0.84160894, 0.54005551, -0.00402844
0.45344487, 0.2710849
0.0118861, -0.06017682, 0.00127323
0.0003357, -0.94836271, -0.31714836
0.32833484, 0.12579745
0.01197252, 0.04219309, 0.04510526
0.79894406, -0.37351602, -0.47129735
0.70437157, 0.08533537
0.01197251, 0.04219309, 0.02753345
0.79967648, -0.37430951, 0.46943572
0.89525455, 0.11208272
0.01197251, 0.01776829, 0.02753345
0.8059023, 0.36484879, 0.46620074
0.94042766, 0.67474166
0.01197252, 0.01776829, 0.04510526
0.80220956, 0.37037262, -0.46824548
0.98360831, 0.61901838
-0.00801786, 0.31313339, -0.03736626
-0.6214484, -0.33280435, -0.70921963
0.15776926, 0.01528633
-0.00801767, 0.03803725, -0.03243555
-0.61885434, -0.69518113, -0.36564225
0.01489796, 0.6358144
-0.00801778, 0.06871159, -0.03187958
-0.64342171, 0.7325663, -0.22211371
0.03348292, 0.56720456
-0.00801775, 0.06192761, -0.04158157
-0.61687064, 0.36579487, -0.69685966
0.00637954, 0.57734078
0.00877837, 0.06871159, -0.03187958
0.64342171, 0.7325663, -0.22211371
0.32103655, 0.43280053
0.00877849, 0.03803726, -0.03243555
0.61885434, -0.69518113, -0.36564225
0.30244896, 0.36419129
0.00877841, 0.06192761, -0.04158157
0.61687064, 0.36579487, -0.69685966
0.29393694, 0.42266452
-0.00801775, 0.06192761, -0.04158157
-0.61687064, 0.36579487, -0.69685966
0.98189718, 0.56407097
-0.00801786, 0.31313339, -0.03736626
-0.6214484, -0.33280435, -0.70921963
0.72003484, 0.58308172
-0.00801788, 0.31711966, -0.03733189
-0.62227243, 0.34101382, -0.70458084
0.78068715, 0.27639401
0.00877849, 0.323755, -0.01633205
0.55067599, 0.49388105, -0.67290264
0.50180274, 0.99751022
0.00877849, 0.20718203, -0.01633205
0.57734919, -0.57734919, -0.57734919
0.43623427, 0.73566055
0.0118861, 0.02472792, 0.00134914
0.58180487, 0.55214089, -0.59715569
0.75183463, 0.22173542
0.01077435, 0.08388356, 0.00390154
-0.5186621, -0.56794947, 0.63902706
0.74527901, 0.75366807
0.0101842, 0.08371411, -0.00521642
-0.62871182, -0.58717614, -0.5098117
0.72003484, 0.8311675
0.0101842, 0.08371411, -0.00521642
-0.62871182, -0.58717614, -0.5098117
0.88699943, 0.2909475
0.01077435, 0.15075979, 0.00390154
-0.51768547, 0.57933289, 0.62956631
0.89257061, 0.44521898
0.01131254, 0.15059033, -0.00537111
0.79812008, 0.2939848, -0.52586442
0.74247766, 0.73239708
# Number of Faces:
314
# Face Data:
0, 1, 2
3, 4, 5
6, 7, 8
9, 10, 11
12, 13, 14
15, 16, 17
18, 19, 20
21, 22, 23
20, 24, 25
23, 26, 27
28, 29, 15
30, 31, 12
32, 33, 34
35, 36, 37
38, 39, 40
41, 42, 43
44, 45, 46
47, 48, 49
50, 51, 52
53, 54, 55
56, 57, 58
59, 60, 61
62, 63, 64
65, 66, 67
68, 69, 70
71, 72, 73
65, 74, 66
75, 76, 77
78, 77, 79
80, 81, 82
33, 83, 34
84, 85, 86
87, 88, 89
90, 91, 92
88, 93, 89
94, 95, 96
97, 98, 99
100, 101, 102
103, 104, 105
106, 107, 108
109, 110, 111
112, 113, 114
115, 116, 117
118, 117, 119
120, 121, 122
123, 122, 124
108, 125, 106
126, 124, 125
127, 128, 129
129, 130, 131
131, 132, 133
127, 132, 134
135, 136, 137
138, 139, 140
141, 142, 143
144, 145, 146
147, 144, 148
149, 150, 141
151, 138, 140
152, 94, 96
153, 154, 155
156, 157, 158
159, 160, 161
162, 163, 164
165, 166, 167
168, 169, 170
171, 172, 173
174, 175, 121
176, 177, 178
179, 180, 181
182, 183, 184
185, 186, 187
188, 189, 190
180, 191, 192
193, 194, 195
176, 196, 197
198, 199, 200
201, 202, 203
204, 205, 206
165, 207, 208
209, 210, 211
212, 210, 213
214, 215, 216
217, 215, 218
219, 220, 221
222, 220, 223
224, 225, 226
227, 228, 224
229, 230, 231
232, 233, 234
235, 236, 237
61, 238, 59
239, 240, 241
242, 243, 244
0, 245, 246
247, 248, 67
249, 250, 251
252, 253, 250
254, 255, 236
256, 257, 258
259, 260, 41
261, 262, 263
264, 265, 266
267, 268, 269
270, 271, 272
273, 274, 275
276, 277, 278
279, 280, 281
0, 246, 282
279, 281, 283
284, 283, 281
1, 285, 2
2, 284, 0
0, 282, 1
284, 281, 0
286, 5, 4
3, 287, 4
288, 4, 287
289, 290, 8
8, 291, 6
6, 292, 7
7, 293, 289
289, 8, 7
11, 294, 295
295, 296, 9
9, 297, 10
10, 298, 11
11, 295, 9
12, 31, 13
15, 29, 16
18, 299, 19
21, 16, 22
20, 19, 24
23, 22, 26
28, 300, 29
30, 301, 31
32, 84, 33
35, 302, 36
40, 303, 38
304, 38, 303
305, 39, 38
41, 306, 42
44, 307, 45
47, 308, 48
50, 309, 51
53, 310, 54
56, 311, 57
59, 312, 60
62, 313, 63
304, 303, 314
314, 315, 304
316, 317, 65
315, 318, 304
67, 318, 316
66, 247, 67
316, 65, 67
304, 318, 67
68, 319, 69
71, 320, 72
321, 66, 322
323, 259, 74
324, 41, 322
322, 41, 321
65, 323, 74
74, 322, 66
325, 326, 327
326, 328, 327
282, 76, 75
77, 325, 327
75, 1, 282
77, 327, 75
78, 325, 77
80, 329, 81
33, 330, 83
84, 32, 85
87, 331, 88
90, 332, 91
88, 333, 93
94, 334, 95
97, 335, 98
100, 336, 101
103, 337, 104
106, 338, 107
109, 339, 110
112, 340, 113
115, 341, 116
118, 115, 117
120, 174, 121
123, 120, 122
108, 126, 125
126, 123, 124
127, 134, 128
129, 128, 130
131, 130, 132
127, 133, 132
135, 342, 136
138, 343, 139
141, 150, 142
144, 344, 145
147, 344, 144
149, 345, 150
151, 346, 138
152, 347, 94
153, 348, 154
156, 349, 157
159, 350, 160
162, 351, 163
165, 352, 166
168, 353, 169
171, 354, 355
355, 356, 171
172, 357, 173
358, 359, 360
358, 360, 173
171, 356, 172
358, 173, 357
174, 361, 175
176, 197, 177
179, 362, 180
182, 363, 183
185, 364, 186
189, 365, 366
366, 367, 189
190, 368, 188
369, 370, 371
369, 371, 188
189, 367, 190
368, 369, 188
180, 362, 191
193, 372, 194
176, 373, 196
374, 375, 376
377, 378, 372
374, 376, 379
380, 374, 381
377, 372, 193
193, 382, 377
381, 199, 380
377, 382, 379
377, 379, 376
198, 380, 199
200, 383, 198
379, 381, 374
384, 376, 76
376, 375, 76
76, 385, 384
102, 77, 100
100, 77, 76
76, 375, 386
76, 386, 201
203, 100, 76
383, 200, 202
202, 200, 203
203, 76, 201
387, 388, 321
321, 41, 97
388, 389, 321
390, 391, 321
391, 387, 321
41, 335, 97
204, 392, 205
321, 97, 204
206, 390, 321
392, 393, 205
206, 321, 204
394, 393, 392
392, 395, 394
396, 208, 207
394, 395, 397
395, 398, 397
397, 398, 399
165, 167, 207
207, 387, 396
167, 400, 207
398, 396, 399
387, 391, 399
399, 396, 387
209, 213, 210
212, 401, 210
214, 218, 215
217, 402, 215
219, 223, 220
222, 403, 220
224, 228, 225
227, 404, 228
229, 238, 230
234, 281, 280
280, 232, 234
233, 405, 234
235, 254, 236
61, 230, 238
239, 243, 240
242, 240, 243
406, 246, 245
0, 407, 245
408, 245, 407
409, 67, 248
247, 410, 248
248, 411, 409
249, 252, 250
252, 412, 253
254, 413, 255
256, 414, 257
415, 306, 260
41, 324, 259
259, 323, 260
260, 416, 415
306, 41, 260
261, 417, 262
264, 418, 265
267, 419, 268
270, 420, 271
273, 421, 274
276, 422, 277
