# Project Zomboid Skinned Mesh
# File Version:
1.0
# Model Name:
Cube.004
# Vertex Stride Element Count:
3
# Vertex Stride Size (in bytes):
76
# Vertex Stride Data:
# (Int)    Offset
# (String) Type
0
VertexArray
12
NormalArray
24
TextureCoordArray
# Vertex Count:
649
# Vertex Buffer:
0.00449225, -0.00827008, 0.06140182
0.55165255, -0.65578175, 0.51533556
0.01434685, 0.64758703
0.00449225, -0.00411186, 0.06651761
0.45042267, -0.40937528, 0.79338968
0.01719196, 0.63220853
-0.00068817, -0.00411187, 0.06651761
0.0, -0.4296701, 0.90295112
0.00458782, 0.62677839
0.0098854, 0.0052922, 0.06127187
0.956267, 0.00967437, 0.29230627
0.04206104, 0.63101453
0.00449225, 0.0188545, 0.06114192
0.56624043, 0.78389841, 0.25461593
0.06663886, 0.60846633
0.00449225, 0.01703527, 0.06651761
0.46568194, 0.53651541, 0.70372629
0.05445795, 0.60293508
-0.00068817, 0.01885449, 0.06114192
0.0, 0.94720298, 0.3205359
0.07391936, 0.99533288
-0.00586858, 0.0188545, 0.06114192
-0.56624043, 0.78389841, 0.25461593
0.07009313, 0.98159747
-0.00586858, 0.01703526, 0.06651761
-0.46568194, 0.53651541, 0.70372629
0.05706184, 0.98733949
-0.01126173, 0.0052922, 0.06127187
-0.956267, 0.00967437, 0.29230627
0.04444201, 0.95938966
-0.00586858, -0.0082701, 0.06140182
-0.55165255, -0.65578175, 0.51533556
0.01495897, 0.94371497
-0.00586858, -0.00411186, 0.06651761
-0.45042267, -0.40937528, 0.79338968
0.01840936, 0.95917002
0.00449225, 0.00646174, 0.06651763
0.37626269, 0.0, 0.92648089
0.0343149, 0.61567286
-0.00068817, 0.01703527, 0.06651761
0.0, 0.58284247, 0.81255531
0.05249423, 0.58983678
-0.00586859, 0.02348994, 0.05382996
-0.54118472, 0.47959837, 0.69069493
0.09497256, 0.97480212
-0.00586858, 0.02630609, 0.05189364
-0.54753256, 0.66493726, 0.50798059
0.1031929, 0.97375254
-0.01126174, 0.00539233, 0.05176368
-0.99987793, -0.01495407, -0.00030519
0.05758025, 0.94133902
-0.00586858, 0.02855331, 0.04618155
-0.6070742, 0.73967713, 0.29032257
0.11751245, 0.96639322
-0.00586858, 0.03080063, 0.04046948
-0.63502914, 0.65050203, 0.41657767
0.13301095, 0.95799491
-0.01126173, 0.00942846, 0.04046948
-0.99987793, -0.01355022, -0.00473037
0.08296598, 0.92221741
0.0098854, 0.00475753, 0.05389487
0.99972534, -0.02267525, 0.00097659
0.0511615, 0.64462978
0.00449225, -0.01247097, 0.05395984
0.59190649, -0.80587178, 0.01452681
0.01654642, 0.6667234
0.00449225, -0.01251364, 0.05163374
0.57188636, -0.81542403, -0.0893582
0.01906852, 0.67148754
-0.00068817, 0.02348993, 0.05382989
0.0, 0.56654561, 0.82399976
0.09454111, 0.60107628
0.00449225, 0.02348993, 0.05382997
0.54118472, 0.47956786, 0.69072545
0.09185182, 0.61436471
0.00449226, 0.02630609, 0.05189363
0.54753256, 0.66493726, 0.50798059
0.09998042, 0.6153338
-0.00068817, -0.01247105, 0.05395984
0.0, -0.99981689, 0.01831111
0.00292526, 0.91832989
-0.00586858, -0.01247098, 0.05395984
-0.59190649, -0.80584127, 0.01452681
0.01638557, 0.923279
-0.00586858, -0.01251365, 0.05163375
-0.57188636, -0.81542403, -0.0893582
0.01880877, 0.91811135
-0.00586858, -0.00833801, 0.03592848
-0.59916991, -0.76006347, -0.25153357
0.04690218, 0.88585308
-0.00586859, -0.00683771, 0.03138741
-0.58507037, -0.74864954, -0.31168553
0.05677278, 0.87736502
-0.00068817, -0.0068377, 0.03138741
0.0, -0.92257452, -0.38578448
0.04778786, 0.8659668
0.00449225, 0.02855332, 0.04618155
0.6070742, 0.73967713, 0.29032257
0.11374816, 0.62252817
0.00449225, 0.03080063, 0.04046948
0.63502914, 0.65050203, 0.41657767
0.12917432, 0.6305027
-0.00068817, 0.03080063, 0.04046948
0.0, 0.84871978, 0.52879423
0.13529028, 0.61720142
0.0098854, 0.00748562, 0.04611658
0.99993896, -0.01086459, -0.00143437
0.06836062, 0.6569064
0.00449225, -0.011176, 0.0460516
0.59559923, -0.78063297, -0.18930632
0.02745883, 0.68243343
0.00449225, -0.00983825, 0.04046948
0.59096044, -0.7757805, -0.22107609
0.03730118, 0.69314766
-0.00586858, -0.01117601, 0.0460516
-0.59559923, -0.78063297, -0.18930632
0.02728818, 0.90630441
-0.00586859, -0.00983826, 0.04046948
-0.59096044, -0.7757805, -0.22107609
0.03743291, 0.89470197
-0.00068817, -0.00983839, 0.04046948
0.0, -0.96182132, -0.27359843
0.02681719, 0.88447841
0.00449225, 0.03462115, 0.03230253
0.6085391, 0.79338968, 0.01272622
0.15125459, 0.64210603
0.00449225, 0.03466136, 0.02827972
0.70046085, 0.62242502, 0.34913176
0.16126889, 0.64982074
-0.00068817, 0.03466135, 0.02827972
0.0, 0.88576925, 0.46406445
0.16820526, 0.6351383
-0.00586858, 0.03269079, 0.03839744
-0.59755242, 0.59410381, 0.53840756
0.14026552, 0.95560596
-0.00586858, 0.03458087, 0.03632535
-0.5535447, 0.77642143, 0.30112612
0.14692312, 0.95317229
-0.01126174, 0.01206689, 0.03385637
-0.99978638, -0.01886044, -0.00750755
0.09871422, 0.91108505
0.00449225, 0.03269078, 0.03839744
0.59755242, 0.59410381, 0.53840756
0.13646153, 0.63279235
0.00449225, 0.03458087, 0.03632534
0.5535447, 0.77642143, 0.30112612
0.14310789, 0.63527772
-0.00068817, 0.03458087, 0.03632535
0.0, 0.93057036, 0.36603901
0.14891486, 0.6234391
0.0098854, 0.01067253, 0.03716293
0.99984741, -0.01571703, -0.00439467
0.08789428, 0.67118633
0.00449225, -0.00833801, 0.03592848
0.59916991, -0.76006347, -0.25153357
0.04646971, 0.70144776
0.00449225, -0.00683771, 0.03138742
0.58507037, -0.74864954, -0.31168553
0.055946, 0.70943749
-0.00586858, 0.03759714, 0.02620342
-0.59025848, 0.47202978, 0.65474409
0.17747329, 0.93640949
-0.00586858, 0.04053286, 0.02412717
-0.58717614, 0.13507493, 0.79808956
0.18911764, 0.93451272
-0.01126173, 0.02359195, 0.01451121
-0.9976806, -0.05758843, 0.03585925
0.15432759, 0.88135304
0.0098854, 0.01376873, 0.03002849
0.99966431, -0.02087466, -0.01513718
0.10590451, 0.68297026
0.00449225, -0.00497819, 0.02775445
0.59627062, -0.71489608, -0.36515397
0.06474088, 0.7154766
0.00449225, -0.00311872, 0.02412141
0.59575182, -0.71541488, -0.3650319
0.07391017, 0.72146723
-0.00068817, -0.0049782, 0.02775445
0.0, -0.8901639, -0.45561084
0.05741717, 0.8589488
-0.00586858, -0.0049782, 0.02775445
-0.59627062, -0.71489608, -0.36515397
0.06587514, 0.87101857
-0.00586858, -0.00311872, 0.02412142
-0.59575182, -0.71541488, -0.3650319
0.07535619, 0.86469847
-0.00586858, 0.03462114, 0.03230253
-0.6085391, 0.79338968, 0.01272622
0.1554531, 0.94644932
-0.00586858, 0.03466136, 0.02827972
-0.70046085, 0.62242502, 0.34913176
0.16573265, 0.93854466
-0.01126174, 0.01577128, 0.02620054
-0.99987793, -0.01040681, -0.01126133
0.11933751, 0.89814112
-0.01126173, 0.04610067, 0.01643659
-0.96469009, -0.01623585, 0.26279488
0.2100995, 0.90931892
-0.00068817, 0.03759713, 0.02620341
0.0, 0.57741022, 0.81643116
0.17618702, 0.63793367
0.00449226, 0.03759713, 0.02620341
0.590289, 0.47202978, 0.65474409
0.17274067, 0.65201718
0.00449226, 0.04053285, 0.02412717
0.58717614, 0.13507493, 0.79808956
0.18358167, 0.65389144
0.0098854, 0.01968162, 0.0203559
0.99990845, 0.00552385, 0.01123081
0.13242896, 0.69618577
0.00449225, 0.00176617, 0.01450833
0.59831536, -0.71318704, -0.36515397
0.09878661, 0.73706603
0.00449225, 0.00665113, 0.00489525
0.59813225, -0.70204777, -0.38642538
0.12393066, 0.75214896
-0.00586859, 0.00176618, 0.01450833
-0.59831536, -0.71318704, -0.36515397
0.1009273, 0.84834428
-0.00586859, 0.00665113, 0.00489525
-0.59813225, -0.70204777, -0.38642538
0.12655102, 0.83242245
-0.00068817, 0.00665113, 0.00489525
0.0, -0.8773461, -0.47984251
0.11903166, 0.81998324
0.0098854, 0.04554762, -0.00080911
0.0, 0.84203619, -0.53938413
0.2159266, 0.71463922
0.0098854, 0.03942681, -0.01036416
0.64165169, 0.4794763, -0.59859002
0.21004885, 0.73785973
-0.00068817, 0.03942689, -0.0103641
0.0, 0.62517166, -0.78048038
0.23283292, 0.74894473
-0.00586858, 0.01005317, -0.00090033
0.0, -0.86239207, -0.50621051
0.14255519, 0.82316804
-0.00586858, 0.01345521, -0.00669598
-0.58955657, -0.77785575, -0.21759698
0.15949035, 0.81412829
-0.00068817, 0.01345521, -0.00669598
0.0, -0.9429304, -0.33295694
0.15252016, 0.80084889
-0.01126173, 0.05166849, 0.00874595
-0.69118321, 0.65892512, -0.29667044
0.23006985, 0.89377096
-0.01126173, 0.03942695, -0.0103641
-0.64165169, 0.4794763, -0.59859002
0.2174814, 0.84237668
-0.00556531, 0.04639621, 0.02496167
-0.4431898, -0.13431196, 0.88628805
0.20767468, 0.93704422
-0.00526211, 0.05225951, 0.02579609
-0.26590776, -0.12076174, 0.95638907
0.22338513, 0.93844212
-0.01002386, 0.05348862, 0.02124941
-0.93667412, 0.11136204, 0.33191931
0.22654097, 0.92451516
0.00449225, 0.01401754, -0.01046472
0.49671927, -0.85528123, -0.14731285
0.16621582, 0.77417943
0.00449225, 0.01457986, -0.01423352
0.44279304, -0.67558825, -0.58946502
0.17394087, 0.77835934
0.00652251, 0.01945855, -0.01504978
0.48988312, -0.41483811, -0.76674706
0.18290003, 0.77128337
-0.00068817, 0.01945856, -0.01504978
0.0, -0.16501358, -0.98626667
0.18848486, 0.79023328
-0.01126173, 0.02294986, -0.01178989
-0.94640952, -0.32154301, 0.02920621
0.18764232, 0.82235636
-0.01126173, 0.03188218, -0.01311506
-0.70708334, 0.24219489, -0.66432691
0.20571658, 0.82929324
-0.01126173, 0.02433736, -0.01586596
-0.67787713, -0.08172857, -0.73058259
0.19444813, 0.81751606
0.0098854, 0.03188204, -0.01311513
0.70708334, 0.24219489, -0.66432691
0.20040525, 0.75096318
0.0098854, 0.0243372, -0.01586603
0.67787713, -0.08172857, -0.73058259
0.19045466, 0.76291005
-0.00068817, 0.02433727, -0.01586603
0.0, 0.09179968, -0.99575794
0.20324753, 0.78471345
-0.00586858, 0.01401753, -0.01046472
-0.49671927, -0.85528123, -0.14731285
0.16820331, 0.80832741
-0.00586858, 0.01457985, -0.01423352
-0.44279304, -0.67555773, -0.58946502
0.1759125, 0.80364014
-0.00068816, 0.01457985, -0.01423352
0.0, -0.71330911, -0.70082706
0.17239328, 0.79117602
-0.00849745, 0.05577698, 0.0222575
-0.85317546, 0.47920164, 0.20599994
0.23160103, 0.9280071
-0.00849745, 0.054501, 0.02560945
-0.69032866, -0.05380413, 0.72145754
0.22842643, 0.93269631
-0.00697103, 0.0567424, 0.02542274
-0.36826685, 0.55433822, 0.74633014
0.23214164, 0.9339086
-0.00068817, 0.05319308, 0.01272433
0.0, 0.93377483, -0.35782951
0.25891256, 0.90609264
-0.01064279, 0.05319308, 0.01272434
-0.66444898, 0.72539443, -0.17960143
0.23137097, 0.90447529
-0.01002386, 0.05471773, 0.01670274
-0.70628989, 0.6702475, -0.22775963
0.23255169, 0.91506801
0.00926647, 0.04979461, 0.01884297
0.94586015, -0.04458754, 0.32145146
0.21047983, 0.66957352
0.00926647, 0.05319308, 0.01272434
0.66444898, 0.72539443, -0.17960143
0.22189447, 0.68106306
0.00864753, 0.05471773, 0.01670274
0.70628989, 0.6702475, -0.22775963
0.22273217, 0.67165101
-0.00068817, 0.04639621, 0.02496166
0.0, -0.14087343, 0.99002045
0.20070297, 0.63958454
0.00418905, 0.04639621, 0.02496166
0.4431898, -0.13431196, 0.88628805
0.20057078, 0.65217909
0.00388578, 0.0522595, 0.02579609
0.26590776, -0.12076174, 0.95638907
0.21456663, 0.65109912
0.00559476, 0.05806533, 0.02326559
0.4875637, 0.74422437, 0.45643482
0.22511788, 0.65712824
0.00559476, 0.05938833, 0.02110845
0.40177616, 0.9129917, -0.07043672
0.22766522, 0.65958774
-0.00068816, 0.05938833, 0.02110844
0.0, 0.99127173, -0.13180944
0.23786059, 0.65142527
0.00712118, 0.05577698, 0.0222575
0.85317546, 0.47917113, 0.20599994
0.22177629, 0.66022542
0.00712118, 0.05705303, 0.01890563
0.5668813, 0.73552662, -0.37092197
0.22587614, 0.6650126
-0.00068816, 0.05705302, 0.01890563
0.0, 0.68614763, -0.72740865
0.25495183, 0.92796458
-0.00849744, 0.05705303, 0.01890563
-0.5668813, 0.73552662, -0.37092197
0.23626029, 0.92257661
-0.00697103, 0.05938832, 0.02110844
-0.40177616, 0.9129917, -0.07043672
0.23840804, 0.92887808
-0.00068817, 0.05450099, 0.02560945
0.0, 0.08297983, 0.99652088
0.22157876, 0.64129338
0.00712118, 0.05450099, 0.02560945
0.69035918, -0.05380413, 0.72145754
0.21899708, 0.65607142
0.00559476, 0.05674241, 0.02542273
0.36826685, 0.55433822, 0.74633014
0.22234777, 0.65496182
-0.00068817, 0.05450099, 0.02560945
0.0, 0.08297983, 0.99652088
0.23155487, 0.94989985
-0.00068817, 0.0567424, 0.02542273
0.0, 0.52427745, 0.85152745
0.23828995, 0.94733338
-0.00068817, 0.0522595, 0.02579609
0.0, -0.02911466, 0.99957275
0.22507189, 0.95083747
-0.00068816, 0.05705302, 0.01890563
0.0, 0.68614763, -0.72740865
0.24258082, 0.65987492
-0.00068816, 0.05471773, 0.01670274
0.0, 0.83077484, -0.55656606
0.24463016, 0.66815946
-0.00068816, 0.05471773, 0.01670274
0.0, 0.83077484, -0.55656606
0.25728413, 0.91869296
0.00864753, 0.05348861, 0.02124941
0.93667412, 0.11136204, 0.33191931
0.21733144, 0.66332921
-0.00068817, 0.05806533, 0.02326559
0.0, 0.85244298, 0.52278209
0.24451387, 0.94306803
-0.00068816, 0.05938833, 0.02110844
0.0, 0.99127173, -0.13180944
0.24986571, 0.93720338
-0.00697103, 0.05806533, 0.02326559
-0.4875637, 0.74422437, 0.45643482
0.23536368, 0.93158218
-0.00068817, 0.05806533, 0.02326559
0.0, 0.85244298, 0.52278209
0.23308499, 0.64690584
-0.00068817, 0.04639621, 0.02496166
0.0, -0.14087343, 0.99002045
0.20743033, 0.95129538
-0.00068817, 0.04053286, 0.02412718
0.0, 0.23487045, 0.97201455
0.19000821, 0.95067324
-0.00068817, 0.04053286, 0.02412718
0.0, 0.23487045, 0.97201455
0.18521939, 0.63951865
0.0098854, 0.04610067, 0.0164366
0.96469009, -0.01623585, 0.26279488
0.20281747, 0.67709738
0.0098854, 0.05166849, 0.00874594
0.69118321, 0.65892512, -0.29667044
0.22104424, 0.69063413
-0.00068817, 0.05319308, 0.01272433
0.0, 0.93377483, -0.35782951
0.24597102, 0.67920312
-0.00068816, 0.05166849, 0.00874594
0.0, 0.89251381, -0.4509415
0.24637404, 0.69040078
-0.00068816, 0.05166849, 0.00874594
0.0, 0.89251381, -0.4509415
0.25941029, 0.89307091
-0.00068817, 0.01401753, -0.01046472
0.0, -0.98904383, -0.14755699
0.16071382, 0.78786786
-0.00068817, 0.01345521, -0.00669598
0.0, -0.9429304, -0.33295694
0.15028533, 0.78279361
-0.00068817, 0.01401753, -0.01046472
0.0, -0.98904383, -0.14755699
0.16206886, 0.79569615
-0.00068817, 0.03188211, -0.01311506
0.0, 0.34253976, -0.93948179
0.22479801, 0.80814284
-0.00068817, 0.02433727, -0.01586603
0.0, 0.09179968, -0.99575794
0.20338595, 0.79386334
-0.00068817, 0.03942689, -0.0103641
0.0, 0.62517166, -0.78048038
0.24045724, 0.82669894
-0.00068817, 0.03188211, -0.01311506
0.0, 0.34253976, -0.93948179
0.22038203, 0.76845759
-0.00789884, 0.01945864, -0.01504978
-0.48988312, -0.41483811, -0.76674706
0.18545191, 0.80980273
-0.01126174, 0.02644109, -0.00853001
-0.99032563, -0.13202307, 0.04202399
0.18944289, 0.8328128
0.0098854, 0.02294979, -0.01178989
0.94640952, -0.32154301, 0.02920621
0.18381116, 0.75905532
0.0098854, 0.02644102, -0.00853007
0.99032563, -0.13202307, 0.04202399
0.18481483, 0.74910265
0.00449225, 0.0134552, -0.00669598
0.58955657, -0.77785575, -0.21759698
0.15724421, 0.76913838
-0.0106428, 0.04979462, 0.01884297
-0.94586015, -0.04458754, 0.32145146
0.21876834, 0.91757701
0.00449225, 0.01005318, -0.00090033
0.0, -0.86239207, -0.50621051
0.13995302, 0.76067638
-0.00068817, 0.01005317, -0.00090033
0.0, -0.86239207, -0.50621051
0.13317579, 0.77351278
-0.00068817, 0.00665113, 0.00489525
0.0, -0.8773461, -0.47984251
0.11690265, 0.76451671
-0.00068817, 0.04554769, -0.00080911
0.0, 0.84203619, -0.53938413
0.2533794, 0.85919656
-0.01126173, 0.04554769, -0.00080904
0.0, 0.84203619, -0.53938413
0.22406334, 0.8671439
-0.00068817, 0.04554769, -0.00080911
0.0, 0.84203619, -0.53938413
0.24184901, 0.72060916
-0.00068817, 0.00176616, 0.01450833
0.0, -0.89147615, -0.45301676
0.09131217, 0.74921715
-0.00068817, -0.00311871, 0.02412141
0.0, -0.89083529, -0.45429853
0.06613442, 0.73328349
-0.00068817, -0.00311871, 0.02412141
0.0, -0.89083529, -0.45429853
0.06719606, 0.85238381
0.0098854, 0.02359196, 0.01451121
0.9976806, -0.05758843, 0.03585925
0.14982197, 0.70453405
0.0098854, 0.01577127, 0.02620053
0.99987793, -0.01040681, -0.01126133
0.11603809, 0.68883431
-0.00068817, 0.03759713, 0.02620341
0.0, 0.57741022, 0.81643116
0.18052329, 0.95169048
-0.00068817, 0.03466135, 0.02827972
0.0, 0.88576925, 0.46406445
0.17116749, 0.95401391
-0.01126174, 0.01376873, 0.03002849
-0.99966431, -0.02087466, -0.01513718
0.10891559, 0.90430005
-0.00068817, -0.0049782, 0.02775445
0.0, -0.8901639, -0.45561084
0.05678892, 0.72699738
-0.00068817, -0.0068377, 0.03138741
0.0, -0.92257452, -0.38578448
0.04763881, 0.72045425
0.0098854, 0.0120669, 0.03385638
0.99978638, -0.01886044, -0.00750755
0.09594503, 0.6765129
-0.01126173, 0.01968162, 0.0203559
-0.99990845, 0.00552385, 0.01123081
0.13627888, 0.89032232
0.0098854, 0.00942846, 0.04046948
0.99987793, -0.01355022, -0.00473037
0.08054776, 0.6659508
-0.00068817, 0.03269078, 0.03839745
0.0, 0.73879206, 0.67390972
0.14622054, 0.96837004
-0.00068817, 0.03458087, 0.03632535
0.0, 0.93057036, 0.36603901
0.15349163, 0.96445072
-0.00068817, 0.03080063, 0.04046948
0.0, 0.84871978, 0.52879423
0.13900824, 0.97166656
-0.01126173, 0.01067253, 0.03716293
-0.99984741, -0.01571703, -0.00439467
0.09047428, 0.91669124
-0.00068817, 0.03462113, 0.03230253
0.0, 0.99993896, 0.00997955
0.16253166, 0.95846649
-0.00068817, 0.03462113, 0.03230253
0.0, 0.99993896, 0.00997955
0.15891372, 0.62944511
-0.00068817, -0.01117606, 0.0460516
0.0, -0.97244179, -0.23300882
0.01678366, 0.69104904
-0.00068817, -0.00983839, 0.04046948
0.0, -0.96182132, -0.27359843
0.02753865, 0.70293519
-0.00068817, -0.01251364, 0.05163374
0.0, -0.99410993, -0.10821863
0.0075316, 0.67798233
-0.00068817, -0.01117606, 0.0460516
0.0, -0.97244179, -0.23300882
0.01543527, 0.8972592
0.0098854, 0.00539234, 0.05176368
0.99987793, -0.01495407, -0.00030519
0.05547913, 0.64805707
-0.00068817, 0.02855331, 0.04618156
0.0, 0.93057036, 0.36610004
0.12352411, 0.97920557
-0.00068817, 0.02630608, 0.05189363
0.0, 0.78276926, 0.62227243
0.10765699, 0.9862373
-0.00068817, 0.02855331, 0.04618156
0.0, 0.93057036, 0.36610004
0.11977553, 0.60933262
-0.00068817, -0.00833803, 0.03592848
0.0, -0.94949186, -0.31369975
0.03727514, 0.71198952
-0.00068817, -0.00833803, 0.03592848
0.0, -0.94949186, -0.31369975
0.0370938, 0.87484866
-0.00068817, -0.01247105, 0.05395984
0.0, -0.99981689, 0.01831111
0.00454462, 0.67211708
-0.00068817, -0.01242832, 0.05628594
0.0, -0.93920714, 0.34327221
0.00210258, 0.66610444
-0.00068817, -0.01242832, 0.05628594
0.0, -0.93920714, 0.34327221
0.00066387, 0.92547259
-0.00586858, -0.01242833, 0.05628594
-0.53514206, -0.79647207, 0.28147221
0.01427568, 0.92835039
-0.00068817, 0.02348993, 0.05382989
0.0, 0.56654561, 0.82399976
0.09808599, 0.98878699
-0.00068817, 0.02067379, 0.05576616
0.0, 0.79763174, 0.6031068
0.08872722, 0.99070838
-0.00068817, 0.02067379, 0.05576616
0.0, 0.79763174, 0.6031068
0.08625515, 0.59911647
0.00449225, 0.02067378, 0.05576614
0.60805076, 0.61299479, 0.50444043
0.08245525, 0.61393496
0.0098854, 0.00472427, 0.05602604
0.99972534, -0.00646992, 0.02191229
0.04824524, 0.64079243
0.00449225, -0.01242832, 0.05628594
0.53514206, -0.79647207, 0.28147221
0.0142988, 0.66195488
-0.01126173, 0.00748562, 0.04611658
-0.99993896, -0.01086459, -0.00143437
0.07057562, 0.93184361
-0.01126173, 0.00475753, 0.05389486
-0.99972534, -0.02267525, 0.00097659
0.05324462, 0.94500063
-0.01126173, 0.00472427, 0.05602604
-0.99972534, -0.00646992, 0.02191229
0.05037263, 0.9490555
-0.00586858, 0.02067379, 0.05576616
-0.60805076, 0.61299479, 0.50444043
0.08561578, 0.97546581
-0.00068817, 0.00646174, 0.06651761
0.0, 0.0, 0.99996948
0.02918881, 0.98825178
-0.00068817, 0.01703527, 0.06651761
0.0, 0.58284247, 0.81255531
0.05767082, 0.99993941
-0.00068817, -0.00411187, 0.06651761
0.0, -0.4296701, 0.90295112
0.00631319, 0.96652269
-0.00068817, 0.00646174, 0.06651761
0.0, 0.0, 0.99996948
0.02540465, 0.60417694
-0.00586859, 0.00646175, 0.06651761
-0.37626269, 0.0, 0.92648089
0.03744786, 0.97557
-0.00068817, 0.01885449, 0.06114192
0.0, 0.94720298, 0.3205359
0.07072827, 0.59331319
-0.00068817, -0.00827014, 0.06140182
0.0, -0.7759636, 0.63072604
6.065e-05, 0.94600006
-0.00068817, -0.00827014, 0.06140182
0.0, -0.7759636, 0.63072604
6.059e-05, 0.64649317
-0.00321552, 0.04163757, -0.02516519
-0.84475231, -0.44926298, -0.29068881
0.90817219, 0.32299411
-0.00321552, 0.04839949, -0.03844527
-0.58845788, -0.24750511, -0.7696768
0.9606275, 0.80805895
-0.00321552, 0.04393764, -0.03153446
-0.83626819, -0.2545549, -0.48561051
0.9606275, 0.08858824
0.00183919, 0.0572923, -0.03494246
0.56904811, 0.77880186, -0.26380199
0.9606275, 0.80805895
0.00183919, 0.04664461, -0.01727519
0.6481216, 0.51286358, 0.56291389
0.9606275, 0.08858824
0.00183919, 0.04163756, -0.02516519
0.84475231, -0.44926298, -0.29068881
0.21162732, 0.1033529
-0.00321552, 0.0572923, -0.03494245
-0.56904811, 0.77880186, -0.26380199
0.9606275, 0.80805895
-0.00321552, 0.04664461, -0.01727519
-0.6481216, 0.51286358, 0.56288338
0.9606275, 0.08858824
0.00183919, 0.04664461, -0.01727519
0.6481216, 0.51286358, 0.56291389
0.21162732, 0.1033529
-0.00321552, 0.0572923, -0.03494245
-0.56904811, 0.77880186, -0.26380199
0.90817219, 0.32299411
-0.00321552, 0.04163757, -0.02516519
-0.84475231, -0.44926298, -0.29068881
0.9606275, 0.08858824
-0.00321552, 0.04664461, -0.01727519
-0.6481216, 0.51286358, 0.56288338
0.9606275, 0.80805895
-0.00321552, 0.04184785, -0.0149615
-0.75621814, 0.39890742, 0.51857054
0.9606275, 0.08858824
0.00183919, 0.04184785, -0.0149615
0.75621814, 0.39890742, 0.51857054
0.21162732, 0.1033529
0.00183919, 0.04839949, -0.03844527
0.58845788, -0.24750511, -0.7696768
0.9606275, 0.08858824
-0.00321552, 0.04184785, -0.0149615
-0.75621814, 0.39890742, 0.51857054
0.90817219, 0.32299411
-0.00321552, 0.03684083, -0.02285157
-0.66374707, -0.45600757, -0.59279156
0.9606275, 0.80805895
-0.00321552, 0.032969, -0.01833583
-0.59456158, -0.80196542, -0.05755791
0.9606275, 0.08858824
0.00183919, 0.04163756, -0.02516519
0.84475231, -0.44926298, -0.29068881
0.9606275, 0.80805895
0.00183919, 0.03684081, -0.02285157
0.66374707, -0.45600757, -0.59279156
0.9606275, 0.08858824
-0.00321552, 0.03684083, -0.02285157
-0.66374707, -0.45600757, -0.59279156
0.21162732, 0.1033529
-0.00321552, 0.04163757, -0.02516519
-0.84475231, -0.44926298, -0.29068881
0.9606275, 0.80805895
-0.00321552, 0.03684083, -0.02285157
-0.66374707, -0.45600757, -0.59279156
0.9606275, 0.08858824
-0.00321552, 0.04184785, -0.0149615
-0.75621814, 0.39890742, 0.51857054
0.21162732, 0.1033529
0.00183919, 0.04163756, -0.02516519
0.84475231, -0.44926298, -0.29068881
0.90817219, 0.32299411
0.00183919, 0.04664461, -0.01727519
0.6481216, 0.51286358, 0.56291389
0.9606275, 0.80805895
0.00183919, 0.04184785, -0.0149615
0.75621814, 0.39890742, 0.51857054
0.9606275, 0.08858824
-0.00321552, 0.032969, -0.01833583
-0.59456158, -0.80196542, -0.05755791
0.90817219, 0.32299411
0.00183919, 0.03296901, -0.01833583
0.59456158, -0.80196542, -0.05755791
0.9606275, 0.80805895
0.00183919, 0.03797604, -0.01044584
0.56331062, -0.05914487, 0.82409132
0.9606275, 0.08858824
-0.00321552, 0.04184785, -0.0149615
-0.75621814, 0.39890742, 0.51857054
0.9606275, 0.80805895
-0.00321552, 0.03797604, -0.01044584
-0.56331062, -0.05914487, 0.82409132
0.9606275, 0.08858824
0.00183919, 0.03797604, -0.01044584
0.56331062, -0.05914487, 0.82409132
0.21162732, 0.1033529
0.00183919, 0.04184785, -0.0149615
0.75621814, 0.39890742, 0.51857054
0.9606275, 0.80805895
0.00183919, 0.03296901, -0.01833583
0.59456158, -0.80196542, -0.05755791
0.21162732, 0.1033529
0.00183919, 0.03684081, -0.02285157
0.66374707, -0.45600757, -0.59279156
0.9606275, 0.80805895
0.00183919, 0.03296901, -0.01833583
0.59456158, -0.80196542, -0.05755791
0.9606275, 0.08858824
-0.00321552, 0.032969, -0.01833583
-0.59456158, -0.80196542, -0.05755791
0.21162732, 0.1033529
0.00183919, 0.04168837, -0.02702882
0.77269816, -0.61592454, 0.15341654
0.9606275, 0.80805895
0.00183919, 0.03985708, -0.03026063
0.67342144, -0.40726951, 0.61693168
0.9606275, 0.08858824
0.00183919, 0.04085289, -0.03163261
0.70323801, 0.38807335, -0.59566027
0.21162732, 0.1033529
-0.00321552, 0.04168836, -0.02702882
-0.77269816, -0.61592454, 0.15341654
0.9606275, 0.08858824
0.00183919, 0.04168837, -0.02702882
0.77269816, -0.61592454, 0.15341654
0.9606275, 0.08858824
0.00183919, 0.04393765, -0.03153446
0.83626819, -0.2545549, -0.48561051
0.21162732, 0.1033529
-0.00321552, 0.04839949, -0.03844527
-0.58845788, -0.24750511, -0.7696768
0.90817219, 0.32299411
0.00183919, 0.04839949, -0.03844527
0.58845788, -0.24750511, -0.7696768
0.9606275, 0.80805895
0.00183919, 0.04393765, -0.03153446
0.83626819, -0.2545549, -0.48561051
0.9606275, 0.08858824
-0.00321552, 0.03985707, -0.03026064
-0.67342144, -0.40726951, 0.61693168
0.9606275, 0.80805895
-0.00600711, 0.0365967, -0.03276574
-0.81472212, -0.24677266, 0.52467424
0.9606275, 0.08858824
0.00463071, 0.0365967, -0.03276573
0.81472212, -0.24677266, 0.52467424
0.21162732, 0.1033529
0.00183919, 0.04393765, -0.03153446
0.83626819, -0.2545549, -0.48561051
0.9606275, 0.80805895
0.00183919, 0.04085289, -0.03163261
0.70323801, 0.38807335, -0.59566027
0.9606275, 0.08858824
-0.00321552, 0.04085289, -0.03163262
-0.70323801, 0.38807335, -0.59566027
0.21162732, 0.1033529
-0.00321552, 0.04168836, -0.02702882
-0.77269816, -0.61592454, 0.15341654
0.90817219, 0.32299411
-0.00321552, 0.04393764, -0.03153446
-0.83626819, -0.2545549, -0.48561051
0.9606275, 0.80805895
-0.00321552, 0.04085289, -0.03163262
-0.70323801, 0.38807335, -0.59566027
0.9606275, 0.08858824
-0.00321552, 0.04168836, -0.02702882
-0.77269816, -0.61592454, 0.15341654
0.9606275, 0.80805895
-0.00321552, 0.03985707, -0.03026064
-0.67342144, -0.40726951, 0.61693168
0.9606275, 0.08858824
0.00183919, 0.03985708, -0.03026063
0.67342144, -0.40726951, 0.61693168
0.21162732, 0.1033529
0.00463071, 0.03709109, -0.03401232
0.77535325, 0.26059756, -0.57518232
0.9606275, 0.80805895
0.00184295, 0.03265205, -0.03541433
0.39030123, -0.41425824, -0.82219917
0.9606275, 0.08858824
-0.00321928, 0.03265206, -0.03541433
-0.39027071, -0.41425824, -0.82219917
0.21162732, 0.1033529
0.00183919, 0.04085289, -0.03163261
0.70323801, 0.38807335, -0.59566027
0.90817219, 0.32299411
0.00183919, 0.03985708, -0.03026063
0.67342144, -0.40726951, 0.61693168
0.9606275, 0.80805895
0.00463071, 0.0365967, -0.03276573
0.81472212, -0.24677266, 0.52467424
0.9606275, 0.08858824
-0.00321552, 0.04085289, -0.03163262
-0.70323801, 0.38807335, -0.59566027
0.90817219, 0.32299411
0.00183919, 0.04085289, -0.03163261
0.70323801, 0.38807335, -0.59566027
0.9606275, 0.80805895
0.00463071, 0.03709109, -0.03401232
0.77535325, 0.26059756, -0.57518232
0.9606275, 0.08858824
-0.00321552, 0.04085289, -0.03163262
-0.70323801, 0.38807335, -0.59566027
0.9606275, 0.80805895
-0.00600705, 0.03709109, -0.03401233
-0.77535325, 0.26062807, -0.57521284
0.9606275, 0.08858824
-0.00600711, 0.0365967, -0.03276574
-0.81472212, -0.24677266, 0.52467424
0.21162732, 0.1033529
0.00184295, 0.03265205, -0.03541433
0.39030123, -0.41425824, -0.82219917
0.9606275, 0.80805895
0.00184295, 0.03228297, -0.03466909
0.39304787, -0.8811304, 0.26285592
0.9606275, 0.08858824
-0.00321928, 0.03228297, -0.03466909
-0.39304787, -0.8811304, 0.26285592
0.21162732, 0.1033529
-0.00600711, 0.0365967, -0.03276574
-0.81472212, -0.24677266, 0.52467424
0.90817219, 0.32299411
-0.00600705, 0.03709109, -0.03401233
-0.77535325, 0.26062807, -0.57521284
0.9606275, 0.80805895
-0.00321928, 0.03265206, -0.03541433
-0.39027071, -0.41425824, -0.82219917
0.9606275, 0.08858824
0.00463071, 0.0365967, -0.03276573
0.81472212, -0.24677266, 0.52467424
0.90817219, 0.32299411
-0.00600711, 0.0365967, -0.03276574
-0.81472212, -0.24677266, 0.52467424
0.9606275, 0.80805895
-0.00321928, 0.03228297, -0.03466909
-0.39304787, -0.8811304, 0.26285592
0.9606275, 0.08858824
0.00463071, 0.0365967, -0.03276573
0.81472212, -0.24677266, 0.52467424
0.9606275, 0.80805895
0.00184295, 0.03265205, -0.03541433
0.39030123, -0.41425824, -0.82219917
0.21162732, 0.1033529
0.01506517, 0.09477527, -0.02315469
0.77636033, 0.63023776, 0.0
0.9606275, 0.80805895
0.01045117, 0.09477527, -0.01201533
0.54896694, 0.63023776, 0.54896694
0.9606275, 0.08858824
0.01045117, 0.06191483, -0.01201533
0.54896694, -0.63023776, 0.54896694
0.21162732, 0.1033529
0.01045117, 0.09477527, -0.01201533
0.54896694, 0.63023776, 0.54896694
0.9606275, 0.80805895
-0.00068817, 0.09477529, -0.0074013
0.0, 0.63023776, 0.77636033
0.9606275, 0.08858824
-0.00068817, 0.06191483, -0.0074013
0.0, -0.63023776, 0.77636033
0.21162732, 0.1033529
-0.00068817, 0.06191483, -0.0074013
0.0, -0.63023776, 0.77636033
0.90817219, 0.32299411
-0.00068817, 0.09477529, -0.0074013
0.0, 0.63023776, 0.77636033
0.9606275, 0.80805895
-0.01182744, 0.09477527, -0.01201533
-0.54896694, 0.63023776, 0.54896694
0.9606275, 0.08858824
-0.01182744, 0.09477527, -0.01201533
-0.54896694, 0.63023776, 0.54896694
0.9606275, 0.80805895
-0.01644149, 0.09477529, -0.02315462
-0.77636033, 0.63023776, 0.0
0.9606275, 0.08858824
-0.0164415, 0.06191482, -0.02315462
-0.77636033, -0.63023776, 0.0
0.21162732, 0.1033529
-0.01644149, 0.09477529, -0.02315462
-0.77636033, 0.63023776, 0.0
0.9606275, 0.80805895
-0.01182744, 0.09477528, -0.03429396
-0.54896694, 0.63023776, -0.54896694
0.9606275, 0.08858824
-0.01182744, 0.06191483, -0.03429397
-0.54896694, -0.63023776, -0.54896694
0.21162732, 0.1033529
-0.01182744, 0.06191483, -0.03429397
-0.54896694, -0.63023776, -0.54896694
0.90817219, 0.32299411
-0.01182744, 0.09477528, -0.03429396
-0.54896694, 0.63023776, -0.54896694
0.9606275, 0.80805895
-0.00068817, 0.09477529, -0.03890801
0.0, 0.63023776, -0.77636033
0.9606275, 0.08858824
0.01045117, 0.09477527, -0.01201533
0.54896694, 0.63023776, 0.54896694
0.5, 0.28052926
0.01506517, 0.09477527, -0.02315469
0.77636033, 0.63023776, 0.0
0.85355341, 0.14644659
-0.01182744, 0.09477528, -0.03429396
-0.54896694, 0.63023776, -0.54896694
0.83712727, 0.63826495
0.01045117, 0.09477527, -0.03429397
0.54896694, 0.63023776, -0.54896694
0.9606275, 0.80805895
0.01506517, 0.09477527, -0.02315469
0.77636033, 0.63023776, 0.0
0.9606275, 0.08858824
0.01506517, 0.06191483, -0.02315469
0.77636033, -0.63023776, 0.0
0.21162732, 0.1033529
-0.00068817, 0.09477529, -0.03890801
0.0, 0.63023776, -0.77636033
0.9606275, 0.80805895
0.01045117, 0.09477527, -0.03429397
0.54896694, 0.63023776, -0.54896694
0.9606275, 0.08858824
0.01045111, 0.06191483, -0.03429397
0.54896694, -0.63023776, -0.54896694
0.21162732, 0.1033529
0.01506517, 0.06191483, -0.02315469
0.77636033, -0.63023776, 0.0
0.5, 0.28052926
-0.00068817, 0.06191483, -0.0074013
0.0, -0.63023776, 0.77636033
0.9606275, 0.30805898
-0.01182744, 0.06191483, -0.01201533
-0.54896694, -0.63023776, 0.54896694
0.85355341, 0.85355338
0.0063338, 0.04922949, -0.04789661
0.70708334, -0.70708334, 0.0
0.9606275, 0.80805895
0.0063338, 0.04922949, -0.04322328
0.57734919, -0.57734919, 0.57734919
0.9606275, 0.08858824
-0.00771013, 0.04922949, -0.04322328
-0.57734919, -0.57734919, 0.57734919
0.21162732, 0.1033529
0.0063338, 0.04922949, -0.04322328
0.57734919, -0.57734919, 0.57734919
0.28039318, 0.37009931
0.0063338, 0.05188791, -0.04789662
0.90450758, 0.30149236, -0.30149236
0.93615574, 0.15355051
0.0063338, 0.06194606, -0.04322328
0.70708334, 0.0, 0.70708334
0.5387696, 0.63441801
0.0063338, 0.06194606, -0.04322328
0.70708334, 0.0, 0.70708334
0.90817219, 0.32299411
0.0063338, 0.06194606, -0.04789662
0.64162111, 0.24558245, -0.72661519
0.9606275, 0.80805895
0.0063338, 0.06591547, -0.0448673
0.61958677, 0.70351267, -0.34806359
0.9606275, 0.08858824
-0.00771013, 0.06194606, -0.04322328
-0.70708334, 0.0, 0.70708334
0.28039318, 0.37009931
-0.00771013, 0.05188791, -0.04789661
-0.90450758, 0.30149236, -0.30149236
0.93615574, 0.15355051
-0.00771013, 0.04922949, -0.04322328
-0.57734919, -0.57734919, 0.57734919
0.82868546, 0.513244
0.0063338, 0.04922949, -0.04322328
0.57734919, -0.57734919, 0.57734919
0.9606275, 0.80805895
0.0063338, 0.06194606, -0.04322328
0.70708334, 0.0, 0.70708334
0.9606275, 0.08858824
-0.00771013, 0.06194606, -0.04322328
-0.70708334, 0.0, 0.70708334
0.21162732, 0.1033529
0.0063338, 0.05188791, -0.04789662
0.90450758, 0.30149236, -0.30149236
0.9606275, 0.08858824
-0.00771013, 0.05188791, -0.04789661
-0.90450758, 0.30149236, -0.30149236
0.21162732, 0.1033529
-0.00771013, 0.06591548, -0.0448673
-0.61958677, 0.70351267, -0.34806359
0.9606275, 0.80805895
-0.00771013, 0.06591548, -0.04322328
-0.57734919, 0.57734919, 0.57734919
0.9606275, 0.08858824
0.0063338, 0.06591548, -0.04322328
0.57734919, 0.57734919, 0.57734919
0.21162732, 0.1033529
0.0063338, 0.06194606, -0.04322328
0.70708334, 0.0, 0.70708334
0.9606275, 0.80805895
0.0063338, 0.06591548, -0.04322328
0.57734919, 0.57734919, 0.57734919
0.9606275, 0.08858824
-0.00771013, 0.06591548, -0.04322328
-0.57734919, 0.57734919, 0.57734919
0.21162732, 0.1033529
-0.00771013, 0.06194606, -0.04322328
-0.70708334, 0.0, 0.70708334
0.9606275, 0.80805895
-0.00771013, 0.06591548, -0.0448673
-0.61958677, 0.70351267, -0.34806359
0.21162732, 0.1033529
-0.00771013, 0.06194606, -0.04789661
-0.64162111, 0.24558245, -0.72661519
0.9606275, 0.80805895
-0.00771013, 0.06591548, -0.0448673
-0.61958677, 0.70351267, -0.34806359
0.9606275, 0.08858824
0.0063338, 0.06591547, -0.0448673
0.61958677, 0.70351267, -0.34806359
0.21162732, 0.1033529
0.0063338, 0.05188791, -0.04789662
0.90450758, 0.30149236, -0.30149236
0.90817219, 0.32299411
0.0063338, 0.04922949, -0.04977687
0.57734919, -0.57734919, -0.57734919
0.9606275, 0.08858824
-0.00771013, 0.05188791, -0.04977687
-0.57734919, 0.57734919, -0.57734919
0.90817219, 0.32299411
0.0063338, 0.05188791, -0.04977688
0.57734919, 0.57734919, -0.57734919
0.9606275, 0.80805895
-0.00771013, 0.04922949, -0.04789661
-0.70708334, -0.70708334, 0.0
0.90817219, 0.32299411
-0.00771013, 0.05188791, -0.04789661
-0.90450758, 0.30149236, -0.30149236
0.9606275, 0.80805895
-0.00771013, 0.05188791, -0.04977687
-0.57734919, 0.57734919, -0.57734919
0.9606275, 0.08858824
0.0063338, 0.05188791, -0.04789662
0.90450758, 0.30149236, -0.30149236
0.9606275, 0.80805895
0.0063338, 0.05188791, -0.04977688
0.57734919, 0.57734919, -0.57734919
0.9606275, 0.08858824
-0.00771013, 0.05188791, -0.04977687
-0.57734919, 0.57734919, -0.57734919
0.21162732, 0.1033529
-0.00771013, 0.04922949, -0.04789661
-0.70708334, -0.70708334, 0.0
0.9606275, 0.80805895
-0.00771013, 0.04922949, -0.04977687
-0.57734919, -0.57731867, -0.57734919
0.9606275, 0.08858824
0.0063338, 0.04922949, -0.04977687
0.57734919, -0.57734919, -0.57734919
0.21162732, 0.1033529
0.00823644, 0.1111296, -0.03593047
0.73195595, -0.65681934, -0.1810358
0.9606275, 0.80805895
0.00823644, 0.1111296, -0.0204515
0.73201698, -0.65730768, 0.17908262
0.9606275, 0.08858824
-0.00961277, 0.11112958, -0.0204515
-0.73201698, -0.65730768, 0.17908262
0.21162732, 0.1033529
0.00823645, 0.20564336, -0.0204515
0.9713431, 0.0, 0.23764764
0.90817219, 0.32299411
0.00823644, 0.21794349, -0.02848913
0.68309581, 0.72585225, 0.08047731
0.9606275, 0.80805895
0.00823644, 0.21613836, -0.0204515
0.67833489, 0.62892544, 0.37983337
0.9606275, 0.08858824
-0.00961277, 0.21794346, -0.02848913
-0.68309581, 0.72585225, 0.08047731
0.9606275, 0.80805895
-0.00961277, 0.21613838, -0.0204515
-0.67833489, 0.62892544, 0.37983337
0.9606275, 0.08858824
0.00823644, 0.21613836, -0.0204515
0.67833489, 0.62892544, 0.37983337
0.21162732, 0.1033529
-0.00961277, 0.21794346, -0.03593046
-0.73195595, 0.65681934, -0.1810358
0.5, 0.28052926
-0.00961277, 0.11112958, -0.03593047
-0.73195595, -0.65681934, -0.1810358
0.93615574, 0.15355051
-0.00961276, 0.20564336, -0.0204515
-0.9713431, 0.0, 0.23764764
0.61013234, 0.59750625
-0.00961277, 0.11112958, -0.0204515
-0.73201698, -0.65730768, 0.17908262
0.90817219, 0.32299411
0.00823644, 0.1111296, -0.0204515
0.73201698, -0.65730768, 0.17908262
0.9606275, 0.80805895
0.00682709, 0.1111296, -0.01774376
0.41233557, -0.60686058, 0.6794641
0.9606275, 0.08858824
-0.00961277, 0.21794346, -0.03593046
-0.73195595, 0.65681934, -0.1810358
0.90817219, 0.32299411
0.00823644, 0.21794349, -0.03593046
0.73195595, 0.65681934, -0.1810358
0.9606275, 0.80805895
0.00357535, 0.21794347, -0.0447757
0.56276131, 0.71089816, -0.42179632
0.9606275, 0.08858824
0.00823644, 0.21613836, -0.0204515
0.67833489, 0.62892544, 0.37983337
0.9606275, 0.80805895
0.0068271, 0.21415278, -0.01774376
0.42558062, 0.35459456, 0.83251441
0.9606275, 0.08858824
-0.00961277, 0.21794346, -0.03593046
-0.73195595, 0.65681934, -0.1810358
0.9606275, 0.80805895
-0.00961277, 0.21794346, -0.02848913
-0.68309581, 0.72585225, 0.08047731
0.9606275, 0.08858824
0.00823644, 0.21794349, -0.02848913
0.68309581, 0.72585225, 0.08047731
0.21162732, 0.1033529
-0.00961277, 0.21794346, -0.02848913
-0.68309581, 0.72585225, 0.08047731
0.90817219, 0.32299411
-0.00961276, 0.20564336, -0.0204515
-0.9713431, 0.0, 0.23764764
0.9606275, 0.80805895
0.00823644, 0.1111296, -0.03593047
0.73195595, -0.65681934, -0.1810358
0.5, 0.28052926
0.00823644, 0.21794349, -0.03593046
0.73195595, 0.65681934, -0.1810358
0.93615574, 0.15355051
0.00823645, 0.20564336, -0.0204515
0.9713431, 0.0, 0.23764764
0.62222153, 0.61598897
0.00357536, 0.18328857, -0.04477571
0.5796991, -0.10306101, -0.80825222
0.90817219, 0.32299411
-0.00495168, 0.18328856, -0.0447757
-0.5796991, -0.10306101, -0.80825222
0.9606275, 0.80805895
-0.00166466, 0.19507188, -0.05041672
-0.44331187, -0.15274514, -0.88323617
0.9606275, 0.08858824
-0.00961277, 0.11112958, -0.03593047
-0.73195595, -0.65681934, -0.1810358
0.9606275, 0.80805895
-0.00495168, 0.1111296, -0.04477571
-0.41044343, -0.60722679, -0.68025756
0.9606275, 0.08858824
0.00357536, 0.1111296, -0.04477571
0.41044343, -0.60722679, -0.68025756
0.21162732, 0.1033529
-0.00961277, 0.11112958, -0.03593047
-0.73195595, -0.65681934, -0.1810358
0.5, 0.28052926
-0.00961277, 0.21794346, -0.03593046
-0.73195595, 0.65681934, -0.1810358
0.93615574, 0.15355051
-0.00495168, 0.18328856, -0.0447757
-0.5796991, -0.10306101, -0.80825222
0.62222153, 0.61598897
0.00823644, 0.21794349, -0.03593046
0.73195595, 0.65681934, -0.1810358
0.5, 0.28052926
0.00823644, 0.1111296, -0.03593047
0.73195595, -0.65681934, -0.1810358
0.93615574, 0.15355051
0.00357536, 0.18328857, -0.04477571
0.5796991, -0.10306101, -0.80825222
0.62222153, 0.61598897
0.00682709, 0.1111296, -0.01774376
0.41233557, -0.60686058, 0.6794641
0.9606275, 0.80805895
0.0068271, 0.20564336, -0.01774375
0.51878417, 0.0, 0.85488451
0.9606275, 0.08858824
-0.00820341, 0.20564334, -0.01774375
-0.51878417, 0.0, 0.85488451
0.21162732, 0.1033529
0.0068271, 0.20564336, -0.01774375
0.51878417, 0.0, 0.85488451
0.9606275, 0.80805895
-0.00820341, 0.21415278, -0.01774376
-0.42558062, 0.35459456, 0.83251441
0.21162732, 0.1033529
-0.00961277, 0.11112958, -0.0204515
-0.73201698, -0.65730768, 0.17908262
0.9606275, 0.80805895
-0.00820341, 0.11112958, -0.01774376
-0.41233557, -0.60686058, 0.6794641
0.9606275, 0.08858824
-0.00820341, 0.20564334, -0.01774375
-0.51878417, 0.0, 0.85488451
0.9606275, 0.08858824
0.00823645, 0.20564336, -0.0204515
0.9713431, 0.0, 0.23764764
0.9606275, 0.80805895
0.00682709, 0.1111296, -0.01774376
0.41233557, -0.60686058, 0.6794641
0.21162732, 0.1033529
0.00823644, 0.21613836, -0.0204515
0.67833489, 0.62892544, 0.37983337
0.90817219, 0.32299411
-0.00961277, 0.21613838, -0.0204515
-0.67833489, 0.62892544, 0.37983337
0.9606275, 0.80805895
-0.00820341, 0.21415278, -0.01774376
-0.42558062, 0.35459456, 0.83251441
0.9606275, 0.08858824
-0.00495168, 0.18328856, -0.0447757
-0.5796991, -0.10306101, -0.80825222
0.90817219, 0.32299411
0.00357536, 0.18328857, -0.04477571
0.5796991, -0.10306101, -0.80825222
0.9606275, 0.80805895
0.00357536, 0.1111296, -0.04477571
0.41044343, -0.60722679, -0.68025756
0.9606275, 0.08858824
0.00028834, 0.19933395, -0.05041672
0.77251506, -0.28318125, -0.56831568
0.90817219, 0.32299411
-0.00166466, 0.19933395, -0.05041672
-0.77251506, -0.28318125, -0.56831568
0.9606275, 0.80805895
-0.00166466, 0.19933395, -0.05329989
-0.57734919, -0.57734919, -0.57734919
0.9606275, 0.08858824
0.00357535, 0.21794347, -0.0447757
0.56276131, 0.71089816, -0.42179632
0.9606275, 0.80805895
0.00028834, 0.21518576, -0.05041672
0.5409711, 0.63423568, -0.55229348
0.9606275, 0.08858824
-0.00166466, 0.21518578, -0.05041672
-0.5409711, 0.63423568, -0.55229348
0.21162732, 0.1033529
0.00357535, 0.21794347, -0.0447757
0.56276131, 0.71089816, -0.42179632
0.5, 0.28052926
0.00357536, 0.18328857, -0.04477571
0.5796991, -0.10306101, -0.80825222
0.93615574, 0.15355051
0.00028834, 0.19933395, -0.05041672
0.77251506, -0.28318125, -0.56831568
0.62222153, 0.61598897
-0.00495168, 0.18328856, -0.0447757
-0.5796991, -0.10306101, -0.80825222
0.5, 0.28052926
-0.00495168, 0.21794349, -0.04477571
-0.56276131, 0.71089816, -0.42179632
0.93615574, 0.15355051
-0.00166466, 0.19933395, -0.05041672
-0.77251506, -0.28318125, -0.56831568
0.57075977, 0.60242784
-0.00166466, 0.19933395, -0.05041672
-0.77251506, -0.28318125, -0.56831568
0.90817219, 0.32299411
0.00028834, 0.19933395, -0.05041672
0.77251506, -0.28318125, -0.56831568
0.9606275, 0.80805895
0.00028835, 0.19507189, -0.05041673
0.44331187, -0.15274514, -0.88323617
0.9606275, 0.08858824
0.00028834, 0.21330546, -0.05329988
0.61397135, 0.37595752, -0.6940214
0.9606275, 0.80805895
0.00028834, 0.19933395, -0.05329989
0.57734919, -0.57734919, -0.57734919
0.9606275, 0.08858824
-0.00166466, 0.19933395, -0.05329989
-0.57734919, -0.57734919, -0.57734919
0.21162732, 0.1033529
0.00028834, 0.21330546, -0.05329988
0.61397135, 0.37595752, -0.6940214
0.21162732, 0.1033529
-0.00166466, 0.21518578, -0.05041672
-0.5409711, 0.63423568, -0.55229348
0.9606275, 0.80805895
-0.00166467, 0.21330547, -0.05329989
-0.61397135, 0.37595752, -0.6940214
0.9606275, 0.08858824
0.00028834, 0.21518576, -0.05041672
0.5409711, 0.63423568, -0.55229348
0.9606275, 0.80805895
0.00028834, 0.21330546, -0.05329988
0.61397135, 0.37595752, -0.6940214
0.9606275, 0.08858824
-0.00166467, 0.21330547, -0.05329989
-0.61397135, 0.37595752, -0.6940214
0.21162732, 0.1033529
-0.01270631, 0.09724495, -0.03380343
-0.73015535, -0.64900661, -0.21359904
0.72299331, 0.53369772
0.01132998, 0.09724495, -0.03380344
0.73015535, -0.64900661, -0.21359904
0.66063231, 0.37518746
0.01132998, 0.09724493, -0.01910374
0.72371596, -0.68147832, 0.10855434
0.62271535, 0.37450325
0.01132998, 0.11194457, -0.03380343
0.72985017, 0.64998323, -0.21170691
0.73206747, 0.53668326
0.01132998, 0.1118401, -0.01482026
0.71614736, 0.64732808, 0.26087222
0.62918317, 0.36239994
-0.01270631, 0.11194459, -0.03380343
-0.72985017, 0.64998323, -0.21170691
0.77716416, 0.5460065
-0.01270631, 0.11184008, -0.01482026
-0.71614736, 0.64732808, 0.26087222
0.64514792, 0.37966627
-0.01270631, 0.09724495, -0.01910374
-0.72371596, -0.68147832, 0.10855434
0.63208413, 0.36514658
-0.00879839, 0.09724495, -0.00688851
-0.90597248, -0.36481827, -0.2146672
0.57341015, 0.37190616
-0.00879839, 0.10964613, -0.00720195
-0.63423568, 0.70006406, 0.32801294
0.59966576, 0.37603962
0.00742206, 0.11194459, -0.03991105
0.60524309, 0.77608567, -0.17703788
0.77900147, 0.52382892
-0.00879839, 0.11194457, -0.03991105
-0.60524309, 0.77608567, -0.17703788
0.87038922, 0.53981382
0.00742206, 0.09724495, -0.03991105
0.89226967, -0.42765588, 0.14471877
0.72090948, 0.55193096
0.00742206, 0.06148984, -0.03991105
0.90655231, 0.30100405, 0.29581591
0.39611343, 0.39471483
0.00742206, 0.06148984, -0.04550966
0.70708334, 0.0, -0.70708334
0.41033575, 0.37235838
-0.00879839, 0.09724496, -0.03991105
-0.89226967, -0.42765588, 0.14471877
0.73953426, 0.53259903
0.00742207, 0.10964611, -0.00720195
0.63423568, 0.70006406, 0.32801294
0.59463942, 0.36848241
-0.00879839, 0.10734767, 0.00368193
-0.59288311, 0.52632219, 0.60945463
0.57113755, 0.37651634
0.00742206, 0.09724495, -0.00688851
0.90597248, -0.36481827, -0.2146672
0.56679922, 0.37278259
-0.00879839, 0.11194457, -0.04550966
-0.57734919, 0.57734919, -0.57734919
0.96056682, 0.34425902
0.00742206, 0.11194459, -0.04550966
0.57734919, 0.57734919, -0.57734919
0.81114769, 0.51144165
0.00742206, 0.09724495, -0.04550966
0.70708334, 0.0, -0.70708334
0.73765951, 0.53057349
-0.00879839, 0.09724496, -0.04550966
-0.70708334, 0.0, -0.70708334
0.77089334, 0.56103811
0.00742206, 0.05685124, -0.04550966
0.57734919, -0.57734919, -0.57734919
0.39443803, 0.38166463
-0.00879839, 0.05685124, -0.04550966
-0.57734919, -0.57734919, -0.57734919
0.39460793, 0.38662994
-0.00879839, 0.06148984, -0.03991105
-0.9070406, 0.29798272, 0.29743341
0.39426175, 0.37869626
-0.00879839, 0.06148984, -0.04550966
-0.70708334, 0.0, -0.70708334
0.41037855, 0.39679939
0.00742206, 0.09724495, 0.0043088
0.77114171, 0.20468764, 0.60280162
0.54148585, 0.36989385
0.00742207, 0.10734765, 0.00368193
0.59288311, 0.52632219, 0.60945463
0.56824815, 0.36872625
-0.00879839, 0.0818245, -0.00688851
-0.70708334, 0.0, -0.70708334
0.48893145, 0.37450999
-0.00879839, 0.0818245, 0.0043088
-0.74364454, -0.37736136, 0.55186623
0.47424683, 0.37886989
-0.00879839, 0.09724495, 0.0043088
-0.77114171, 0.20468764, 0.60280162
0.54436427, 0.37623096
0.00742206, 0.0818245, -0.00688851
0.70708334, 0.0, -0.70708334
0.48680332, 0.37584031
0.00742206, 0.07944246, -0.00688851
0.70708334, 0.0, -0.70708334
0.45679775, 0.37648225
-0.00879839, 0.07944247, -0.00688851
-0.70708334, 0.0, -0.70708334
0.45829937, 0.37562251
0.00742206, 0.08182451, 0.0043088
0.74364454, -0.37736136, 0.55186623
0.4728854, 0.37145257
-0.00879839, 0.08608707, 0.00832059
-0.78295237, -0.46870327, 0.40897855
0.48631224, 0.37312657
-0.00879839, 0.09110183, 0.00844599
-0.79100925, 0.41196936, 0.45225379
0.5070166, 0.37342417
0.00742206, 0.07919175, 0.00305512
0.76021606, -0.14316233, 0.63365579
0.44950047, 0.37354654
0.00742206, 0.06627873, 0.00305512
0.75609607, 0.13367108, 0.64064455
0.39733154, 0.37577969
0.00742206, 0.06627873, -0.00688851
0.70406199, -0.00958281, -0.71004367
0.40105182, 0.38014555
-0.00879839, 0.07919176, 0.00305512
-0.76021606, -0.14316233, 0.63365579
0.45068517, 0.37870145
-0.00879839, 0.06627873, 0.00305512
-0.75609607, 0.13367108, 0.64064455
0.39869046, 0.37951875
-0.00879839, 0.06627873, -0.00688851
-0.70406199, -0.00958281, -0.71004367
0.40296057, 0.37639272
-0.00879839, 0.06164005, -0.00676313
-0.90743738, 0.29273355, -0.30133978
0.37436259, 0.37626326
0.00742206, 0.08608707, 0.00832059
0.7775811, -0.45377973, 0.43522447
0.48571, 0.37552869
0.00358901, 0.0870372, 0.01469435
0.68666649, -0.72081667, 0.09421064
0.47872099, 0.37349761
0.00742206, 0.09110183, 0.00844598
0.78566849, 0.39542833, 0.47572252
0.50548619, 0.3743822
0.00358901, 0.08941923, 0.01544654
0.59117407, 0.69115269, 0.41563159
0.48211899, 0.37484896
0.00358901, 0.08639362, 0.02103667
0.65813166, 0.56013674, 0.50303662
0.46301529, 0.37566304
0.00358901, 0.08451308, 0.01928151
0.76107061, -0.48393202, -0.43189794
0.46260074, 0.37401223
-0.00573197, 0.08941923, 0.01544654
-0.61027861, 0.6888333, 0.39115575
0.48046538, 0.37358546
-0.00573197, 0.0870372, 0.01469435
-0.71022677, -0.70104069, 0.06393628
0.47791383, 0.37528801
-0.00573197, 0.08639363, 0.02103667
-0.65813166, 0.56013674, 0.50303662
0.46258005, 0.37313032
-0.00573197, 0.08023269, 0.02528254
-0.67442852, 0.3216956, 0.66454053
0.4421002, 0.37195086
-0.00573197, 0.08451308, 0.01928151
-0.76107061, -0.48393202, -0.43189794
0.4622384, 0.37481177
-0.00573197, 0.07922971, 0.0230259
-0.74300361, -0.29941711, -0.5985595
0.44235432, 0.37490273
-0.00573197, 0.07242879, 0.02521273
-0.87917721, 0.2806482, -0.38502151
0.42136958, 0.37232661
0.00358901, 0.08023269, 0.02528254
0.67442852, 0.3216956, 0.66454053
0.44222286, 0.37699133
0.003589, 0.07922972, 0.0230259
0.74300361, -0.29941711, -0.5985595
0.44246534, 0.37401414
-0.00573197, 0.07242879, 0.02521273
0.0, 0.72045046, 0.69347209
0.41182664, 0.37935829
-0.00573197, 0.06411344, 0.02553038
0.0, 0.89788508, 0.44019899
0.38743815, 0.3778705
0.00358901, 0.06411345, 0.02553038
0.0, 0.89788508, 0.44019899
0.38745943, 0.37139195
0.00358901, 0.07242879, 0.02521273
0.87917721, 0.2806482, -0.38502151
0.42143056, 0.37670481
-0.00573197, 0.0723034, 0.02772015
-0.67583239, 0.11203345, 0.7284463
0.41755769, 0.37039024
0.00358901, 0.0723034, 0.02772015
0.67583239, 0.11203345, 0.7284463
0.41762045, 0.37867296
-0.00573197, 0.06411344, 0.02553038
-0.66539508, 0.70625937, -0.24164556
0.38262656, 0.37284708
0.00358901, 0.06273438, 0.02778701
0.64931178, -0.20722067, 0.7317118
0.38188288, 0.37881589
0.00358901, 0.05594195, 0.02353862
0.535905, -0.43586534, 0.723014
0.35789916, 0.37743878
0.00358901, 0.05844929, 0.02215949
0.67247534, 0.66264838, -0.32953885
0.36452174, 0.37634557
0.00358901, 0.06411345, 0.02553038
0.66539508, 0.70625937, -0.24164556
0.38269731, 0.3764621
0.00358901, 0.07242879, 0.02521273
0.0, 0.72045046, 0.69347209
0.41182658, 0.36976147
-0.00573197, 0.06273439, 0.02778701
-0.64931178, -0.20722067, 0.7317118
0.38176364, 0.37044901
-0.00573197, 0.05594194, 0.02353862
-0.56563008, -0.44053468, 0.6971038
0.35728392, 0.37195075
-0.00573197, 0.05175445, 0.01905922
-0.39188817, -0.58043152, 0.71379739
0.33710057, 0.36519933
-0.00573197, 0.05844928, 0.02215948
-0.69579148, 0.63023776, -0.34443191
0.36442742, 0.37315392
-0.00879839, 0.06170145, -0.02776416
-0.70632041, 0.70784628, -0.00375378
0.34858948, 0.3870542
0.00742206, 0.06170146, -0.02776416
0.70430619, 0.7098605, -0.00350963
0.35092157, 0.38688219
0.00367603, 0.05175444, 0.01905922
0.36790064, -0.60664696, 0.7046724
0.33958754, 0.38256454
0.00743577, 0.05614233, 0.01818165
0.85137486, 0.44993439, 0.26960051
0.35718361, 0.37899941
-0.00876125, 0.05614234, 0.01818165
-0.84054077, 0.49330118, 0.22385326
0.35610804, 0.37125629
-0.00879839, 0.02262744, -0.01694589
-0.57817316, -0.71037936, -0.40128788
0.44546229, 0.1777575
-0.00879839, 0.02638846, -0.00299046
-0.65935242, -0.66231269, 0.35569322
0.58981484, 0.15356505
0.00742206, 0.05938341, 0.00606395
0.7986694, 0.38975188, 0.45841852
0.3658483, 0.37222028
0.00742206, 0.06164006, -0.00676313
0.90743738, 0.29273355, -0.30133978
0.37084579, 0.3827337
-0.00879839, 0.05938342, 0.00606395
-0.7920469, 0.41932431, 0.44361705
0.36768717, 0.38373071
0.00742206, 0.02262744, -0.0169459
0.57817316, -0.71037936, -0.40128788
0.58856803, 0.16850078
0.00742206, 0.02638846, -0.00299046
0.66481519, -0.6410718, 0.38340405
0.63871974, 0.16960919
0.00439277, 0.03396741, 0.00561671
0.51332134, -0.52708519, 0.67720574
0.69176048, 0.16970301
0.00742206, 0.03915639, -0.02168308
0.76586199, -0.32151249, -0.5568102
0.41186789, 0.2423954
0.00742206, 0.05685124, -0.04242057
0.90450758, -0.30149236, -0.30149236
0.37670085, 0.38818836
0.00742206, 0.05070812, -0.04242058
0.57734919, -0.57734919, -0.57734919
0.35442293, 0.39015579
-0.00879839, 0.05070812, -0.04242057
-0.58198798, -0.57655567, -0.57344282
0.35402617, 0.38457531
-0.00878134, 0.03396741, 0.0056167
-0.68440807, -0.49235511, 0.5377056
0.68129414, 0.13747358
-0.00879839, 0.05618057, 0.01241448
-0.76323742, 0.62733847, 0.15448469
0.35133013, 0.37768888
0.00742206, 0.05618057, 0.01241448
0.80858791, 0.57188636, 0.13806574
0.35172686, 0.37464088
-0.00879839, 0.05685123, -0.04242057
-0.90609455, -0.30368969, -0.29450363
0.3814083, 0.38348192
-0.00876126, 0.05070812, -0.03991105
-0.75020599, -0.65068513, -0.11725211
0.3385143, 0.38673222
0.00742206, 0.05486425, -0.02810953
1.0, 0.0, 0.0
0.32871574, 0.38465583
0.00742206, 0.05685124, -0.03991105
1.0, 0.0, 0.0
0.36900485, 0.38980711
0.00742206, 0.05070812, -0.03991105
0.7513352, -0.64845729, -0.12237922
0.34154746, 0.39011598
-0.00879839, 0.03915639, -0.02168308
-0.76589251, -0.3208411, -0.55717641
0.72106141, 0.18614721
-0.00879839, 0.06162034, -0.01689124
-0.70842618, 0.70577103, 0.00122074
0.35016188, 0.38919103
-0.00876125, 0.05486425, -0.02810953
-0.99996948, -0.00183111, -0.00161748
0.32258511, 0.39198267
0.00742206, 0.06162035, -0.01689124
0.70815152, 0.70601517, 0.00192267
0.35059878, 0.38050514
-0.00876125, 0.04625821, -0.02854421
-0.75731683, -0.54206979, -0.36411634
0.4710063, 0.27116239
0.00742206, 0.0462582, -0.02854421
0.75835443, -0.54237497, -0.36149174
0.48215994, 0.24727774
-0.00876125, 0.05685124, -0.03991105
-0.99993896, -0.00396741, 0.00732444
0.36894411, 0.38389957
-0.00068817, 0.02630608, 0.05189363
0.0, 0.78276926, 0.62227243
0.10333829, 0.60293213
-0.00068817, -0.01251364, 0.05163374
0.0, -0.99410993, -0.10821863
0.00575217, 0.91191842
-0.00068817, 0.03269078, 0.03839745
0.0, 0.73879206, 0.67390972
0.14201327, 0.62025982
-0.00068817, 0.00176616, 0.01450833
0.0, -0.89147615, -0.45301676
0.09314328, 0.83593662
-0.00068817, 0.01005317, -0.00090033
0.0, -0.86239207, -0.50621051
0.13536835, 0.81031527
-0.00068817, 0.0522595, 0.02579609
0.0, -0.02911466, 0.99957275
0.21608239, 0.64041555
-0.00068817, 0.0567424, 0.02542273
0.0, 0.52427745, 0.85152745
0.22726992, 0.64348575
-0.00321552, 0.04168836, -0.02702882
-0.77269816, -0.61592454, 0.15341654
0.45278406, 0.20178419
0.00183919, 0.04839949, -0.03844527
0.58845788, -0.24750511, -0.7696768
0.90817219, 0.32299411
0.00183919, 0.0572923, -0.03494246
0.56904811, 0.77880186, -0.26380199
0.90817219, 0.32299411
-0.00321552, 0.04664461, -0.01727519
-0.6481216, 0.51286358, 0.56288338
0.21162732, 0.1033529
0.00183919, 0.04664461, -0.01727519
0.6481216, 0.51286358, 0.56291389
0.90817219, 0.32299411
-0.00321552, 0.04839949, -0.03844527
-0.58845788, -0.24750511, -0.7696768
0.21162732, 0.1033529
-0.00321552, 0.03797604, -0.01044584
-0.56331062, -0.05914487, 0.82409132
0.21162732, 0.1033529
-0.00321552, 0.04664461, -0.01727519
-0.6481216, 0.51286358, 0.56288338
0.90817219, 0.32299411
0.00183919, 0.03684081, -0.02285157
0.66374707, -0.45600757, -0.59279156
0.21162732, 0.1033529
0.00183919, 0.04184785, -0.0149615
0.75621814, 0.39890742, 0.51857054
0.90817219, 0.32299411
0.00183919, 0.03684081, -0.02285157
0.66374707, -0.45600757, -0.59279156
0.90817219, 0.32299411
-0.00321552, 0.03684083, -0.02285157
-0.66374707, -0.45600757, -0.59279156
0.90817219, 0.32299411
0.00183919, 0.04393765, -0.03153446
0.83626819, -0.2545549, -0.48561051
0.90817219, 0.32299411
0.00183919, 0.04168837, -0.02702882
0.77269816, -0.61592454, 0.15341654
0.21162732, 0.1033529
-0.00321552, 0.04393764, -0.03153446
-0.83626819, -0.2545549, -0.48561051
0.21162732, 0.1033529
0.00183919, 0.03985708, -0.03026063
0.67342144, -0.40726951, 0.61693168
0.90817219, 0.32299411
-0.00321552, 0.04393764, -0.03153446
-0.83626819, -0.2545549, -0.48561051
0.90817219, 0.32299411
-0.00321552, 0.03985707, -0.03026064
-0.67342144, -0.40726951, 0.61693168
0.21162732, 0.1033529
0.00183919, 0.04168837, -0.02702882
0.77269816, -0.61592454, 0.15341654
0.90817219, 0.32299411
-0.00600705, 0.03709109, -0.03401233
-0.77535325, 0.26062807, -0.57521284
0.90817219, 0.32299411
0.00463071, 0.03709109, -0.03401232
0.77535325, 0.26059756, -0.57518232
0.21162732, 0.1033529
-0.00600705, 0.03709109, -0.03401233
-0.77535325, 0.26062807, -0.57521284
0.21162732, 0.1033529
-0.00321552, 0.03985707, -0.03026064
-0.67342144, -0.40726951, 0.61693168
0.90817219, 0.32299411
-0.00321928, 0.03265206, -0.03541433
-0.39027071, -0.41425824, -0.82219917
0.90817219, 0.32299411
0.00184295, 0.03228297, -0.03466909
0.39304787, -0.8811304, 0.26285592
0.21162732, 0.1033529
0.00463071, 0.03709109, -0.03401232
0.77535325, 0.26059756, -0.57518232
0.90817219, 0.32299411
0.01506517, 0.06191483, -0.02315469
0.77636033, -0.63023776, 0.0
0.90817219, 0.32299411
0.01045117, 0.06191483, -0.01201533
0.54896694, -0.63023776, 0.54896694
0.90817219, 0.32299411
-0.01182744, 0.06191483, -0.01201533
-0.54896694, -0.63023776, 0.54896694
0.21162732, 0.1033529
-0.01182744, 0.06191483, -0.01201533
-0.54896694, -0.63023776, 0.54896694
0.90817219, 0.32299411
-0.0164415, 0.06191482, -0.02315462
-0.77636033, -0.63023776, 0.0
0.90817219, 0.32299411
-0.00068816, 0.06191482, -0.03890801
0.0, -0.63023776, -0.77636033
0.21162732, 0.1033529
-0.00068817, 0.09477529, -0.0074013
0.0, 0.63023776, 0.77636033
0.40236798, 0.1710546
-0.01644149, 0.09477529, -0.02315462
-0.77636033, 0.63023776, 0.0
0.38268173, 0.56810254
-0.01182744, 0.09477527, -0.01201533
-0.54896694, 0.63023776, 0.54896694
0.4454017, 0.39172566
0.01045117, 0.09477527, -0.03429397
0.54896694, 0.63023776, -0.54896694
0.9606275, 0.30805898
-0.00068817, 0.09477529, -0.03890801
0.0, 0.63023776, -0.77636033
0.85355341, 0.85355338
0.01045111, 0.06191483, -0.03429397
0.54896694, -0.63023776, -0.54896694
0.90817219, 0.32299411
-0.00068816, 0.06191482, -0.03890801
0.0, -0.63023776, -0.77636033
0.90817219, 0.32299411
-0.00068816, 0.06191482, -0.03890801
0.0, -0.63023776, -0.77636033
0.4454017, 0.39172566
0.01045111, 0.06191483, -0.03429397
0.54896694, -0.63023776, -0.54896694
0.40236798, 0.1710546
-0.01182744, 0.06191483, -0.03429397
-0.54896694, -0.63023776, -0.54896694
0.36545625, 0.56810254
-0.0164415, 0.06191482, -0.02315462
-0.77636033, -0.63023776, 0.0
0.83712727, 0.63826495
0.01045117, 0.06191483, -0.01201533
0.54896694, -0.63023776, 0.54896694
0.85355341, 0.14644659
0.0063338, 0.04922949, -0.04789661
0.70708334, -0.70708334, 0.0
0.5, 0.28052926
0.0063338, 0.06194606, -0.04789662
0.64162111, 0.24558245, -0.72661519
0.79389262, 0.90450853
-0.00771013, 0.06194606, -0.04789661
-0.64162111, 0.24558245, -0.72661519
0.5, 0.28052926
-0.00771013, 0.04922949, -0.04789661
-0.70708334, -0.70708334, 0.0
0.79389262, 0.90450853
-0.00771013, 0.04922949, -0.04322328
-0.57734919, -0.57734919, 0.57734919
0.90817219, 0.32299411
-0.00771013, 0.06194606, -0.04789661
-0.64162111, 0.24558245, -0.72661519
0.90817219, 0.32299411
0.0063338, 0.06591547, -0.0448673
0.61958677, 0.70351267, -0.34806359
0.90817219, 0.32299411
-0.00771013, 0.06194606, -0.04322328
-0.70708334, 0.0, 0.70708334
0.90817219, 0.32299411
0.0063338, 0.06194606, -0.04789662
0.64162111, 0.24558245, -0.72661519
0.90817219, 0.32299411
0.0063338, 0.05188791, -0.04977688
0.57734919, 0.57734919, -0.57734919
0.21162732, 0.1033529
-0.00771013, 0.04922949, -0.04977687
-0.57734919, -0.57731867, -0.57734919
0.21162732, 0.1033529
-0.00771013, 0.05188791, -0.04789661
-0.90450758, 0.30149236, -0.30149236
0.90817219, 0.32299411
0.0063338, 0.04922949, -0.04789661
0.70708334, -0.70708334, 0.0
0.90817219, 0.32299411
-0.00961277, 0.11112958, -0.03593047
-0.73195595, -0.65681934, -0.1810358
0.90817219, 0.32299411
0.00823644, 0.21794349, -0.02848913
0.68309581, 0.72585225, 0.08047731
0.90817219, 0.32299411
-0.00961277, 0.21794346, -0.02848913
-0.68309581, 0.72585225, 0.08047731
0.28039318, 0.37009931
-0.00961277, 0.11112958, -0.0204515
-0.73201698, -0.65730768, 0.17908262
0.79389262, 0.90450853
-0.00820341, 0.11112958, -0.01774376
-0.41233557, -0.60686058, 0.6794641
0.21162732, 0.1033529
-0.00495168, 0.21794349, -0.04477571
-0.56276131, 0.71089816, -0.42179632
0.21162732, 0.1033529
0.0068271, 0.20564336, -0.01774375
0.51878417, 0.0, 0.85488451
0.21162732, 0.1033529
0.00823644, 0.21794349, -0.03593046
0.73195595, 0.65681934, -0.1810358
0.90817219, 0.32299411
0.00823644, 0.1111296, -0.0204515
0.73201698, -0.65730768, 0.17908262
0.28039318, 0.37009931
0.00823644, 0.21794349, -0.02848913
0.68309581, 0.72585225, 0.08047731
0.79389262, 0.90450853
0.00028835, 0.19507189, -0.05041673
0.44331187, -0.15274514, -0.88323617
0.21162732, 0.1033529
0.00823644, 0.1111296, -0.03593047
0.73195595, -0.65681934, -0.1810358
0.90817219, 0.32299411
-0.00495168, 0.1111296, -0.04477571
-0.41044343, -0.60722679, -0.68025756
0.28039318, 0.37009931
-0.00495168, 0.21794349, -0.04477571
-0.56276131, 0.71089816, -0.42179632
0.79389262, 0.90450853
0.00357535, 0.21794347, -0.0447757
0.56276131, 0.71089816, -0.42179632
0.28039318, 0.37009931
0.00357536, 0.1111296, -0.04477571
0.41044343, -0.60722679, -0.68025756
0.79389262, 0.90450853
-0.00820341, 0.11112958, -0.01774376
-0.41233557, -0.60686058, 0.6794641
0.90817219, 0.32299411
-0.00820341, 0.20564334, -0.01774375
-0.51878417, 0.0, 0.85488451
0.90817219, 0.32299411
-0.00961276, 0.20564336, -0.0204515
-0.9713431, 0.0, 0.23764764
0.90817219, 0.32299411
-0.00961277, 0.21613838, -0.0204515
-0.67833489, 0.62892544, 0.37983337
0.90817219, 0.32299411
0.00823644, 0.1111296, -0.0204515
0.73201698, -0.65730768, 0.17908262
0.90817219, 0.32299411
0.0068271, 0.21415278, -0.01774376
0.42558062, 0.35459456, 0.83251441
0.21162732, 0.1033529
-0.00495168, 0.1111296, -0.04477571
-0.41044343, -0.60722679, -0.68025756
0.21162732, 0.1033529
0.00028834, 0.19933395, -0.05329989
0.57734919, -0.57734919, -0.57734919
0.21162732, 0.1033529
-0.00495168, 0.21794349, -0.04477571
-0.56276131, 0.71089816, -0.42179632
0.90817219, 0.32299411
0.00028834, 0.21518576, -0.05041672
0.5409711, 0.63423568, -0.55229348
0.28039318, 0.37009931
0.00028835, 0.19507189, -0.05041673
0.44331187, -0.15274514, -0.88323617
0.79389262, 0.90450853
-0.00166466, 0.19507188, -0.05041672
-0.44331187, -0.15274514, -0.88323617
0.28039318, 0.37009931
-0.00166466, 0.21518578, -0.05041672
-0.5409711, 0.63423568, -0.55229348
0.79389262, 0.90450853
-0.00166466, 0.19507188, -0.05041672
-0.44331187, -0.15274514, -0.88323617
0.21162732, 0.1033529
-0.00166467, 0.21330547, -0.05329989
-0.61397135, 0.37595752, -0.6940214
0.90817219, 0.32299411
0.00028834, 0.21518576, -0.05041672
0.5409711, 0.63423568, -0.55229348
0.90817219, 0.32299411
-0.00166466, 0.21518578, -0.05041672
-0.5409711, 0.63423568, -0.55229348
0.90817219, 0.32299411
# Number of Faces:
742
# Face Data:
0, 1, 2
3, 4, 5
6, 7, 8
9, 10, 11
12, 5, 13
14, 15, 16
17, 18, 19
20, 21, 22
23, 24, 25
26, 27, 28
29, 30, 31
32, 33, 34
35, 36, 37
38, 39, 40
41, 42, 43
44, 45, 46
47, 48, 49
50, 51, 52
53, 54, 55
56, 57, 58
59, 60, 61
62, 63, 64
55, 54, 65
66, 67, 68
69, 70, 71
72, 73, 74
75, 76, 77
78, 79, 80
65, 81, 82
83, 84, 85
86, 87, 88
89, 88, 87
90, 91, 92
93, 94, 95
96, 97, 98
99, 100, 101
102, 103, 104
105, 106, 107
108, 109, 110
111, 112, 113
114, 115, 112
116, 117, 118
119, 120, 121
122, 123, 101
84, 124, 122
110, 120, 119
125, 113, 112
126, 125, 115
127, 104, 117
114, 111, 121
128, 114, 120
128, 107, 115
129, 130, 118
123, 129, 131
121, 111, 132
133, 124, 84
134, 133, 83
135, 68, 109
109, 105, 128
136, 105, 109
136, 137, 106
138, 126, 107
139, 138, 106
140, 81, 103
99, 131, 118
85, 99, 117
85, 84, 100
141, 98, 87
142, 141, 86
79, 96, 143
144, 145, 92
146, 144, 91
76, 93, 147
96, 90, 148
79, 149, 90
149, 82, 91
89, 98, 97
145, 89, 148
95, 94, 88
150, 88, 94
151, 150, 93
152, 86, 150
153, 85, 104
65, 153, 103
65, 54, 83
154, 155, 142
71, 156, 155
74, 73, 78
157, 146, 82
140, 157, 158
137, 75, 159
70, 160, 156
161, 160, 70
162, 61, 72
67, 69, 163
42, 164, 69
164, 58, 70
165, 134, 54
63, 166, 165
42, 67, 66
167, 64, 61
46, 167, 60
45, 62, 167
168, 161, 58
169, 168, 57
31, 30, 60
41, 56, 164
48, 170, 56
170, 52, 57
171, 55, 73
64, 171, 72
63, 53, 171
47, 50, 170
33, 172, 50
172, 37, 51
44, 173, 174
18, 175, 173
34, 33, 47
176, 46, 30
19, 176, 29
18, 44, 176
62, 177, 166
45, 174, 177
48, 41, 178
36, 179, 180
22, 181, 179
28, 38, 182
32, 35, 172
25, 183, 35
183, 22, 36
17, 184, 175
15, 185, 184
25, 32, 186
51, 187, 169
37, 180, 187
39, 29, 188
21, 189, 181
190, 189, 21
191, 192, 27
193, 185, 15
194, 193, 14
195, 196, 24
24, 20, 183
196, 197, 20
197, 198, 21
199, 19, 39
16, 199, 38
15, 17, 199
200, 16, 28
201, 200, 27
202, 14, 200
203, 204, 8
11, 205, 203
1, 12, 206
9, 207, 8
201, 9, 7
201, 192, 10
208, 13, 5
195, 208, 4
194, 202, 7
3, 12, 1
197, 3, 0
197, 196, 4
10, 209, 205
192, 191, 209
198, 0, 210
149, 65, 82
65, 149, 55
55, 149, 79
163, 71, 152
151, 76, 163
137, 136, 76
68, 163, 136
163, 76, 136
211, 212, 213
214, 215, 216
217, 218, 219
220, 212, 221
222, 223, 224
220, 214, 225
226, 227, 228
229, 230, 231
232, 233, 234
235, 236, 237
238, 239, 240
241, 242, 243
244, 240, 245
246, 247, 248
249, 250, 251
235, 232, 252
229, 253, 254
255, 256, 257
258, 259, 260
261, 262, 263
264, 265, 266
267, 268, 269
270, 271, 272
273, 274, 275
276, 277, 278
279, 280, 281
282, 283, 284
285, 286, 287
288, 289, 290
291, 283, 292
293, 294, 295
296, 297, 298
299, 300, 301
302, 303, 304
305, 306, 307
308, 309, 310
311, 312, 313
314, 315, 316
317, 318, 319
320, 321, 322
323, 324, 325
326, 327, 328
329, 330, 331
332, 333, 334
335, 336, 337
330, 338, 339
340, 341, 342
343, 344, 345
346, 341, 347
348, 349, 350
351, 323, 352
353, 354, 352
355, 356, 357
358, 359, 360
361, 362, 363
364, 365, 366
367, 368, 369
370, 371, 372
373, 374, 375
376, 377, 378
379, 380, 381
367, 382, 383
384, 385, 386
387, 388, 371
389, 390, 391
392, 393, 394
395, 396, 397
398, 399, 400
401, 402, 403
404, 405, 406
407, 383, 408
409, 410, 406
388, 411, 408
412, 405, 413
414, 415, 416
417, 418, 419
420, 421, 422
423, 424, 425
426, 427, 428
429, 430, 431
432, 433, 434
435, 436, 437
433, 436, 438
432, 439, 440
441, 442, 443
444, 445, 446
447, 448, 446
449, 450, 448
449, 444, 451
451, 452, 453
447, 454, 455
456, 457, 458
444, 459, 456
449, 455, 459
447, 445, 456
460, 453, 461
446, 448, 460
448, 450, 453
446, 462, 452
463, 464, 465
455, 463, 466
454, 464, 463
456, 465, 464
458, 467, 468
456, 459, 469
466, 470, 469
465, 458, 470
471, 472, 461
462, 460, 472
452, 473, 474
452, 475, 461
476, 477, 478
462, 471, 479
462, 476, 473
474, 480, 481
482, 483, 484
473, 478, 485
476, 479, 482
479, 474, 485
486, 487, 488
485, 486, 483
477, 484, 487
485, 478, 487
480, 489, 490
479, 471, 491
471, 475, 481
479, 489, 480
492, 493, 494
481, 495, 492
491, 492, 490
481, 480, 496
493, 497, 498
495, 496, 499
490, 494, 499
492, 495, 497
498, 500, 501
494, 493, 502
499, 500, 498
499, 494, 503
504, 505, 506
500, 503, 507
502, 498, 508
502, 509, 507
504, 501, 510
511, 512, 513
510, 514, 506
509, 511, 514
508, 501, 510
507, 515, 506
509, 508, 516
512, 517, 518
516, 510, 519
510, 514, 513
516, 517, 512
520, 521, 457
512, 522, 523
517, 519, 524
513, 523, 524
488, 525, 526
483, 527, 528
486, 529, 527
487, 484, 528
525, 530, 531
528, 527, 531
526, 531, 532
528, 530, 533
534, 535, 536
529, 526, 537
529, 538, 539
527, 539, 532
524, 523, 539
524, 538, 537
522, 532, 523
532, 522, 518
469, 470, 540
458, 457, 534
534, 540, 468
541, 536, 535
521, 542, 543
540, 536, 541
534, 543, 544
545, 546, 547
488, 546, 545
525, 545, 533
488, 528, 548
544, 543, 542
533, 545, 549
548, 521, 520
521, 548, 542
549, 541, 544
533, 550, 542
546, 520, 547
551, 547, 520
541, 549, 547
518, 524, 537
532, 539, 523
210, 0, 2
12, 3, 5
204, 6, 8
207, 9, 11
206, 12, 13
200, 14, 16
199, 17, 19
183, 20, 22
552, 23, 25
553, 26, 28
188, 29, 31
186, 32, 34
172, 35, 37
182, 38, 40
178, 41, 43
176, 44, 46
554, 47, 49
170, 50, 52
171, 53, 55
164, 56, 58
162, 59, 61
167, 62, 64
135, 66, 68
163, 69, 71
555, 72, 74
159, 75, 77
556, 78, 80
153, 83, 85
150, 86, 88
98, 89, 87
148, 90, 92
147, 93, 95
143, 96, 98
131, 99, 101
127, 102, 104
128, 105, 107
557, 108, 110
132, 111, 113
111, 114, 112
130, 116, 118
558, 119, 121
100, 122, 101
100, 84, 122
557, 110, 119
115, 125, 112
107, 126, 115
116, 127, 117
120, 114, 121
110, 128, 120
114, 128, 115
131, 129, 118
101, 123, 131
558, 121, 132
83, 133, 84
54, 134, 83
108, 135, 109
110, 109, 128
68, 136, 109
105, 136, 106
106, 138, 107
137, 139, 106
102, 140, 103
117, 99, 118
104, 85, 117
99, 85, 100
86, 141, 87
152, 142, 86
80, 79, 143
91, 144, 92
82, 146, 91
77, 76, 147
97, 96, 148
96, 79, 90
90, 149, 91
148, 89, 97
92, 145, 148
89, 95, 88
93, 150, 94
76, 151, 93
151, 152, 150
103, 153, 104
81, 65, 103
153, 65, 83
152, 154, 142
154, 71, 155
556, 74, 78
158, 157, 82
81, 140, 158
139, 137, 159
71, 70, 156
58, 161, 70
555, 162, 72
68, 67, 163
67, 42, 69
69, 164, 70
53, 165, 54
53, 63, 165
43, 42, 66
60, 167, 61
30, 46, 60
46, 45, 167
57, 168, 58
52, 169, 57
59, 31, 60
42, 41, 164
41, 48, 56
56, 170, 57
72, 171, 73
61, 64, 72
64, 63, 171
48, 47, 170
47, 33, 50
50, 172, 51
45, 44, 174
44, 18, 173
554, 34, 47
29, 176, 30
39, 19, 29
19, 18, 176
63, 62, 166
62, 45, 177
49, 48, 178
37, 36, 180
36, 22, 179
553, 28, 182
33, 32, 172
32, 25, 35
35, 183, 36
18, 17, 175
17, 15, 184
552, 25, 186
52, 51, 169
51, 37, 187
40, 39, 188
22, 21, 181
198, 190, 21
26, 191, 27
14, 193, 15
202, 194, 14
23, 195, 24
25, 24, 183
24, 196, 20
20, 197, 21
38, 199, 39
28, 16, 38
16, 15, 199
27, 200, 28
192, 201, 27
201, 202, 200
207, 203, 8
207, 11, 203
2, 1, 206
7, 9, 8
202, 201, 7
9, 201, 10
4, 208, 5
196, 195, 4
6, 194, 7
0, 3, 1
198, 197, 0
3, 197, 4
11, 10, 205
10, 192, 209
190, 198, 210
73, 55, 79
151, 163, 152
559, 211, 213
560, 214, 216
561, 217, 219
562, 220, 221
563, 222, 224
564, 220, 225
565, 226, 228
211, 229, 231
566, 232, 234
567, 235, 237
565, 238, 240
568, 241, 243
569, 244, 245
570, 246, 248
571, 249, 251
572, 235, 252
560, 229, 254
573, 255, 257
574, 258, 260
575, 261, 263
576, 264, 266
577, 267, 269
578, 270, 272
579, 273, 275
580, 276, 278
581, 279, 281
582, 282, 284
284, 285, 287
583, 288, 290
584, 291, 292
585, 293, 295
586, 296, 298
587, 299, 301
588, 302, 304
589, 305, 307
590, 308, 310
313, 591, 311
313, 592, 593
594, 595, 313
313, 312, 594
313, 593, 591
596, 314, 316
597, 317, 319
598, 599, 320
320, 600, 598
320, 322, 601
320, 602, 321
601, 600, 320
355, 323, 325
327, 326, 603
327, 604, 328
342, 329, 331
333, 332, 605
333, 606, 334
607, 335, 337
608, 330, 339
609, 340, 342
610, 343, 345
608, 346, 347
611, 348, 350
612, 351, 352
613, 353, 352
613, 355, 357
614, 358, 360
615, 361, 363
616, 364, 366
617, 370, 372
375, 618, 373
374, 619, 375
620, 376, 378
621, 379, 381
622, 367, 383
623, 384, 386
391, 624, 389
390, 625, 391
626, 392, 394
627, 395, 397
400, 628, 398
399, 629, 400
403, 630, 401
402, 631, 403
632, 404, 406
633, 407, 408
634, 409, 406
635, 388, 408
636, 412, 413
637, 414, 416
638, 417, 419
639, 420, 422
640, 423, 425
428, 641, 426
427, 642, 428
431, 643, 429
430, 644, 431
645, 432, 434
646, 435, 437
647, 433, 438
437, 432, 440
648, 441, 443
451, 444, 446
445, 447, 446
447, 449, 448
450, 449, 451
450, 451, 453
449, 447, 455
465, 456, 458
445, 444, 456
444, 449, 459
454, 447, 456
472, 460, 461
462, 446, 460
460, 448, 453
451, 446, 452
466, 463, 465
459, 455, 466
455, 454, 463
454, 456, 464
470, 458, 468
457, 456, 469
459, 466, 469
466, 465, 470
475, 471, 461
471, 462, 472
475, 452, 474
453, 452, 461
473, 476, 478
476, 462, 479
452, 462, 473
475, 474, 481
477, 482, 484
474, 473, 485
477, 476, 482
482, 479, 485
529, 486, 488
482, 485, 483
478, 477, 487
486, 485, 487
496, 480, 490
489, 479, 491
491, 471, 481
474, 479, 480
490, 492, 494
491, 481, 492
489, 491, 490
495, 481, 496
502, 493, 498
497, 495, 499
496, 490, 499
493, 492, 497
508, 498, 501
503, 494, 502
497, 499, 498
500, 499, 503
515, 504, 506
501, 500, 507
509, 502, 508
503, 502, 507
505, 504, 510
514, 511, 513
505, 510, 506
507, 509, 514
516, 508, 510
514, 507, 506
511, 509, 516
522, 512, 518
517, 516, 519
519, 510, 513
511, 516, 512
469, 520, 457
513, 512, 523
518, 517, 524
519, 513, 524
529, 488, 526
484, 483, 528
483, 486, 527
488, 487, 528
526, 525, 531
530, 528, 531
537, 526, 532
548, 528, 533
540, 534, 536
538, 529, 537
527, 529, 539
531, 527, 532
538, 524, 539
537, 532, 518
540, 551, 469
470, 468, 540
534, 467, 458
457, 543, 534
467, 534, 468
544, 541, 535
457, 521, 543
551, 540, 541
535, 534, 544
549, 545, 547
525, 488, 545
530, 525, 533
546, 488, 548
550, 544, 542
550, 533, 549
546, 548, 520
550, 549, 544
548, 533, 542
469, 551, 520
551, 541, 547
