# Project Zomboid Skinned Mesh
# File Version:
1.0
# Model Name:
Cube
# Vertex Stride Element Count:
3
# Vertex Stride Size (in bytes):
76
# Vertex Stride Data:
# (Int)    Offset
# (String) Type
0
VertexArray
12
NormalArray
24
TextureCoordArray
# Vertex Count:
494
# Vertex Buffer:
0.0036398, 0.12938043, -0.03219705
0.60484636, 0.42286447, -0.67476422
0.50485122, 0.15704954
0.00363982, 0.01532022, -0.01100834
0.30149236, 0.90450758, 0.30149236
0.42888406, 0.57198831
0.00363982, 0.01532022, -0.01682414
0.90453809, -0.30143133, -0.30149236
0.44973528, 0.57195243
0.0036398, 0.12938043, -0.03219705
0.60484636, 0.42286447, -0.67476422
0.84882545, 0.1548627
-0.01619536, 0.01532021, -0.03219705
-0.57734919, -0.57734919, -0.57734919
0.92005724, 0.56980765
-0.01619538, 0.12938043, -0.03219705
-0.60484636, 0.42286447, -0.67476422
0.92005724, 0.1548627
-0.01619536, 0.01532021, -0.01682414
-0.90453809, -0.30149236, -0.30143133
0.18467754, 0.15472138
-0.01619536, 0.01532021, -0.01100834
-0.30149236, 0.30149236, 0.90450758
0.16382621, 0.1546858
-0.01619538, 0.12938043, -0.03219705
-0.60484636, 0.42286447, -0.67476422
0.23979376, 0.56962585
-0.01619538, 0.12938043, -0.03219705
-0.60484636, 0.42286447, -0.67476422
0.42441291, 0.05169421
0.0036398, 0.13645509, -0.01759473
0.66005433, 0.73216957, -0.16800439
0.49564472, 0.10763782
0.0036398, 0.12938043, -0.03219705
0.60484636, 0.42286447, -0.67476422
0.49564472, 0.05169421
-0.01239808, 0.1301305, -0.01472057
-0.54896694, -0.63023776, 0.54896694
0.68732035, 0.05494308
-0.01492761, 0.1301305, -0.02082741
-0.77636033, -0.63023776, 0.0
0.704099, 0.07194787
-0.00629126, 0.1301305, -0.02946373
0.0, -0.63023776, -0.77636033
0.74461609, 0.05494303
-0.01492761, 0.1301305, -0.02082741
-0.77636033, -0.63023776, 0.0
0.64003938, 0.00617415
-0.01239808, 0.14283723, -0.02693421
-0.54896694, 0.63023776, -0.54896694
0.66245449, 0.05215335
-0.01239808, 0.1301305, -0.02693421
-0.54896694, -0.63023776, -0.54896694
0.66245449, 0.00594175
0.00234508, 0.1301305, -0.02082741
0.77636033, -0.63023776, 0.0
0.59639168, 0.01160711
-0.00018445, 0.14283723, -0.01472057
0.54896694, 0.63023776, 0.54896694
0.61776507, 0.05750924
-0.00018445, 0.1301305, -0.01472057
0.54896694, -0.63023776, 0.54896694
0.61776507, 0.01129794
-0.01239808, 0.1301305, -0.02693421
-0.54896694, -0.63023776, -0.54896694
0.42441291, 0.00533313
-0.00629126, 0.14283723, -0.02946373
0.0, 0.63023776, -0.77636033
0.4463436, 0.05169421
-0.00629126, 0.1301305, -0.02946373
0.0, -0.63023776, -0.77636033
0.4463436, 0.00546771
-0.00018445, 0.1301305, -0.01472057
0.54896694, -0.63023776, 0.54896694
0.57397598, 0.05581802
-0.00629126, 0.14283723, -0.01219105
0.0, 0.63023776, 0.77636033
0.55204529, 0.01269227
-0.00629126, 0.1301305, -0.01219105
0.0, -0.63023776, 0.77636033
0.55204529, 0.05781841
-0.01239808, 0.14283723, -0.01472057
-0.54896694, 0.63023776, 0.54896694
0.53011459, 0.01069188
-0.01239808, 0.1301305, -0.01472057
-0.54896694, -0.63023776, 0.54896694
0.53011459, 0.05581802
-0.00018445, 0.14283723, -0.02693421
0.54896694, 0.63023776, -0.54896694
0.46827433, 0.05155969
-0.00018445, 0.1301305, -0.02693421
0.54896694, -0.63023776, -0.54896694
0.4682743, 0.00533313
-0.01239808, 0.1301305, -0.01472057
-0.54896694, -0.63023776, 0.54896694
0.61866516, 0.005867
-0.01492761, 0.14283723, -0.02082741
-0.77636033, 0.63023776, 0.0
0.64003938, 0.05238569
-0.00018445, 0.1301305, -0.02693421
0.54896694, -0.63023776, -0.54896694
0.57397592, 0.01137328
0.00234508, 0.14283723, -0.02082741
0.77636033, 0.63023776, 0.0
0.59639168, 0.05781841
-0.01239808, 0.14283723, -0.01472057
-0.54896694, 0.63023776, 0.54896694
0.9367283, 0.1953631
-0.00629126, 0.14283723, -0.01219105
0.0, 0.63023776, 0.77636033
0.92005724, 0.21244401
0.00234508, 0.14283723, -0.02082741
0.77636033, 0.63023776, 0.0
0.9367283, 0.25335586
-0.01007462, 0.14172387, -0.02082741
-1.0, 0.0, 0.0
0.95329976, 0.69155005
-0.00896651, 0.17135529, -0.02350264
-0.54896694, 0.63023776, -0.54896694
0.94348025, 0.58388913
-0.00896651, 0.14172387, -0.02350264
-0.70708334, 0.0, -0.70708334
0.94348025, 0.69165185
-0.01007463, 0.17135529, -0.02082741
-0.77636033, 0.63023776, 0.0
0.61054713, 0.0606572
-0.00629127, 0.17135529, -0.01704403
0.0, 0.63023776, 0.77636033
0.59291571, 0.06819892
-0.00629127, 0.17135529, -0.02461075
0.0, 0.63023776, -0.77636033
0.6178503, 0.07857972
-0.0025079, 0.14172387, -0.02082741
1.0, 0.0, 0.0
0.83581161, 0.11707878
-0.00361602, 0.17135529, -0.01815213
0.54896694, 0.63023776, 0.54896694
0.8264485, 0.0094521
-0.00361602, 0.14172387, -0.01815213
0.70708334, 0.0, 0.70708334
0.8264485, 0.1172142
-0.00896651, 0.14172387, -0.02350264
-0.70708334, 0.0, -0.70708334
0.61213028, 0.19397795
-0.00629127, 0.17135529, -0.02461075
0.0, 0.63023776, -0.77636033
0.60252297, 0.08612138
-0.00629126, 0.14172387, -0.02461075
0.0, 0.0, -1.0
0.60252297, 0.193919
-0.00361602, 0.14172387, -0.01815213
0.70708334, 0.0, 0.70708334
0.98187786, 0.69080827
-0.00629127, 0.17135529, -0.01704403
0.0, 0.63023776, 0.77636033
0.97227061, 0.58645296
-0.00629126, 0.14172387, -0.01704403
0.0, 0.0, 1.0
0.97227061, 0.69168457
-0.00896651, 0.17135529, -0.01815213
-0.54896694, 0.63023776, 0.54896694
0.96266329, 0.58557662
-0.00896651, 0.14172387, -0.01815213
-0.70708334, 0.0, 0.70708334
0.96266329, 0.69080827
-0.00361602, 0.17135529, -0.02350264
0.54896694, 0.63023776, -0.54896694
0.59291571, 0.08618033
-0.00361602, 0.14172387, -0.02350264
0.70708334, 0.0, -0.70708334
0.59291571, 0.19397795
-0.00896651, 0.14172387, -0.01815213
-0.70708334, 0.0, 0.70708334
0.96266329, 0.69168457
-0.01007463, 0.17135529, -0.02082741
-0.77636033, 0.63023776, 0.0
0.95329976, 0.58378735
-0.00361602, 0.14172387, -0.02350264
0.70708334, 0.0, -0.70708334
0.84563142, 0.11718124
-0.0025079, 0.17135529, -0.02082741
0.77636033, 0.63023776, 0.0
0.83581161, 0.00931668
-0.01619538, 0.13645509, -0.01100838
-0.57734919, 0.57734919, 0.57734919
0.42441294, 0.1314109
-0.01619538, 0.13645509, -0.01759473
-0.66005433, 0.73216957, -0.16800439
0.42441291, 0.10763782
-0.01507464, 0.12015426, -0.01100838
-0.15515611, 0.21131016, 0.96499527
0.91603249, 0.94211008
0.00241294, 0.11232789, -0.00089234
0.64101076, 0.42249826, 0.6407361
0.85323137, 0.906316
0.00241294, 0.12015426, -0.01100838
0.15515611, 0.21131016, 0.96499527
0.85323137, 0.9421101
-0.01507463, 0.07995942, 0.00435696
-0.69283122, 0.04657125, 0.71956539
0.05508908, 0.74153858
-0.01507464, 0.10427986, 0.00119365
-0.69338053, 0.13711967, 0.70738852
0.0437478, 0.65307158
-0.01507464, 0.12015426, -0.01100838
-0.15515611, 0.21131016, 0.96499527
1.1e-07, 0.59526536
-0.01507464, 0.11232789, -0.00089234
-0.64101076, 0.42249826, 0.6407361
0.91603243, 0.906316
0.00241294, 0.10427986, 0.00119365
0.69338053, 0.13711967, 0.70738852
0.85323131, 0.87608499
0.00241295, 0.04809376, 0.00435696
0.90050966, 0.29883724, 0.31583604
0.85323131, 0.67404705
-0.01507463, 0.07995942, 0.00435696
-0.69283122, 0.04657125, 0.71956539
0.91603243, 0.78721315
-0.01507463, 0.04809376, 0.00435696
-0.8997162, 0.29841, 0.31843013
0.91603243, 0.67404699
-0.01507464, 0.10427986, 0.00119365
-0.69338053, 0.13711967, 0.70738852
0.91603243, 0.87608497
0.00241295, 0.07995947, 0.00435696
0.69283122, 0.04657125, 0.71956539
0.85323131, 0.78721316
-0.0141886, 0.08863264, 0.050155
-0.69011503, -0.6817835, 0.24265267
0.53377295, 0.37324345
-0.0141886, 0.10875992, 0.04508204
-0.7267983, 0.64946443, -0.22342601
0.60823566, 0.36995387
-0.0141886, 0.1052099, 0.03094152
-0.72020632, 0.68141729, -0.13013092
0.6060555, 0.31705981
0.00152537, 0.11433698, 0.05768232
0.57493818, 0.7561571, 0.3124485
0.91024256, 0.15486264
-0.0141886, 0.09528507, 0.06508135
-0.57994324, -0.31012911, 0.75328839
0.96667433, 0.08135152
0.00152537, 0.09528507, 0.06508135
0.57994324, -0.31012911, 0.75328839
0.91024256, 0.08135152
-0.0141886, 0.10875992, 0.04508204
-0.7267983, 0.64946443, -0.22342601
0.82007909, 0.07389784
0.00152537, 0.11433698, 0.05768232
0.57493818, 0.7561571, 0.3124485
0.76364732, 0.02586597
0.00152537, 0.10875992, 0.04508204
0.7267983, 0.64946443, -0.22342601
0.76364732, 0.07389784
-0.0141886, 0.08863264, 0.050155
-0.69011503, -0.6817835, 0.24265267
0.76364726, 0.37637818
0.00152537, 0.09528507, 0.06508135
0.57994324, -0.31012911, 0.75328839
0.70721549, 0.43120646
-0.0141886, 0.09528507, 0.06508135
-0.57994324, -0.31012911, 0.75328839
0.76364726, 0.43120646
0.00152537, 0.10325851, 0.01618714
0.71733755, 0.69408244, -0.06024354
0.69849342, 0.36203158
0.00152537, 0.1052099, 0.03094152
0.72020632, 0.68141729, -0.13013092
0.69460583, 0.30812627
0.00152537, 0.08421054, 0.03383455
0.69109166, -0.70949429, 0.13776055
0.6186651, 0.31322795
-0.0141886, 0.10263254, 0.00119365
-0.71629995, 0.69716483, -0.02908414
0.82007909, 0.23511434
0.00152537, 0.10325851, 0.01618714
0.71733755, 0.69408244, -0.06024354
0.76364732, 0.18070984
0.00152537, 0.10263254, 0.00119365
0.71629995, 0.69716483, -0.02908414
0.76364732, 0.2351144
-0.0141886, 0.10325851, 0.01618714
-0.71733755, 0.69408244, -0.06024354
0.82007909, 0.18070984
0.00152537, 0.1052099, 0.03094152
0.72020632, 0.68141729, -0.13013092
0.76364732, 0.12656176
-0.0141886, 0.1052099, 0.03094152
-0.72020632, 0.68141729, -0.13013092
0.82007909, 0.12656176
0.00152537, 0.08163317, 0.00119365
0.69829404, -0.71523178, 0.02740562
0.70721543, 0.19772178
-0.0141886, 0.0822591, 0.0175141
-0.6981414, -0.71373636, 0.05624561
0.76364726, 0.25713682
-0.0141886, 0.08163317, 0.00119365
-0.69829404, -0.71523178, 0.02740562
0.76364726, 0.19772178
0.00152537, 0.0822591, 0.0175141
0.6981414, -0.71373636, 0.05624561
0.70721543, 0.25713682
-0.0141886, 0.08421054, 0.03383455
-0.69109166, -0.70949429, 0.13776055
0.76364726, 0.31665826
0.00152537, 0.08421054, 0.03383455
0.69109166, -0.70949429, 0.13776055
0.70721543, 0.31665832
0.00241295, 0.07995947, 0.00435696
0.69283122, 0.04657125, 0.71956539
0.4750258, 0.74153998
0.00241296, 0.01532022, -0.01100834
0.57731867, 0.57731867, 0.57734919
0.53011459, 0.9765218
0.00241294, 0.12015426, -0.01100838
0.15515611, 0.21131016, 0.96499527
0.53011459, 0.59526688
0.0036398, 0.13645509, -0.01100838
0.57734919, 0.57734919, 0.57734919
0.84882545, 1.0
-0.01619538, 0.13645509, -0.01100838
-0.57734919, 0.57734919, 0.57734919
0.92005724, 0.99999995
0.00241296, 0.01532022, -0.0025005
0.7999512, -0.55796993, -0.22064883
0.95060307, 0.41304886
-0.01507462, 0.00889036, 0.00435696
-0.56294441, -0.81237221, 0.1518601
0.97471374, 0.34942323
-0.01507462, 0.01532021, -0.0025005
-0.7999512, -0.55796993, -0.22064883
0.95060307, 0.34942323
-0.01507462, 0.01365688, 0.03564496
-0.68254644, -0.72579122, -0.08551286
0.16726558, 0.98285667
-0.01507463, 0.03962774, 0.06292105
-0.57734919, 0.57734919, 0.57734919
0.26505789, 0.8885739
-0.01507463, 0.03962774, 0.03230976
-0.74394971, 0.66002381, 0.10425123
0.15530783, 0.88838657
0.00241296, 0.01354165, 0.06292105
0.57710499, -0.57866144, 0.57621998
0.15935503, 0.0387665
-0.01507463, 0.03962774, 0.06292105
-0.57734919, 0.57734919, 0.57734919
0.22215615, 0.13140714
-0.01507462, 0.01354165, 0.06292105
-0.57710499, -0.57866144, 0.57621998
0.22215615, 0.03876644
-0.01507463, 0.03962774, 0.03230976
-0.74394971, 0.66002381, 0.10425123
0.59291571, 0.1683079
0.00241295, 0.03962775, 0.06292105
0.57734919, 0.57734919, 0.57734919
0.53011459, 0.05781841
0.00241295, 0.03962775, 0.03230976
0.74394971, 0.66002381, 0.10425123
0.53011459, 0.16830796
0.00241296, 0.01365688, 0.03564496
0.68254644, -0.72579122, -0.08551286
0.82644844, 0.33432019
-0.01507462, 0.01354165, 0.06292105
-0.57710499, -0.57866144, 0.57621998
0.76364732, 0.2351144
-0.01507462, 0.01365688, 0.03564496
-0.68254644, -0.72579122, -0.08551286
0.76364732, 0.33432019
0.00241295, 0.04203089, 0.02489315
0.76296276, 0.57747126, 0.29047516
0.40139791, 0.87960301
0.00241295, 0.03962775, 0.03230976
0.74394971, 0.66002381, 0.10425123
0.37480745, 0.88838845
0.00241296, 0.01792593, 0.0174424
0.72789699, -0.67891479, -0.09588916
0.42811093, 0.96722101
-0.01619536, 0.01532021, -0.03219705
-0.57734919, -0.57734919, -0.57734919
0.92005724, 0.41751266
0.00363982, 0.01532022, -0.01682414
0.90453809, -0.30143133, -0.30149236
0.97525072, 0.48967957
-0.01619536, 0.01532021, -0.01682414
-0.90453809, -0.30149236, -0.30143133
0.97525066, 0.4175126
0.00241296, 0.00889036, 0.00435696
0.56294441, -0.81237221, 0.1518601
0.9731099, 0.52016172
-0.01507462, 0.01835595, 0.00890544
-0.85506761, -0.4456923, 0.26490065
0.94348025, 0.58378732
-0.01507462, 0.00889036, 0.00435696
-0.56294441, -0.81237221, 0.1518601
0.9731099, 0.58378732
-0.01507463, 0.04203089, 0.02489315
-0.7594226, 0.5859859, 0.28257087
0.59291571, 0.19397795
0.00241295, 0.04203089, 0.02489315
0.76296276, 0.57747126, 0.29047516
0.53011459, 0.19397795
0.00241295, 0.04809376, 0.00435696
0.90050966, 0.29883724, 0.31583604
0.97021455, 0.08135152
-0.01126148, 0.04809376, 0.0211904
-0.8939482, 0.39024019, -0.22022156
0.91024262, 0.03159934
-0.00079973, 0.04809376, 0.0211904
0.89626759, 0.3777276, -0.23233742
0.91024256, 0.06966269
-0.01507462, 0.01792593, 0.0174424
-0.72789699, -0.67891479, -0.09588916
0.76364732, 0.40018827
-0.01126148, 0.04506228, 0.02248788
-0.42216253, 0.54875332, 0.72151858
0.73642772, 0.08461565
0.00241295, 0.04203089, 0.02489315
0.76296276, 0.57747126, 0.29047516
0.68732035, 0.07194781
-0.00079973, 0.04506236, 0.02248788
0.45695364, 0.53852963, 0.70793784
0.69885767, 0.08461565
0.00241296, 0.01835596, 0.00890544
0.85506761, -0.4456923, 0.26490065
0.82644844, 0.43120646
-0.01507462, 0.01835595, 0.00890544
-0.85506761, -0.4456923, 0.26490065
0.76364732, 0.43120646
-0.01126148, 0.04506228, 0.02248788
-0.42216253, 0.54875332, 0.72151858
0.11930893, 0.86896873
-0.0112615, 0.07247746, 0.02332799
-0.63731802, 0.24240851, 0.73143709
0.12232125, 0.76927148
-0.01126148, 0.04809376, 0.0211904
-0.8939482, 0.39024019, -0.22022156
0.11465716, 0.85793622
-0.0112615, 0.07550887, 0.02092271
-0.62242502, 0.70171207, 0.34659871
0.73642766, 0.19397968
-0.00079974, 0.07247746, 0.02332799
0.63731802, 0.24240851, 0.73143709
0.69885761, 0.18131185
-0.00079974, 0.07550887, 0.02092271
0.62242502, 0.70171207, 0.34659871
0.69885761, 0.19397968
-0.00079973, 0.04809376, 0.0211904
0.89626759, 0.3777276, -0.23233742
0.41533533, 0.85787597
-0.00079974, 0.07338897, 0.02180982
0.90328681, -0.29419842, -0.31217384
0.41311452, 0.76588748
-0.00079974, 0.07247746, 0.02332799
0.63731802, 0.24240851, 0.73143709
0.4076713, 0.76921181
-0.00079974, 0.07550887, 0.02092271
0.62242502, 0.70171207, 0.34659871
0.41629502, 0.7581725
-0.00079974, 0.0741238, 0.00074618
0.57322913, -0.53425705, -0.62126529
0.4886333, 0.76308519
-0.00079974, 0.07585879, 0.00094737
0.58265936, 0.6115604, -0.5352031
0.48791197, 0.75677671
-0.0112615, 0.07247746, 0.02332799
-0.63731802, 0.24240851, 0.73143709
0.73642766, 0.18131191
-0.01126148, 0.04809376, 0.0211904
-0.8939482, 0.39024019, -0.22022156
0.95762736, 0.34534562
-0.00079974, 0.07338897, 0.02180982
0.90328681, -0.29419842, -0.31217384
0.92005724, 0.25335592
-0.00079973, 0.04809376, 0.0211904
0.89626759, 0.3777276, -0.23233742
0.92005724, 0.34534562
-0.0112615, 0.0741238, 0.00074618
-0.57322913, -0.53425705, -0.62126529
0.26496285, 0.55720204
-0.00079974, 0.07585879, 0.00094737
0.58265936, 0.6115604, -0.5352031
0.25874344, 0.59526536
-0.00079974, 0.0741238, 0.00074618
0.57322913, -0.53425705, -0.62126529
0.26496288, 0.59526536
-0.00079974, 0.07550887, 0.02092271
0.62242502, 0.70171207, 0.34659871
0.94348025, 0.85150149
-0.0112615, 0.07585879, 0.00094737
-0.58265936, 0.6115604, -0.5352031
0.98105031, 0.92344116
-0.0112615, 0.07550887, 0.02092271
-0.62242502, 0.70171207, 0.34659871
0.98105031, 0.85150149
-0.01126149, 0.07338897, 0.02180982
-0.90328681, -0.29419842, -0.31220436
0.94348025, 0.92344117
-0.00079974, 0.0741238, 0.00074618
0.57322913, -0.53425705, -0.62126529
0.98105037, 1.0
-0.00079974, 0.07338897, 0.02180982
0.90328681, -0.29419842, -0.31217384
0.98105031, 0.92344116
-0.0112615, 0.07550887, 0.02092271
-0.62242502, 0.70171207, 0.34659871
0.1136975, 0.75823219
-0.0112615, 0.0741238, 0.00074618
-0.57322913, -0.53425705, -0.62126529
0.04135889, 0.76314586
-0.01126149, 0.07338897, 0.02180982
-0.90328681, -0.29419842, -0.31220436
0.11687803, 0.76594719
-0.01728927, 0.11903188, -0.01912148
0.63023776, 0.0, -0.77636033
0.15935503, 0.02838403
-0.01728927, 0.1153021, -0.02812601
0.63023776, 0.54896694, 0.54896694
0.19428377, 0.02837181
-0.01728927, 0.11903188, -0.02967094
0.63023776, 0.0, 0.77636033
0.19428377, 0.01368374
0.00467366, 0.1153021, -0.02066642
-0.63023776, 0.54896694, -0.54896694
0.94475579, 0.19522846
0.00467366, 0.11903188, -0.01912148
-0.63023776, 0.0, -0.77636033
0.95498633, 0.18484586
0.00467366, 0.12430662, -0.02439619
-0.63023776, -0.77636033, 0.0
0.94475585, 0.15976828
-0.01728927, 0.11903188, -0.01912148
0.63023776, 0.0, -0.77636033
0.24543162, 0.03670937
0.00467366, 0.12276168, -0.02066642
-0.63023776, -0.54896694, -0.54896694
0.23195755, 0.1166178
0.00467366, 0.11903188, -0.01912148
-0.63023776, 0.0, -0.77636033
0.24543159, 0.11661786
-0.01728927, 0.1153021, -0.02812601
0.63023776, 0.54896694, 0.54896694
0.96962851, 0.77159302
0.00467366, 0.11903188, -0.02967094
-0.63023776, 0.0, 0.77636033
0.95534843, 0.69168457
-0.01728927, 0.11903188, -0.02967094
0.63023776, 0.0, 0.77636033
0.95534849, 0.77159303
-0.01728927, 0.12430662, -0.02439619
0.63023776, -0.77636033, 0.0
0.51053232, 0.0367108
0.00467366, 0.12276168, -0.02066642
-0.63023776, -0.54896694, -0.54896694
0.52380091, 0.11661929
-0.01728927, 0.12276168, -0.02066642
0.63023776, -0.54896694, -0.54896694
0.52380091, 0.0367108
-0.01728927, 0.11375716, -0.02439619
0.63023776, 0.77636033, 0.0
0.95607042, 0.85150149
0.00467366, 0.1153021, -0.02812601
-0.63023776, 0.54896694, 0.54896694
0.94348025, 0.77159303
-0.01728927, 0.1153021, -0.02812601
0.63023776, 0.54896694, 0.54896694
0.94348025, 0.85150149
-0.01728927, 0.1153021, -0.02066642
0.63023776, 0.54896694, -0.54896694
0.97005624, 0.85150149
0.00467366, 0.11375716, -0.02439619
-0.63023776, 0.77636033, 0.0
0.95607048, 0.77159303
-0.01728927, 0.12276168, -0.02812601
0.63023776, -0.54896694, 0.54896694
0.49701872, 0.0367108
0.00467366, 0.12430662, -0.02439619
-0.63023776, -0.77636033, 0.0
0.51053226, 0.11661929
0.00467366, 0.1153021, -0.02066642
-0.63023776, 0.54896694, -0.54896694
0.25874341, 0.11661786
-0.01728927, 0.1153021, -0.02066642
0.63023776, 0.54896694, -0.54896694
0.25874344, 0.03670937
0.00467366, 0.12276168, -0.02812601
-0.63023776, -0.54896694, 0.54896694
0.94348025, 0.69168457
-0.01728927, 0.12276168, -0.02812601
0.63023776, -0.54896694, 0.54896694
0.94348025, 0.77159303
-0.01619536, 0.01532021, -0.00976127
-0.57728815, 0.57728815, 0.57741022
0.92453474, 0.34534562
0.00241296, 0.01532022, -0.01100834
0.57731867, 0.57731867, 0.57734919
0.92005724, 0.41304886
-0.01507462, 0.01532021, -0.01100834
-0.57734919, 0.57734919, 0.57731867
0.92005724, 0.34942323
0.00363982, 0.01532022, -0.00976127
0.57728815, 0.57741022, 0.57728815
0.42441291, 0.57199606
0.00363982, 0.00892127, -0.01682414
0.57734919, -0.57734919, -0.57734919
0.44973528, 0.59522328
-0.01619536, 0.00892127, -0.01682414
-0.57734919, -0.57734919, -0.57734919
0.98298538, 0.34534562
0.00363982, 0.00892127, -0.00976127
0.57734919, -0.57734919, 0.57734919
0.95762742, 0.27317864
-0.01619536, 0.00892127, -0.00976127
-0.57734919, -0.57734919, 0.57734919
0.95762736, 0.34534562
-0.01619536, 0.01532021, -0.00976127
-0.57728815, 0.57728815, 0.57741022
0.99264449, 0.00918454
0.00363982, 0.00892127, -0.00976127
0.57734919, -0.57734919, 0.57734919
0.97021455, 0.08135152
0.00363982, 0.01532022, -0.00976127
0.57728815, 0.57741022, 0.57728815
0.99264449, 0.08135152
0.00059886, 0.0145332, -0.01667442
0.0, 0.80318612, 0.59569079
0.74605596, 0.03933376
-0.00103174, 0.00951486, -0.01667442
-0.47212133, -0.6497696, 0.59569079
0.76364726, 0.04526633
0.00323722, 0.01261635, -0.01667442
0.76387829, 0.24820703, 0.59569079
0.75277519, 0.02973455
-0.01619536, 0.00892127, -0.00976127
-0.57734919, -0.57734919, 0.57734919
0.15935503, 0.1314072
-0.01619536, 0.01532021, -0.00976127
-0.57728815, 0.57728815, 0.57741022
0.15935503, 0.15467817
-0.01324215, 0.01453319, -0.01667442
0.0, 0.80318612, 0.59569079
0.95034784, 0.50137797
-0.01487275, 0.00951486, -0.01667442
-0.47212133, -0.6497696, 0.59569079
0.95034784, 0.52016169
-0.0106038, 0.01261635, -0.01667442
0.76387829, 0.24820703, 0.59569079
0.96145988, 0.50480524
-0.01487275, 0.00951486, -0.03964029
-0.51365703, -0.6065554, -0.60676903
0.92005724, 0.48967963
-0.01161158, 0.14979228, -0.0396152
0.5053255, 0.60979033, -0.61052281
0.93176877, 0.99999998
-0.01161156, 0.00951469, -0.03964029
0.51362652, -0.60658592, -0.60676903
0.93176877, 0.48967963
0.00059886, 0.0145332, -0.03459538
0.0, 0.70888394, 0.70531327
0.51432604, 0.58998826
-0.00203951, 0.14740109, -0.03650356
-0.99902338, 0.01849422, 0.03946043
0.50485128, 0.11661935
-0.0020395, 0.01261635, -0.03652865
-0.99954224, 0.02066103, 0.02145451
0.50485122, 0.59526688
-0.01487275, 0.00951486, -0.01667442
-0.47212133, -0.6497696, 0.59569079
0.99347931, 0.85150148
-0.01161156, 0.00951469, -0.03964029
0.51362652, -0.60658592, -0.60676903
0.98176777, 0.76796424
-0.01161156, 0.00951469, -0.01667442
0.47209081, -0.64980012, 0.59566027
0.98176777, 0.85150149
-0.00103174, 0.00951486, -0.01667442
-0.47212133, -0.6497696, 0.59569079
0.9935894, 0.69168457
0.00222945, 0.00951469, -0.03964029
0.51362652, -0.60658592, -0.60676903
0.98187792, 0.60814735
0.00222945, 0.00951469, -0.01667442
0.47209081, -0.64980012, 0.59566027
0.98187792, 0.69168457
-0.0106038, 0.01261635, -0.01667442
0.76387829, 0.24820703, 0.59569079
0.97697586, 0.18169326
-0.01324215, 0.01453319, -0.03459538
0.0, 0.70888394, 0.70531327
0.98645067, 0.24550068
-0.01324215, 0.01453319, -0.01667442
0.0, 0.80318612, 0.59569079
0.98645067, 0.18081611
0.00323722, 0.01261635, -0.01667442
0.76387829, 0.24820703, 0.59569079
1.0, 0.99912285
0.00059886, 0.0145332, -0.03459538
0.0, 0.70888394, 0.70531327
0.99052519, 0.93531546
0.00059886, 0.0145332, -0.01667442
0.0, 0.80318612, 0.59569079
0.99052519, 1.0
-0.01487275, 0.00951486, -0.01667442
-0.47212133, -0.6497696, 0.59569079
0.7726599, 0.99998471
-0.01588051, 0.01261634, -0.03652865
-0.99954224, 0.02066103, 0.02145451
0.70166314, 0.98861047
-0.01487275, 0.00951486, -0.03964029
-0.51365703, -0.6065554, -0.60676903
0.69032043, 1.0
-0.00103174, 0.00951486, -0.01667442
-0.47212133, -0.6497696, 0.59569079
0.61330444, 0.99998473
-0.0020395, 0.01261635, -0.03652865
-0.99954224, 0.02066103, 0.02145451
0.54230773, 0.98861047
-0.00103174, 0.00951486, -0.03964029
-0.51365703, -0.6065554, -0.60676903
0.53096497, 1.0
-0.01161156, 0.00951469, -0.01667442
0.47209081, -0.64980012, 0.59566027
0.34824735, 0.02649218
-0.0106038, 0.01261635, -0.03652865
0.99954224, 0.02066103, 0.02145451
0.27725121, 0.03786802
-0.0106038, 0.01261635, -0.01667442
0.76387829, 0.24820703, 0.59569079
0.348434, 0.0378803
0.00222945, 0.00951469, -0.01667442
0.47209081, -0.64980012, 0.59566027
0.08318972, 0.02649057
0.00323722, 0.01261635, -0.03652865
0.99954224, 0.02066103, 0.02145451
0.01219358, 0.03786647
0.00323722, 0.01261635, -0.01667442
0.76387829, 0.24820703, 0.59569079
0.08337635, 0.03787881
-0.01588051, 0.01261634, -0.01667442
-0.76387829, 0.24817652, 0.59569079
0.99592543, 0.18169326
-0.01588051, 0.01261634, -0.03652865
-0.99954224, 0.02066103, 0.02145451
0.99592549, 0.25335586
-0.0020395, 0.01261635, -0.01667442
-0.76387829, 0.24817652, 0.59569079
0.98105037, 0.99912285
-0.0020395, 0.01261635, -0.03652865
-0.99954224, 0.02066103, 0.02145451
0.98105037, 0.92746026
-0.01324217, 0.14578059, -0.03457023
0.0, -0.74764246, 0.66408277
0.83592325, 0.12411624
-0.01588051, 0.14700527, 0.0047688
-0.88201547, -0.3581042, 0.30625325
0.84539807, 0.26730829
-0.01588053, 0.14740109, -0.03650356
-0.99902338, 0.01849422, 0.03946043
0.84539807, 0.1172142
0.0032372, 0.14740109, -0.03650356
0.99902338, 0.01849422, 0.03946043
0.01137977, 0.52804318
0.00222943, 0.14939646, 0.00165709
0.79009372, 0.46116519, -0.40375987
0.14797525, 0.53521496
0.0032372, 0.14700527, 0.0047688
0.88201547, -0.3581042, 0.30625325
0.15935503, 0.52662924
-0.00103174, 0.00951486, -0.03964029
-0.51365703, -0.6065554, -0.60676903
0.93176877, 0.48967969
0.00222943, 0.14979228, -0.0396152
0.5053255, 0.60979033, -0.61052281
0.94348025, 0.99999998
0.00222945, 0.00951469, -0.03964029
0.51362652, -0.60658592, -0.60676903
0.94348025, 0.48967969
-0.01324215, 0.01453319, -0.03459538
0.0, 0.70888394, 0.70531327
0.24926861, 0.58998677
-0.01060382, 0.14740109, -0.03650356
0.99902338, 0.01849422, 0.03946043
0.25874335, 0.11661786
-0.01324217, 0.14578059, -0.03457023
0.0, -0.74764246, 0.66408277
0.24926856, 0.12390149
0.0032372, 0.14740109, -0.03650356
0.99902338, 0.01849422, 0.03946043
0.52380091, 0.11661935
0.00059884, 0.14578059, -0.03457023
0.0, -0.74764246, 0.66408277
0.5143261, 0.12390298
-0.01487277, 0.14979228, -0.0396152
-0.5053255, 0.60979033, -0.61052281
0.68946999, 0.48984462
-0.00103175, 0.14979228, -0.0396152
-0.5053255, 0.60979033, -0.61052281
0.53011459, 0.48984462
-0.01161158, 0.14979228, -0.0396152
0.5053255, 0.60979033, -0.61052281
0.26505789, 0.53663048
-0.01060382, 0.14740109, -0.03650356
0.99902338, 0.01849422, 0.03946043
0.27643764, 0.52804473
0.00222943, 0.14979228, -0.0396152
0.5053255, 0.60979033, -0.61052281
0.0, 0.53662893
-0.01588053, 0.14740109, -0.03650356
-0.99902338, 0.01849422, 0.03946043
0.23979375, 0.11661786
-0.01588051, 0.01261634, -0.03652865
-0.99954224, 0.02066103, 0.02145451
0.23979381, 0.59526536
-0.00103173, 0.14939646, 0.00165709
-0.79009372, 0.46116519, -0.40375987
0.67809045, 0.49125665
-0.00203949, 0.16587825, 0.00480409
-0.88360238, 0.35325176, 0.30729088
0.68946999, 0.43120652
-0.00103173, 0.16360681, 0.00169239
-0.78621787, -0.46745202, -0.40412611
0.67812175, 0.43957734
-0.01487275, 0.14939646, 0.00165709
-0.79009372, 0.46116519, -0.40375987
0.83744591, 0.49125665
-0.01588049, 0.16587825, 0.00480409
-0.88360238, 0.35325176, 0.30726036
0.84882545, 0.43120652
-0.01487275, 0.16360681, 0.00169239
-0.7862789, -0.46723837, -0.40421766
0.83747721, 0.43957734
0.00059884, 0.14578059, -0.03457023
0.0, -0.74764246, 0.66408277
0.83592325, 0.42430443
-0.0020395, 0.14700527, 0.0047688
-0.88201547, -0.3581042, 0.30625325
0.8264485, 0.28111237
-0.00203951, 0.14740109, -0.03650356
-0.99902338, 0.01849422, 0.03946043
0.8264485, 0.43120646
-0.01161158, 0.14979228, -0.0396152
0.5053255, 0.60979033, -0.61052281
0.75193572, 0.19772178
-0.01487275, 0.14939646, 0.00165709
-0.79009372, 0.46116519, -0.40375987
0.76364726, 0.04893291
-0.01161157, 0.14939646, 0.00165709
0.79009372, 0.46116519, -0.40375987
0.75193578, 0.04893291
-0.00103175, 0.14979228, -0.0396152
-0.5053255, 0.60979033, -0.61052281
0.98176777, 0.85150149
0.00222943, 0.14939646, 0.00165709
0.79009372, 0.46116519, -0.40375987
0.97005635, 0.7027126
0.00222943, 0.14979228, -0.0396152
0.5053255, 0.60979033, -0.61052281
0.9700563, 0.85150148
-0.01060381, 0.14700527, 0.0047688
0.88201547, -0.3581042, 0.30625325
0.8264485, 0.26730829
-0.01324216, 0.14538477, 0.00670208
0.0, -0.69682914, 0.71721548
0.83592331, 0.27421033
0.0032372, 0.14700527, 0.0047688
0.88201547, -0.3581042, 0.30625325
0.84539807, 0.28111237
0.00059885, 0.14538477, 0.00670208
0.0, -0.69682914, 0.71721548
0.83592331, 0.27421033
-0.01588053, 0.14740109, -0.03650356
-0.99902338, 0.01849422, 0.03946043
0.70084953, 0.49843103
-0.00203951, 0.14740109, -0.03650356
-0.99902338, 0.01849422, 0.03946043
0.54149407, 0.49843097
-0.01161157, 0.14939646, 0.00165709
0.79009372, 0.46116519, -0.40375987
0.41303313, 0.53521648
-0.01060381, 0.14700527, 0.0047688
0.88201547, -0.3581042, 0.30625325
0.42441291, 0.52663073
0.00323721, 0.16587825, 0.00480409
0.88360238, 0.35325176, 0.30726036
0.68732035, 0.18625158
0.00059887, 0.1673077, -0.03038085
-0.11523789, 0.86065251, -0.49592578
0.67784554, 0.05990779
0.00059887, 0.16751735, 0.00673737
0.0, 0.69560838, 0.71840572
0.6778456, 0.19397962
-0.0106038, 0.16587825, 0.00480409
0.88360238, 0.35325176, 0.30729088
0.63761473, 0.18625158
-0.01324213, 0.1673077, -0.03038085
0.11523789, 0.86065251, -0.49592578
0.62813991, 0.05990779
-0.01324215, 0.16751735, 0.00673737
0.0, 0.69560838, 0.71840572
0.62813997, 0.19397968
-0.0106038, 0.16587825, 0.00480409
0.88360238, 0.35325176, 0.30729088
0.42441291, 0.59526688
0.00323721, 0.16587825, 0.00480409
0.88360238, 0.35325176, 0.30726036
0.15935501, 0.59526536
-0.01324216, 0.14538477, 0.00670208
0.0, -0.69682914, 0.71721548
0.98258466, 0.58378732
-0.01588049, 0.16587825, 0.00480409
-0.88360238, 0.35325176, 0.30726036
0.97310984, 0.50950709
-0.01588051, 0.14700527, 0.0047688
-0.88201547, -0.3581042, 0.30625325
0.97310984, 0.57650372
0.00059885, 0.14538477, 0.00670208
0.0, -0.69682914, 0.71721548
0.98472553, 0.48967963
-0.00203949, 0.16587825, 0.00480409
-0.88360238, 0.35325176, 0.30729088
0.97525072, 0.41539937
-0.0020395, 0.14700527, 0.0047688
-0.88201547, -0.3581042, 0.30625325
0.97525072, 0.48239601
-0.01487275, 0.14939646, 0.00165709
-0.79009372, 0.46116519, -0.40375987
0.46827433, 0.0
-0.01161156, 0.16360681, 0.00169239
0.78621787, -0.46745202, -0.40412611
0.47998583, 0.05169421
-0.01161157, 0.14939646, 0.00165709
0.79009372, 0.46116519, -0.40375987
0.47998583, 0.0
0.00222943, 0.14939646, 0.00165709
0.79009372, 0.46116519, -0.40375987
0.98642528, 0.34534562
-0.00103173, 0.16360681, 0.00169239
-0.78621787, -0.46745202, -0.40412611
0.97471374, 0.39703995
0.00222945, 0.16360681, 0.00169239
0.7862789, -0.46726888, -0.40421766
0.98642528, 0.39703995
-0.0106038, 0.16587825, 0.00480409
0.88360238, 0.35325176, 0.30729088
0.99205947, 0.50950709
-0.01324215, 0.16751735, 0.00673737
0.0, 0.69560838, 0.71840572
0.98258466, 0.50521496
0.00323721, 0.16587825, 0.00480409
0.88360238, 0.35325176, 0.30726036
0.99420035, 0.41539937
0.00059887, 0.16751735, 0.00673737
0.0, 0.69560838, 0.71840572
0.98472553, 0.41110724
-0.00103172, 0.16339716, -0.02940931
-0.37513351, -0.92120123, -0.10309152
0.99514359, 0.90790933
-0.00203948, 0.16566862, -0.02858546
-0.76918852, 0.44630268, 0.45725882
0.98703039, 0.90424277
0.00059887, 0.1673077, -0.03038085
-0.11523789, 0.86065251, -0.49592578
0.98105049, 0.91384198
-0.01487273, 0.16339716, -0.03138997
-0.12179937, -0.64860988, -0.75127417
0.99503958, 0.85755113
-0.01588049, 0.16566862, -0.03225702
-0.26117739, 0.15463729, -0.95281839
0.98683757, 0.85388458
-0.01324213, 0.1673077, -0.03038085
0.11523789, 0.86065251, -0.49592578
0.98105037, 0.86348379
-0.01588049, 0.16566862, -0.03225702
-0.26117739, 0.15463729, -0.95281839
0.71595198, 0.43199366
-0.01487273, 0.16339716, -0.03138997
-0.12179937, -0.64860988, -0.75127417
0.71886867, 0.4403618
-0.00203948, 0.16566862, -0.02858546
-0.76918852, 0.44630268, 0.45725882
0.56976014, 0.43199122
-0.00103172, 0.16339716, -0.02940931
-0.37513351, -0.92120123, -0.10309152
0.56661457, 0.44036049
-0.01161156, 0.16360681, 0.00169239
0.78621787, -0.46745202, -0.40412611
0.41306442, 0.58689556
-0.01060379, 0.16566862, -0.02858546
0.76918852, 0.44630268, 0.45725882
0.30470359, 0.59448379
0.00222945, 0.16360681, 0.00169239
0.7862789, -0.46726888, -0.40421766
0.14800651, 0.58689401
0.00323721, 0.16566862, -0.03225702
0.26117739, 0.15463729, -0.95281839
0.02648212, 0.59447998
-0.01588049, 0.16587825, 0.00480409
-0.88360238, 0.35325176, 0.30726036
0.61866516, 0.18625158
-0.01588049, 0.16566862, -0.03225702
-0.26117739, 0.15463729, -0.95281839
0.6186651, 0.05238569
-0.00203949, 0.16587825, 0.00480409
-0.88360238, 0.35325176, 0.30729088
0.66837078, 0.18625158
-0.00203948, 0.16566862, -0.02858546
-0.76918852, 0.44630268, 0.45725882
0.66837072, 0.06563795
-0.01487275, 0.16360681, 0.00169239
-0.7862789, -0.46723837, -0.40421766
0.91024256, 0.15486264
-0.01161155, 0.16339716, -0.02940931
0.37513351, -0.92120123, -0.10306101
0.89853108, 0.04171509
-0.01161156, 0.16360681, 0.00169239
0.78621787, -0.46745202, -0.40412611
0.89853108, 0.15486264
0.00222945, 0.16360681, 0.00169239
0.7862789, -0.46726888, -0.40421766
0.84882545, 0.15486264
-0.00103172, 0.16339716, -0.02940931
-0.37513351, -0.92120123, -0.10309152
0.86053693, 0.04171509
0.00222947, 0.16339716, -0.03138997
0.12179937, -0.64860988, -0.75127417
0.84882545, 0.03451043
0.00323721, 0.16566862, -0.03225702
0.26117739, 0.15463729, -0.95281839
0.68732035, 0.05238569
0.00059887, 0.1673077, -0.03038085
-0.11523789, 0.86065251, -0.49592578
0.67692071, 0.05238569
-0.01060379, 0.16566862, -0.02858546
0.76918852, 0.44630268, 0.45725882
0.66977376, 0.01162672
-0.00203948, 0.16566862, -0.02858546
-0.76918852, 0.44630268, 0.45725882
0.66977376, 0.04278648
0.00323721, 0.16566862, -0.03225702
0.26117739, 0.15463729, -0.95281839
0.98683763, 0.92344116
-0.01487273, 0.16339716, -0.03138997
-0.12179937, -0.64860988, -0.75127417
0.91024256, 0.03451043
-0.00103172, 0.16339716, -0.02940931
-0.37513351, -0.92120123, -0.10309152
0.66245449, 0.04645306
-0.01161155, 0.16339716, -0.02940931
0.37513351, -0.92120123, -0.10306101
0.66245449, 0.00796014
0.00363982, 0.00892127, -0.01682414
0.57734919, -0.57734919, -0.57734919
0.9896512, 0.15486264
-0.01619536, 0.01532021, -0.01682414
-0.90453809, -0.30149236, -0.30143133
0.96667433, 0.08269566
0.00363982, 0.01532022, -0.01682414
0.90453809, -0.30143133, -0.30149236
0.96667433, 0.15486264
0.00363984, 0.01532022, -0.03219705
0.57734919, -0.57734919, -0.57734919
0.50485122, 0.5718576
0.0036398, 0.13645509, -0.01759473
0.66005433, 0.73216957, -0.16800439
0.45249793, 0.1314109
0.0036398, 0.13645509, -0.01100838
0.57734919, 0.57734919, 0.57734919
0.42888409, 0.13145149
0.00363984, 0.01532022, -0.03219705
0.57734919, -0.57734919, -0.57734919
0.84882545, 0.56980762
-0.01619538, 0.13645509, -0.01759473
-0.66005433, 0.73216957, -0.16800439
0.18744022, 0.59526536
-0.01619538, 0.13645509, -0.01100838
-0.57734919, 0.57734919, 0.57734919
0.16382626, 0.59522507
-0.01619536, 0.01532021, -0.03219705
-0.57734919, -0.57734919, -0.57734919
0.23979373, 0.15481538
-0.00018445, 0.1301305, -0.02693421
0.54896694, -0.63023776, -0.54896694
0.7446202, 0.03089464
0.00234508, 0.1301305, -0.02082741
0.77636033, -0.63023776, 0.0
0.72784156, 0.01388985
-0.00018445, 0.1301305, -0.01472057
0.54896694, -0.63023776, 0.54896694
0.70410883, 0.01388985
-0.00629126, 0.1301305, -0.01219105
0.0, -0.63023776, 0.77636033
0.6873244, 0.03089464
-0.01239808, 0.1301305, -0.02693421
-0.54896694, -0.63023776, -0.54896694
0.72783166, 0.07194787
-0.01239808, 0.14283723, -0.02693421
-0.54896694, 0.63023776, -0.54896694
0.42441291, 0.05155969
-0.00018445, 0.14283723, -0.01472057
0.54896694, 0.63023776, 0.54896694
0.57397598, 0.01069188
-0.01239808, 0.14283723, -0.01472057
-0.54896694, 0.63023776, 0.54896694
0.6186651, 0.0520786
-0.00018445, 0.14283723, -0.02693421
0.54896694, 0.63023776, -0.54896694
0.57397592, 0.05758458
-0.00018445, 0.14283723, -0.02693421
0.54896694, 0.63023776, -0.54896694
0.96030474, 0.25322121
-0.00629126, 0.14283723, -0.02946373
0.0, 0.63023776, -0.77636033
0.97697586, 0.23614031
-0.01239808, 0.14283723, -0.02693421
-0.54896694, 0.63023776, -0.54896694
0.97697586, 0.21211892
-0.01492761, 0.14283723, -0.02082741
-0.77636033, 0.63023776, 0.0
0.9603048, 0.19522846
-0.00018445, 0.14283723, -0.01472057
0.54896694, 0.63023776, 0.54896694
0.92005724, 0.23646539
-0.0025079, 0.17135529, -0.02082741
0.77636033, 0.63023776, 0.0
0.60021883, 0.08612138
-0.00361602, 0.17135529, -0.02350264
0.54896694, 0.63023776, -0.54896694
0.61054713, 0.08606243
-0.00896651, 0.17135529, -0.02350264
-0.54896694, 0.63023776, -0.54896694
0.6178503, 0.06805652
-0.00896651, 0.17135529, -0.01815213
-0.54896694, 0.63023776, 0.54896694
0.60021889, 0.06071621
-0.00361602, 0.17135529, -0.01815213
0.54896694, 0.63023776, 0.54896694
0.59291571, 0.07872206
-0.00896651, 0.17135529, -0.02350264
-0.54896694, 0.63023776, -0.54896694
0.61213028, 0.08618033
-0.00361602, 0.17135529, -0.01815213
0.54896694, 0.63023776, 0.54896694
0.98187786, 0.58557662
-0.00896651, 0.17135529, -0.01815213
-0.54896694, 0.63023776, 0.54896694
0.96266323, 0.58392185
-0.00361602, 0.17135529, -0.02350264
0.54896694, 0.63023776, -0.54896694
0.84563142, 0.00941914
0.0036398, 0.13645509, -0.01100838
0.57734919, 0.57734919, 0.57734919
0.49564472, 0.1314109
-0.01507462, 0.01532021, -0.01100834
-0.57734919, 0.57734919, 0.57731867
0.0, 0.97652236
-0.01507462, 0.01532021, -0.0025005
-0.7999512, -0.55796993, -0.22064883
0.03050307, 0.97657443
-0.01507462, 0.00889036, 0.00435696
-0.56294441, -0.81237221, 0.1518601
0.055089, 1.0
-0.01507463, 0.04809376, 0.00435696
-0.8997162, 0.29841, 0.31843013
0.05508905, 0.85742658
-0.01507464, 0.11232789, -0.00089234
-0.64101076, 0.42249826, 0.6407361
0.03626893, 0.62378997
-0.0141886, 0.10325851, 0.01618714
-0.71733755, 0.69408244, -0.06024354
0.60994309, 0.26315421
-0.0141886, 0.10263254, 0.00119365
-0.71629995, 0.69716483, -0.02908414
0.6186651, 0.20936984
-0.0141886, 0.0822591, 0.0175141
-0.6981414, -0.71373636, 0.05624561
0.53514302, 0.25248182
-0.0141886, 0.08163317, 0.00119365
-0.69829404, -0.71523178, 0.02740562
0.54483175, 0.19397795
-0.0141886, 0.08421054, 0.03383455
-0.69109166, -0.70949429, 0.13776055
0.53011459, 0.31195718
-0.0141886, 0.09528507, 0.06508135
-0.57994324, -0.31012911, 0.75328839
0.54628891, 0.43120646
-0.0141886, 0.11433698, 0.05768232
-0.57493818, 0.7561571, 0.3124485
0.6186651, 0.41885549
-0.0141886, 0.11433698, 0.05768232
-0.57493818, 0.7561571, 0.3124485
0.96667433, 0.15486264
-0.0141886, 0.11433698, 0.05768232
-0.57493818, 0.7561571, 0.3124485
0.82007909, 0.02586597
0.00152537, 0.08863264, 0.050155
0.69011503, -0.6817835, 0.24265267
0.70721549, 0.37637818
0.00152537, 0.0822591, 0.0175141
0.6981414, -0.71373636, 0.05624561
0.62369359, 0.3727029
0.00152537, 0.08163317, 0.00119365
0.69829404, -0.71523178, 0.02740562
0.63338232, 0.43120646
0.00152537, 0.10263254, 0.00119365
0.71629995, 0.69716483, -0.02908414
0.70721543, 0.41581565
0.00152537, 0.08863264, 0.050155
0.69011503, -0.6817835, 0.24265267
0.62232351, 0.2519421
0.00152537, 0.11433698, 0.05768232
0.57493818, 0.7561571, 0.3124485
0.70721543, 0.20633155
0.00152537, 0.09528507, 0.06508135
0.57994324, -0.31012911, 0.75328839
0.63483936, 0.19397968
0.00152537, 0.10875992, 0.04508204
0.7267983, 0.64946443, -0.22342601
0.69678599, 0.25523263
0.00241296, 0.01532022, -0.0025005
0.7999512, -0.55796993, -0.22064883
0.49961162, 0.97657426
0.00241295, 0.04809376, 0.00435696
0.90050966, 0.29883724, 0.31583604
0.4750258, 0.85742734
0.00241294, 0.11232789, -0.00089234
0.64101076, 0.42249826, 0.6407361
0.49384591, 0.62379181
0.00241294, 0.10427986, 0.00119365
0.69338053, 0.13711967, 0.70738852
0.48636705, 0.65307331
0.00241296, 0.00889036, 0.00435696
0.56294441, -0.81237221, 0.1518601
0.4750258, 1.0
0.00241296, 0.01532022, -0.01100834
0.57731867, 0.57731867, 0.57734919
0.85323131, 0.56980774
0.00363982, 0.01532022, -0.01100834
0.30149236, 0.90450758, 0.30149236
0.84882545, 0.56980774
-0.01619536, 0.01532021, -0.01100834
-0.30149236, 0.30149236, 0.90450758
0.92005724, 0.56980768
-0.01507462, 0.01532021, -0.01100834
-0.57734919, 0.57734919, 0.57731867
0.91603243, 0.56980768
0.00241296, 0.00889036, 0.00435696
0.56294441, -0.81237221, 0.1518601
0.97471374, 0.41304886
-0.01507462, 0.01835595, 0.00890544
-0.85506761, -0.4456923, 0.26490065
0.07139659, 0.96560365
-0.01507463, 0.04203089, 0.02489315
-0.7594226, 0.5859859, 0.28257087
0.12871724, 0.87960144
-0.01507462, 0.01792593, 0.0174424
-0.72789699, -0.67891479, -0.09588916
0.10200409, 0.96722016
-0.01507462, 0.01354165, 0.06292105
-0.57710499, -0.57866144, 0.57621998
0.26505789, 0.9834428
0.00241295, 0.03962775, 0.06292105
0.57734919, 0.57734919, 0.57734919
0.15935503, 0.1314072
-0.01507463, 0.03962774, 0.06292105
-0.57734919, 0.57734919, 0.57734919
0.59291571, 0.05781841
0.00241296, 0.01354165, 0.06292105
0.57710499, -0.57866144, 0.57621998
0.8264485, 0.2351144
0.00241296, 0.01835596, 0.00890544
0.85506761, -0.4456923, 0.26490065
0.45871827, 0.96560401
-0.00079973, 0.04506236, 0.02248788
0.45695364, 0.53852963, 0.70793784
0.41068354, 0.86890848
0.00241296, 0.01354165, 0.06292105
0.57710499, -0.57866144, 0.57621998
0.26505789, 0.98344561
0.00241296, 0.01365688, 0.03564496
0.68254644, -0.72579122, -0.08551286
0.36284971, 0.98285822
0.00241295, 0.03962775, 0.06292105
0.57734919, 0.57734919, 0.57734919
0.26505789, 0.88857725
0.00363984, 0.01532022, -0.03219705
0.57734919, -0.57734919, -0.57734919
0.92005724, 0.48967963
0.00241296, 0.01835596, 0.00890544
0.85506761, -0.4456923, 0.26490065
0.94348025, 0.52016169
-0.01507463, 0.04809376, 0.00435696
-0.8997162, 0.29841, 0.31843013
0.97021449, 0.01772588
0.00241296, 0.01792593, 0.0174424
0.72789699, -0.67891479, -0.09588916
0.82644844, 0.40018827
-0.01507463, 0.04203089, 0.02489315
-0.7594226, 0.5859859, 0.28257087
0.75012147, 0.07194787
-0.01126149, 0.07338897, 0.02180982
-0.90328681, -0.29419842, -0.31220436
0.95762736, 0.25335592
-0.0112615, 0.07585879, 0.00094737
-0.58265936, 0.6115604, -0.5352031
0.25874344, 0.55720204
-0.00079974, 0.07585879, 0.00094737
0.58265936, 0.6115604, -0.5352031
0.94348025, 0.92344114
-0.0112615, 0.0741238, 0.00074618
-0.57322913, -0.53425705, -0.62126529
0.94348025, 0.99999999
-0.0112615, 0.07585879, 0.00094737
-0.58265936, 0.6115604, -0.5352031
0.04208022, 0.75683734
-0.01728927, 0.12276168, -0.02812601
0.63023776, -0.54896694, 0.54896694
0.18405338, 0.00330126
-0.01728927, 0.12430662, -0.02439619
0.63023776, -0.77636033, 0.0
0.16958544, 0.00330633
-0.01728927, 0.12276168, -0.02066642
0.63023776, -0.54896694, -0.54896694
0.15935503, 0.01369596
-0.01728927, 0.1153021, -0.02066642
0.63023776, 0.54896694, -0.54896694
0.16958541, 0.0387665
-0.01728927, 0.11375716, -0.02439619
0.63023776, 0.77636033, 0.0
0.18405336, 0.03876144
0.00467366, 0.12276168, -0.02812601
-0.63023776, -0.54896694, 0.54896694
0.93028772, 0.15976334
0.00467366, 0.11903188, -0.02967094
-0.63023776, 0.0, 0.77636033
0.92005724, 0.17014593
0.00467366, 0.1153021, -0.02812601
-0.63023776, 0.54896694, 0.54896694
0.92005724, 0.184834
0.00467366, 0.11375716, -0.02439619
-0.63023776, 0.77636033, 0.0
0.93028772, 0.19522357
0.00467366, 0.12276168, -0.02066642
-0.63023776, -0.54896694, -0.54896694
0.95498633, 0.17015779
-0.01728927, 0.12276168, -0.02066642
0.63023776, -0.54896694, -0.54896694
0.23195758, 0.03670937
0.00467366, 0.1153021, -0.02812601
-0.63023776, 0.54896694, 0.54896694
0.96962851, 0.69168457
0.00467366, 0.1153021, -0.02066642
-0.63023776, 0.54896694, -0.54896694
0.97005624, 0.77159303
0.00467366, 0.12276168, -0.02812601
-0.63023776, -0.54896694, 0.54896694
0.49701872, 0.11661929
0.00363982, 0.01532022, -0.01100834
0.30149236, 0.90450758, 0.30149236
0.92005724, 0.4175126
0.00363982, 0.01532022, -0.00976127
0.57728815, 0.57741022, 0.57728815
0.92453468, 0.41751266
-0.01619536, 0.01532021, -0.01100834
-0.30149236, 0.30149236, 0.90450758
0.92005724, 0.34534562
0.00363982, 0.00892127, -0.00976127
0.57734919, -0.57734919, 0.57734919
0.42441291, 0.59526688
0.00363982, 0.00892127, -0.01682414
0.57734919, -0.57734919, -0.57734919
0.98298538, 0.27317864
-0.01619536, 0.00892127, -0.00976127
-0.57734919, -0.57734919, 0.57734919
0.97021455, 0.00918454
0.00222945, 0.00951469, -0.01667442
0.47209081, -0.64980012, 0.59566027
0.76364726, 0.03340107
-0.0020395, 0.01261635, -0.01667442
-0.76387829, 0.24817652, 0.59569079
0.75277525, 0.04893291
-0.01619536, 0.00892127, -0.01682414
-0.57734919, -0.57734919, -0.57734919
0.18467754, 0.13145041
-0.01161156, 0.00951469, -0.01667442
0.47209081, -0.64980012, 0.59566027
0.96145988, 0.5164142
-0.01588051, 0.01261634, -0.01667442
-0.76387829, 0.24817652, 0.59569079
0.94348025, 0.51086879
-0.01487277, 0.14979228, -0.0396152
-0.5053255, 0.60979033, -0.61052281
0.92005724, 1.0
-0.01487275, 0.00951486, -0.03964029
-0.51365703, -0.6065554, -0.60676903
0.99347931, 0.76796423
-0.00103174, 0.00951486, -0.03964029
-0.51365703, -0.6065554, -0.60676903
0.9935894, 0.60814732
-0.0106038, 0.01261635, -0.03652865
0.99954224, 0.02066103, 0.02145451
0.97697586, 0.25335586
0.00323722, 0.01261635, -0.03652865
0.99954224, 0.02066103, 0.02145451
1.0, 0.92746026
-0.01588051, 0.01261634, -0.01667442
-0.76387829, 0.24817652, 0.59569079
0.77284622, 0.98859727
-0.0020395, 0.01261635, -0.01667442
-0.76387829, 0.24817652, 0.59569079
0.61349082, 0.98859724
-0.01161156, 0.00951469, -0.03964029
0.51362652, -0.60658592, -0.60676903
0.26590827, 0.02647799
0.00222945, 0.00951469, -0.03964029
0.51362652, -0.60658592, -0.60676903
0.00085064, 0.02647638
-0.00103175, 0.14979228, -0.0396152
-0.5053255, 0.60979033, -0.61052281
0.93176872, 1.0
-0.0106038, 0.01261635, -0.03652865
0.99954224, 0.02066103, 0.02145451
0.25874341, 0.59526536
0.00323722, 0.01261635, -0.03652865
0.99954224, 0.02066103, 0.02145451
0.52380085, 0.59526688
-0.0020395, 0.14700527, 0.0047688
-0.88201547, -0.3581042, 0.30625325
0.68946999, 0.499843
-0.01588051, 0.14700527, 0.0047688
-0.88201547, -0.3581042, 0.30625325
0.84882545, 0.499843
-0.01487277, 0.14979228, -0.0396152
-0.5053255, 0.60979033, -0.61052281
0.76364726, 0.19772178
-0.00103173, 0.14939646, 0.00165709
-0.79009372, 0.46116519, -0.40375987
0.98176783, 0.7027126
-0.01060382, 0.14740109, -0.03650356
0.99902338, 0.01849422, 0.03946043
0.8264485, 0.1172142
0.0032372, 0.14740109, -0.03650356
0.99902338, 0.01849422, 0.03946043
0.84539807, 0.43120646
-0.01060379, 0.16566862, -0.02858546
0.76918852, 0.44630268, 0.45725882
0.63761473, 0.06563801
-0.01487275, 0.16360681, 0.00169239
-0.7862789, -0.46723837, -0.40421766
0.46827433, 0.05169421
-0.00103173, 0.14939646, 0.00165709
-0.79009372, 0.46116519, -0.40375987
0.97471374, 0.34534568
-0.01060381, 0.14700527, 0.0047688
0.88201547, -0.3581042, 0.30625325
0.99205947, 0.57650369
0.0032372, 0.14700527, 0.0047688
0.88201547, -0.3581042, 0.30625325
0.99420035, 0.48239601
0.00222947, 0.16339716, -0.03138997
0.12179937, -0.64860988, -0.75127417
0.99503964, 0.91977458
-0.01060379, 0.16566862, -0.02858546
0.76918852, 0.44630268, 0.45725882
0.98703033, 0.87308298
-0.01161155, 0.16339716, -0.02940931
0.37513351, -0.92120123, -0.10306101
0.99514359, 0.8694164
-0.01161155, 0.16339716, -0.02940931
0.37513351, -0.92120123, -0.10306101
0.30155772, 0.58611384
0.00222947, 0.16339716, -0.03138997
0.12179937, -0.64860988, -0.75127417
0.02939851, 0.58611107
-0.00103173, 0.16360681, 0.00169239
-0.78621787, -0.46745202, -0.40412611
0.86053693, 0.15486264
-0.01324213, 0.1673077, -0.03038085
0.11523789, 0.86065251, -0.49592578
0.67692071, 0.00202751
-0.01619536, 0.00892127, -0.01682414
-0.57734919, -0.57734919, -0.57734919
0.9896512, 0.08269566
# Number of Faces:
354
# Face Data:
0, 1, 2
3, 4, 5
6, 7, 8
9, 10, 11
12, 13, 14
15, 16, 17
18, 19, 20
21, 22, 23
24, 25, 26
26, 27, 28
23, 29, 30
31, 32, 15
33, 34, 18
35, 36, 37
38, 39, 40
41, 42, 43
44, 45, 46
47, 48, 49
50, 51, 52
52, 53, 54
49, 55, 56
57, 58, 38
59, 60, 44
61, 10, 62
63, 64, 65
66, 67, 68
69, 70, 64
71, 72, 73
74, 75, 70
76, 77, 78
79, 80, 81
82, 83, 84
85, 86, 87
88, 89, 90
91, 92, 93
94, 95, 92
96, 84, 95
97, 98, 99
100, 101, 98
102, 85, 101
103, 104, 105
65, 106, 107
108, 109, 110
111, 112, 113
114, 115, 116
117, 118, 119
120, 121, 122
123, 124, 125
126, 127, 128
129, 130, 131
132, 119, 133
134, 135, 136
137, 120, 122
138, 139, 140
141, 137, 142
143, 144, 145
146, 147, 148
149, 150, 151
152, 153, 154
140, 155, 138
156, 157, 158
159, 160, 161
162, 163, 164
165, 166, 167
168, 169, 170
171, 172, 173
174, 175, 176
177, 178, 179
180, 181, 182
183, 184, 185
186, 187, 188
189, 190, 186
191, 192, 183
177, 193, 194
182, 195, 196
197, 198, 199
200, 201, 2
202, 203, 204
205, 206, 207
208, 209, 210
6, 211, 212
213, 214, 215
216, 217, 218
219, 220, 221
222, 223, 224
225, 226, 227
228, 229, 230
231, 232, 233
234, 235, 236
237, 238, 239
240, 241, 242
243, 244, 245
246, 229, 247
248, 232, 249
250, 251, 252
253, 254, 255
256, 257, 258
259, 260, 261
219, 262, 263
235, 264, 236
238, 265, 239
241, 266, 267
244, 268, 253
259, 269, 270
271, 272, 273
274, 275, 276
277, 278, 279
280, 281, 282
283, 284, 285
250, 286, 287
277, 288, 289
290, 274, 264
291, 271, 265
267, 292, 293
294, 295, 296
297, 298, 299
292, 300, 293
254, 301, 255
302, 303, 304
305, 306, 307
308, 309, 310
311, 312, 313
302, 314, 315
305, 316, 317
318, 319, 320
321, 322, 323
276, 324, 325
273, 326, 327
328, 329, 300
330, 331, 301
332, 298, 333
334, 295, 335
336, 337, 338
339, 340, 341
342, 298, 295
343, 344, 345
346, 321, 322
340, 347, 341
348, 344, 349
350, 351, 352
2, 353, 0
0, 354, 355
1, 200, 2
0, 355, 1
3, 356, 4
357, 8, 358
6, 212, 7
8, 359, 6
7, 358, 8
9, 62, 10
14, 360, 361
361, 362, 363
363, 12, 14
13, 364, 14
14, 361, 363
15, 32, 16
18, 34, 19
21, 365, 22
24, 366, 25
26, 25, 27
23, 22, 29
31, 367, 32
33, 368, 34
37, 369, 370
370, 371, 37
372, 35, 37
36, 373, 37
37, 371, 372
38, 58, 39
374, 375, 43
43, 376, 41
41, 377, 42
42, 378, 374
374, 43, 42
44, 60, 45
47, 379, 48
50, 380, 51
52, 51, 53
49, 48, 55
57, 381, 58
59, 382, 60
61, 383, 10
63, 69, 64
68, 384, 66
385, 386, 387
387, 66, 384
67, 388, 68
384, 385, 387
69, 74, 70
71, 75, 72
74, 72, 75
389, 390, 391
392, 391, 390
393, 76, 78
394, 395, 77
78, 389, 393
394, 77, 76
391, 393, 389
79, 396, 80
82, 397, 83
85, 398, 86
399, 400, 401
399, 401, 88
402, 90, 89
403, 404, 405
405, 404, 402
90, 399, 88
89, 405, 402
91, 94, 92
94, 96, 95
96, 82, 84
97, 100, 98
100, 102, 101
102, 398, 85
406, 104, 407
105, 408, 409
409, 103, 105
407, 410, 406
104, 103, 407
65, 411, 412
107, 413, 63
413, 414, 63
65, 412, 106
107, 63, 65
108, 415, 109
145, 387, 143
387, 386, 416
143, 387, 417
418, 111, 113
387, 416, 417
417, 416, 418
111, 419, 112
113, 417, 418
114, 420, 115
117, 421, 118
120, 422, 121
423, 410, 407
407, 149, 424
407, 424, 123
125, 423, 123
425, 426, 427
124, 427, 426
407, 123, 423
426, 125, 124
126, 428, 127
129, 429, 130
132, 117, 119
134, 430, 135
137, 431, 120
138, 432, 139
141, 431, 137
170, 145, 144
144, 168, 170
146, 155, 147
151, 424, 149
150, 152, 151
152, 150, 153
140, 147, 155
156, 433, 157
159, 434, 160
162, 435, 163
165, 436, 166
168, 437, 169
173, 438, 171
439, 440, 171
171, 441, 442
442, 172, 171
438, 439, 171
176, 443, 444
444, 445, 176
446, 174, 176
175, 447, 176
176, 445, 446
177, 448, 178
180, 449, 181
183, 192, 184
186, 190, 187
189, 450, 190
191, 451, 192
177, 179, 193
182, 181, 195
198, 108, 110
198, 110, 199
452, 198, 453
198, 197, 453
454, 197, 199
200, 455, 201
202, 456, 203
205, 457, 206
458, 210, 209
208, 459, 209
6, 460, 211
461, 215, 214
213, 462, 214
216, 463, 217
219, 263, 220
222, 464, 223
225, 465, 226
228, 466, 229
231, 467, 232
234, 468, 235
237, 469, 238
240, 470, 241
243, 471, 244
246, 230, 229
248, 233, 232
250, 287, 251
253, 268, 254
256, 472, 257
259, 473, 260
219, 474, 262
235, 290, 264
238, 291, 265
241, 470, 266
244, 471, 268
259, 261, 269
271, 475, 272
274, 476, 275
277, 289, 278
280, 477, 281
283, 478, 284
250, 479, 286
277, 480, 288
290, 476, 274
291, 475, 271
267, 266, 292
294, 342, 295
297, 481, 298
292, 328, 300
254, 330, 301
302, 315, 303
305, 317, 306
308, 482, 309
311, 483, 312
302, 484, 314
305, 485, 316
320, 346, 486
486, 318, 320
323, 487, 488
488, 321, 323
276, 275, 324
273, 272, 326
328, 489, 329
330, 490, 331
332, 299, 298
334, 296, 295
336, 347, 337
339, 491, 340
342, 333, 298
343, 492, 344
346, 486, 321
340, 337, 347
348, 345, 344
350, 493, 351
