# Project Zomboid Skinned Mesh
# File Version:
1.0
# Model Name:
Cube
# Vertex Stride Element Count:
3
# Vertex Stride Size (in bytes):
76
# Vertex Stride Data:
# (Int)    Offset
# (String) Type
0
VertexArray
12
NormalArray
24
TextureCoordArray
# Vertex Count:
570
# Vertex Buffer:
-0.02497557, 0.20621538, -0.022554
-0.57734919, 0.57734919, -0.57734919
0.04461811, 0.0695346
-0.00096063, 0.20621538, 0.00569863
0.57734919, 0.57734919, 0.57734919
0.09987762, 0.13929224
-0.00096063, 0.20621538, -0.022554
0.57734919, 0.57734919, -0.57734919
0.09987764, 0.0695346
-0.03223291, -0.12888306, 0.0709957
-0.78109074, -0.6153447, 0.10577715
0.39825034, 0.99666562
-0.02326277, -0.00132293, 0.01170949
-0.68123418, 0.220954, 0.69789726
0.32603335, 0.65801406
-0.02497555, -0.00120893, 0.00569863
-0.93060088, 0.04290903, 0.36341441
0.31252345, 0.65467936
-0.00789851, 0.35699397, -0.00965398
0.55293435, 0.61424601, 0.56294441
0.97661227, 0.54572895
-0.01296809, 0.16073927, -0.00795128
0.00054933, -0.64207894, 0.76659441
0.98827761, 0.06121087
-0.0078985, 0.16073927, -0.00965398
0.54942471, -0.62065494, 0.55934322
0.97661221, 0.06131965
-0.00096061, 0.02877161, 0.00569863
0.70708334, 0.0, 0.70708334
0.80213672, 0.47172892
-0.02497557, 0.20621538, 0.00569863
-0.57734919, 0.57734919, 0.57734919
0.74687725, 0.03375012
-0.02497556, 0.02877161, 0.00569863
-0.70708334, 0.0, 0.70708334
0.74687719, 0.47172892
-0.01806245, 0.35699397, -0.00965398
-0.54765463, 0.61528367, 0.56697285
0.92960137, 0.06113636
-0.01995166, 0.16073927, -0.01471578
-0.77083653, -0.63698232, 0.00347911
0.9179213, 0.54572895
-0.01806244, 0.16073927, -0.00965398
-0.54411453, -0.62175357, 0.56331062
0.92960143, 0.54569143
-0.00789851, 0.35699397, -0.01992168
0.55351418, 0.8011719, -0.22739342
0.95322448, 0.06114024
-0.00609698, 0.16073927, -0.01471578
0.76866972, -0.63960689, 0.00335704
0.94131821, 0.54572895
-0.0078985, 0.16073927, -0.01992168
0.55519271, -0.62096012, -0.55330056
0.95322448, 0.54570553
-0.01296811, 0.35699397, -0.00795128
0.00054933, 0.63499862, 0.77248454
0.98827767, 0.54562011
-0.01806244, 0.16073927, -0.00965398
-0.54411453, -0.62175357, 0.56331062
0.99999994, 0.06131965
-0.00609699, 0.35699397, -0.01471578
0.77446824, 0.63258767, 0.00338755
0.94131821, 0.06116378
-0.0078985, 0.16073927, -0.00965398
0.54942471, -0.62065494, 0.55934322
0.92960149, 0.54570773
-0.0129743, 0.35699397, -0.02171169
0.0, 0.90777308, 0.41944641
0.39421949, 0.06409329
-0.01043331, 0.34655482, -0.02080853
0.47715691, -0.56147951, 0.6760155
0.38837254, 0.03826892
-0.01043331, 0.35699397, -0.02080853
0.47715691, 0.56147951, 0.6760155
0.38837254, 0.06403559
-0.0129681, 0.16073927, -0.02169534
0.00057985, -0.63991213, -0.76842552
0.18683471, 0.04337335
-0.00609698, 0.16073927, -0.01471578
0.76866972, -0.63960689, 0.00335704
0.16654092, 0.03296822
-0.01296809, 0.16073927, -0.00795128
0.00054933, -0.64207894, 0.76659441
0.15707339, 0.05444771
-0.00952218, 0.35704255, -0.01830477
-0.39768669, 0.82744837, 0.3963744
0.06992684, 0.05861157
-0.00828387, 0.35704255, -0.01472632
-0.60237432, 0.79818112, -0.00262459
0.06310914, 0.06443352
-0.00609699, 0.35699397, -0.01471578
0.77446824, 0.63258767, 0.00338755
0.06475938, 0.0695346
-0.01995167, 0.35699397, -0.01471578
-0.77651298, 0.63005465, 0.00350963
0.91792125, 0.0611738
-0.01806244, 0.16073927, -0.01992168
-0.5500046, -0.62199771, -0.55726796
0.90597564, 0.54568985
-0.01297029, 0.2866362, -0.01012776
-0.00054933, 0.64207894, -0.76659441
0.90499192, 0.99993164
-0.01647453, 0.35704255, -0.01129903
0.39143041, 0.82613605, -0.40522477
0.91305536, 0.82620871
-0.01297029, 0.35704255, -0.01012776
-0.00042726, 0.79451889, -0.60722679
0.90499192, 0.82614034
-0.01297029, 0.2866362, -0.01012776
-0.00054933, 0.64207894, -0.76659441
0.67877197, 0.56210145
-0.00828386, 0.2866362, -0.01472632
-0.76866972, 0.63960689, -0.00335704
0.69232076, 0.56927428
-0.01297035, 0.2866362, -0.0195111
-0.00057985, 0.63991213, 0.76842552
0.69915199, 0.55445084
-0.00950646, 0.2866362, -0.01129114
-0.54942471, 0.62065494, -0.55934322
0.89702153, 0.99999948
-0.00950646, 0.35704255, -0.01129114
-0.39295632, 0.82793665, -0.40006715
0.89702147, 0.82620826
-0.01645832, 0.2866362, -0.01829679
0.5500046, 0.62199771, 0.55726796
0.91702652, 0.57395497
-0.01297035, 0.35704255, -0.0195111
-0.00042726, 0.79766226, 0.60307628
0.90900058, 0.7478143
-0.01645832, 0.35704255, -0.01829679
0.3961913, 0.82570881, 0.40147099
0.91702652, 0.74773669
-0.01297035, 0.2866362, -0.0195111
-0.00057985, 0.63991213, 0.76842552
0.90900052, 0.57403252
-0.00952218, 0.35704255, -0.01830477
-0.39768669, 0.82744837, 0.3963744
0.90106612, 0.74773726
-0.01775387, 0.2866362, -0.01472674
0.77083653, 0.63698232, -0.00350963
0.88875675, 0.99998344
-0.01645832, 0.35704255, -0.01829679
0.3961913, 0.82570881, 0.40147099
0.89702147, 0.8261611
-0.01775388, 0.35704255, -0.01472674
0.59715569, 0.80208749, -0.00271615
0.88875675, 0.8261458
-0.00828386, 0.2866362, -0.01472632
-0.76866972, 0.63960689, -0.00335704
0.81115162, 0.84218627
-0.00950646, 0.35704255, -0.01129114
-0.39295632, 0.82793665, -0.40006715
0.81903452, 0.6683774
-0.00828387, 0.35704255, -0.01472632
-0.60237432, 0.79818112, -0.00262459
0.81115162, 0.6683521
-0.00952219, 0.2866362, -0.01830477
-0.55516219, 0.62096012, 0.55330056
0.80289602, 0.84221078
-0.00952218, 0.35704255, -0.01830477
-0.39768669, 0.82744837, 0.3963744
0.80289602, 0.66837674
-0.01647453, 0.2866362, -0.01129903
0.54411453, 0.62175357, -0.56331062
0.88092101, 1.0
-0.01647453, 0.35704255, -0.01129903
0.39143041, 0.82613605, -0.40522477
0.88092101, 0.82616235
-0.01551528, 0.35699397, -0.02080853
-0.47715691, 0.56147951, 0.6760155
0.40006641, 0.06403565
-0.0129743, 0.34655482, -0.02171169
0.0, -0.79079562, 0.61204869
0.39421949, 0.03832662
-0.01043331, 0.34848467, -0.03625581
0.61256754, -0.38300729, -0.69139683
0.36536133, 0.02567959
-0.01551528, 0.34655482, -0.0331708
-0.64995271, -0.73046052, -0.20966215
0.3770552, 0.03369105
-0.01551528, 0.34848496, -0.03625581
-0.61256754, -0.38297677, -0.69139683
0.3770552, 0.02567959
-0.01551528, 0.35699397, -0.0331708
-0.64995271, 0.73046052, -0.20963164
0.07467772, 0.0619179
-0.01551528, 0.34655482, -0.0331708
-0.64995271, -0.73046052, -0.20966215
0.09869791, 0.06191629
-0.01551528, 0.34655482, -0.02080853
-0.47715691, -0.56147951, 0.6760155
0.09869791, 0.03139353
-0.01551528, 0.35699397, -0.0331708
-0.64995271, 0.73046052, -0.20963164
0.40006641, 0.03356987
-0.01551528, 0.35699397, -0.02080853
-0.47715691, 0.56147951, 0.6760155
0.40006641, 0.06409323
-0.0129743, 0.35699397, -0.02171169
0.0, 0.90777308, 0.41944641
0.40591335, 0.06186318
-0.01043331, 0.34655482, -0.0331708
0.64995271, -0.73046052, -0.20963164
0.36536133, 0.03369099
-0.01043331, 0.34655482, -0.02080853
0.47715691, -0.56147951, 0.6760155
0.36536133, 0.06409323
-0.0129743, 0.34655482, -0.02171169
0.0, -0.79079562, 0.61204869
0.37120828, 0.06187212
-0.01043331, 0.34655482, -0.0331708
0.64995271, -0.73046052, -0.20963164
0.6976226, 0.05766195
-0.01043331, 0.35699397, -0.0331708
0.64995271, 0.73046052, -0.20963164
0.72164333, 0.05766416
-0.01043331, 0.35699397, -0.02080853
0.47715691, 0.56147951, 0.6760155
0.72164333, 0.02714503
-0.01647453, 0.35704255, -0.01129903
0.39143041, 0.82613605, -0.40522477
0.04940367, 0.04817557
-0.01775388, 0.35704255, -0.01472674
0.59715569, 0.80208749, -0.00271615
0.05586286, 0.04238182
-0.01995167, 0.35699397, -0.01471578
-0.77651298, 0.63005465, 0.00350963
0.05415661, 0.03727341
-0.01296811, 0.30041575, -0.02169534
0.00076296, 0.0, -0.99996948
0.96488994, 0.20095104
-0.01806244, 0.16073927, -0.01992168
-0.5500046, -0.62199771, -0.55726796
0.97661227, 0.54562539
-0.01806245, 0.35699397, -0.01992168
-0.54829556, 0.80266732, -0.23462629
0.97661221, 0.06118965
-0.0078985, 0.16073927, -0.01992168
0.55519271, -0.62096012, -0.55330056
0.95322454, 0.54562533
-0.00789851, 0.35699397, -0.01992168
0.55351418, 0.8011719, -0.22739342
0.95322454, 0.06118965
0.01571249, 0.13615042, -0.02290484
-0.65572071, 0.3785516, -0.65321815
0.33380345, 0.10902971
0.02014427, 0.15268996, -0.03536063
-0.63771474, 0.0, -0.77025664
0.30514297, 0.06816405
0.01571249, 0.13615042, -0.03536063
-0.55226296, 0.31885737, -0.77025664
0.30514297, 0.10909027
-0.01043331, 0.35699397, -0.0331708
0.64995271, 0.73046052, -0.20963164
0.41176024, 0.03356993
-0.01551528, 0.35506412, -0.03625581
-0.61256754, 0.38300729, -0.69139683
0.40006641, 0.02597457
-0.01043331, 0.35506412, -0.03625581
0.61256754, 0.38300729, -0.69139683
0.62338436, 0.54572895
-0.01551528, 0.34848496, -0.03625581
-0.61256754, -0.38297677, -0.69139683
0.63507819, 0.56196904
-0.01551528, 0.35506412, -0.03625581
-0.61256754, 0.38300729, -0.69139683
0.63507819, 0.54572895
-0.02637266, 0.29016241, 0.00727019
-0.57853937, 0.58330029, 0.57008576
0.60561681, 0.04122657
0.00062432, 0.29016241, -0.01313784
0.57734919, 0.57734919, -0.57734919
0.65257615, 0.10788465
-0.02637267, 0.29016241, -0.01313784
-0.57734919, 0.57734919, -0.57734919
0.65257615, 0.04122657
-0.02637263, 0.17964959, -0.01313789
-0.57734919, -0.57734919, -0.57734919
0.25858942, 0.13923061
0.00062436, 0.17964959, 0.00980587
0.57612842, -0.57127595, 0.584521
0.20600462, 0.07257247
-0.02637263, 0.17964959, 0.00980587
-0.57612842, -0.57127595, 0.584521
0.2060046, 0.13923061
0.00062435, 0.17964959, -0.01313789
0.57734919, -0.57734919, -0.57734919
0.74077463, 0.84221159
-0.02637267, 0.29016241, -0.01313784
-0.57734919, 0.57734919, -0.57734919
0.80289596, 0.56942126
0.00062432, 0.29016241, -0.01313784
0.57734919, 0.57734919, -0.57734919
0.74077463, 0.56942126
-0.02637263, 0.17964959, -0.01313789
-0.57734919, -0.57734919, -0.57734919
0.90597558, 0.27287155
-0.02637266, 0.29016241, 0.00727019
-0.57853937, 0.58330029, 0.57008576
0.85901707, 0.54572594
-0.02637267, 0.29016241, -0.01313784
-0.57734919, 0.57734919, -0.57734919
0.90597558, 0.54572895
0.00062432, 0.29016241, 0.00727024
0.57853937, 0.58330029, 0.57008576
0.85901624, 4.35e-06
0.00062435, 0.17964959, -0.01313789
0.57734919, -0.57734919, -0.57734919
0.90596932, 0.27286315
0.00062432, 0.29016241, -0.01313784
0.57734919, 0.57734919, -0.57734919
0.90596932, 0.0
-0.02637263, 0.17964959, 0.00980587
-0.57612842, -0.57127595, 0.584521
0.74077463, 0.56927434
0.00062432, 0.29016241, 0.00727024
0.57853937, 0.58330029, 0.57008576
0.67865324, 0.84221151
-0.02637266, 0.29016241, 0.00727019
-0.57853937, 0.58330029, 0.57008576
0.74077457, 0.84221159
-0.00309852, 0.08196607, 0.0144541
0.77205724, 0.61268961, 0.1688284
0.22288814, 0.07257247
-0.02326278, 0.08415714, 0.01078038
-0.83675647, 0.270394, 0.47611928
0.23136458, 0.02278495
-0.02326278, 0.08196607, 0.0144541
-0.77205724, 0.61268961, 0.1688284
0.22288814, 0.02278501
-0.01293496, 0.20030931, -0.01599936
0.0, 0.75713372, 0.65321815
0.04455074, 0.08050412
-0.03674457, 0.19392952, -0.03536063
-0.3785516, 0.65572071, -0.65321815
6.734e-05, 0.13929224
-0.03674457, 0.19392952, -0.01599936
-0.3785516, 0.65572071, 0.65321815
0.0446181, 0.13929224
-0.02326278, 0.1045382, 0.01078038
-0.82827234, -0.2608417, 0.49583423
0.25858939, 0.07257247
-0.00309852, 0.1070632, 0.0144541
0.7803278, -0.59721673, 0.18543047
0.25068718, 0.02278495
-0.02326278, 0.1070632, 0.0144541
-0.7803278, -0.59721673, 0.18543047
0.25068718, 0.07257241
-0.02326278, 0.08415714, 0.02180155
-0.83675647, 0.270394, -0.47611928
0.52066308, 0.02409554
-0.00309852, 0.1045382, 0.02180155
0.82827234, -0.2608417, -0.49583423
0.56706196, 0.07440418
-0.00309852, 0.08415714, 0.02180155
0.83675647, 0.270394, -0.47611928
0.56706196, 0.02409554
-0.00309852, 0.1045382, 0.01078038
0.82827234, -0.2608417, 0.49583423
0.14627659, 0.02303195
-0.02326278, 0.08415714, 0.01078038
-0.83675647, 0.270394, 0.47611928
0.09987764, 0.07333785
-0.00309852, 0.08415714, 0.01078038
0.83675647, 0.270394, 0.47611928
0.14627658, 0.07333785
-0.00309852, 0.11078387, 0.02275932
0.57734919, 0.57734919, 0.57734919
0.84853572, 0.09942102
-0.02326278, 0.11078387, 0.00146088
-0.57734919, 0.57734919, -0.57734919
0.80213678, 0.04683369
-0.02326278, 0.11078387, 0.02275932
-0.57734919, 0.57734919, 0.57734919
0.80213684, 0.09942102
-0.02326278, 0.11078387, 0.00146088
-0.57734919, 0.57734919, -0.57734919
0.45815921, 0.00915861
-0.00309852, 0.0491716, 0.00146088
0.89440596, 0.0, -0.44718772
0.4117603, 0.1612426
-0.02326277, 0.0491716, 0.00146088
-0.89440596, 0.0, -0.44718772
0.45815921, 0.1612426
-0.00309852, 0.0491716, 0.01170949
0.59477526, 0.47706532, 0.64699239
0.56976044, 0.20972741
-0.02326277, 0.04964083, 0.01019285
-0.99993896, 0.00262459, -0.00799585
0.57325524, 0.15994
-0.02326277, 0.0491716, 0.01170949
-0.59477526, 0.47706532, 0.64699239
0.56976044, 0.15994
-0.00309852, 0.08021235, 0.02275932
0.86327708, 0.29258096, 0.41120639
0.25858942, 0.06377184
-0.02326278, 0.11078387, 0.02275932
-0.57734919, 0.57734919, 0.57734919
0.30498835, 0.13923061
-0.02326278, 0.08021235, 0.02275932
-0.86327708, 0.29258096, 0.41120639
0.30498832, 0.06377184
-0.00309852, 0.11078387, 0.00146088
0.57734919, 0.57734919, -0.57734919
0.74687713, 0.26892799
-0.00309852, 0.11078387, 0.02275932
0.57734919, 0.57734919, 0.57734919
0.69787562, 0.26893252
-0.00309852, 0.1070632, 0.0144541
0.7803278, -0.59721673, 0.18543047
0.71698356, 0.27811736
-0.00309852, 0.08415714, 0.01078038
0.83675647, 0.270394, 0.47611928
0.72543567, 0.33467311
-0.00309852, 0.08020133, 0.01485073
1.0, 0.0, 0.0
0.71607101, 0.34444112
-0.00309852, 0.07617146, 0.01063199
1.0, 0.0, 0.0
0.72577709, 0.3543902
-0.02326278, 0.11078387, 0.02275932
-0.57734919, 0.57734919, 0.57734919
0.53032124, 0.54572567
-0.02326278, 0.1070632, 0.0144541
-0.7803278, -0.59721673, 0.18543047
0.54943144, 0.5365406
-0.02326278, 0.1070632, 0.01812784
-0.7803278, -0.59721673, -0.18543047
0.54097825, 0.53654003
-0.02326278, 0.08020133, 0.01485073
-1.0, 0.0, 0.0
0.54851884, 0.47021824
-0.02326278, 0.08021235, 0.02275932
-0.86327708, 0.29258096, 0.41120639
0.53032124, 0.47024423
-0.02326278, 0.08196607, 0.01812784
-0.77205724, 0.61268961, -0.1688284
0.54097825, 0.47457486
-0.02326277, 0.03176361, 0.0617191
-0.67146826, -0.73070467, -0.12295908
0.44067556, 0.35061777
-0.02326277, 0.03579706, 0.07361712
-0.63042086, -0.31418806, 0.70976895
0.4132984, 0.36057454
-0.02326277, 0.06233513, 0.07428558
-0.59532458, 0.45750296, 0.66045105
0.41176027, 0.42609721
-0.02326277, -0.00132293, 0.01170949
-0.68123418, 0.220954, 0.69789726
0.84849799, 0.41918838
-0.01035588, -0.12899691, 0.07700653
0.44422743, -0.45493942, 0.77178258
0.80682117, 0.10142893
-0.00309852, -0.00132293, 0.01170949
0.68300426, 0.18295847, 0.70711386
0.80213678, 0.42119634
-0.02326278, 0.1070632, 0.01812784
-0.7803278, -0.59721673, -0.18543047
0.24226734, 0.07257241
-0.00309852, 0.1045382, 0.02180155
0.82827234, -0.2608417, -0.49583423
0.23332998, 0.02278495
-0.02326278, 0.1045382, 0.02180155
-0.82827234, -0.2608417, -0.49583423
0.23332998, 0.07257241
-0.00309852, 0.1070632, 0.01812784
0.7803278, -0.59721673, -0.18543047
0.24226734, 0.02278495
-0.00309852, 0.08415714, 0.02180155
0.83675647, 0.270394, -0.47611928
0.2060046, 0.07257241
-0.02326278, 0.08196607, 0.01812784
-0.77205724, 0.61268961, -0.1688284
0.21443479, 0.02278501
-0.02326278, 0.08415714, 0.02180155
-0.83675647, 0.270394, -0.47611928
0.2060046, 0.02278495
-0.00309852, 0.08196607, 0.01812784
0.77205724, 0.61268961, -0.1688284
0.21443477, 0.07257247
-0.02497541, -0.12888306, 0.00569104
-0.67210913, -0.65285194, -0.34928435
0.56706196, 0.09308833
-0.01697043, -0.12888306, -0.00016005
-0.22800379, -0.70366526, -0.67290264
0.55024272, 0.0765959
-0.00096045, -0.12888306, 0.00569104
0.71907711, -0.63707387, -0.27744377
0.51214314, 0.08651316
-0.01697043, -0.12888306, -0.00016005
-0.22800379, -0.70366526, -0.67290264
0.8625012, 0.99999993
-0.02497555, -0.00120893, -0.01670291
-0.95168918, -0.20255135, -0.23068941
0.88092101, 0.68581486
-0.01697057, -0.00120893, -0.022554
-0.16760765, -0.83022553, -0.53157139
0.8625012, 0.68615663
-0.00096059, -0.00120878, 0.00569863
0.91863763, 0.02551347, 0.3942076
0.80213672, 0.54572859
-0.00309852, 0.0491716, 0.01170949
0.59477526, 0.47706532, 0.64699239
0.80682123, 0.54572895
-0.02326277, 0.0491716, 0.01170949
-0.59477526, 0.47706532, 0.64699239
0.85318238, 0.54372102
-0.02326277, 0.03579706, 0.07361712
-0.63042086, -0.31418806, 0.70976895
0.36536136, 0.12955362
-0.00309852, 0.06233513, 0.07428558
0.59532458, 0.45750296, 0.66045105
0.41176027, 0.06409323
-0.02326277, 0.06233513, 0.07428558
-0.59532458, 0.45750296, 0.66045105
0.36536136, 0.06409323
-0.00309852, 0.03176734, 0.06939837
0.63219094, -0.71907711, 0.28843042
0.41176024, 0.13923061
-0.00309852, 0.03579706, 0.07361712
0.63042086, -0.31418806, 0.70976895
0.41176027, 0.12955362
-0.00309852, 0.03176361, 0.0617191
0.67146826, -0.73070467, -0.12295908
0.50455809, 0.03059316
-0.02326277, 0.03176734, 0.06939837
-0.63219094, -0.71907711, 0.28843042
0.45815921, 0.0117085
-0.02326277, 0.03176361, 0.0617191
-0.67146826, -0.73070467, -0.12295908
0.45815921, 0.03059316
-0.02326277, 0.04964083, 0.01019285
-0.99993896, 0.00262459, -0.00799585
0.45815921, 0.16124254
-0.00309852, 0.04964083, 0.01019285
0.99993896, 0.00262459, -0.00799585
0.50455815, 0.1612426
-0.00309852, 0.03176361, 0.0617191
0.67146826, -0.73070467, -0.12295908
0.60824043, 0.46404684
-0.00309852, 0.08021235, 0.02275932
0.86327708, 0.29258096, 0.41120639
0.69787562, 0.34441555
-0.00309852, 0.06233513, 0.07428558
0.59532458, 0.45750296, 0.66045105
0.5793286, 0.38856649
-0.02497556, 0.02877161, -0.022554
-0.90450758, 0.30149236, -0.30149236
0.26327968, 0.56776661
-0.02497557, 0.20621538, 0.00569863
-0.57734919, 0.57734919, 0.57734919
0.41176018, 0.1537388
-0.02497557, 0.20621538, -0.022554
-0.57734919, 0.57734919, -0.57734919
0.34817296, 0.13923061
-0.02326277, 0.06233513, 0.07428558
-0.59532458, 0.45750296, 0.66045105
0.87206042, 0.55839023
-0.00309852, 0.08021235, 0.02275932
0.86327708, 0.29258096, 0.41120639
0.82566148, 0.6858145
-0.02326278, 0.08021235, 0.02275932
-0.86327708, 0.29258096, 0.41120639
0.87206036, 0.68581459
-0.00096063, 0.20621538, -0.022554
0.57734919, 0.57734919, -0.57734919
0.62339365, 0.56199718
-0.02497556, 0.02877161, -0.022554
-0.90450758, 0.30149236, -0.30149236
0.67865318, 0.99999998
-0.02497557, 0.20621538, -0.022554
-0.57734919, 0.57734919, -0.57734919
0.67865318, 0.56199715
-0.02497555, -0.00120893, -0.01670291
-0.95168918, -0.20255135, -0.23068941
0.26210508, 0.64317581
-0.02497556, 0.02877161, 0.00569863
-0.70708334, 0.0, 0.70708334
0.32686684, 0.58227479
-0.00309852, -0.00132293, 0.01170949
0.68300426, 0.18295847, 0.70711386
0.72329807, 0.54572895
-0.00309852, 0.0491716, 0.00146088
0.89440596, 0.0, -0.44718772
0.74687713, 0.42105263
-0.00309852, 0.0491716, 0.01170949
0.59477526, 0.47706532, 0.64699239
0.72329807, 0.42105478
-0.02326277, -0.00132293, 0.00146088
-1.0, 0.0, 0.0
0.5793286, 0.26893598
-0.02326277, 0.0491716, 0.01170949
-0.59477526, 0.47706532, 0.64699239
0.55574673, 0.39360595
-0.02326277, 0.0491716, 0.00146088
-0.89440596, 0.0, -0.44718772
0.5793286, 0.39360756
-0.00096063, 0.20621538, -0.022554
0.57734919, 0.57734919, -0.57734919
0.1424334, 1.0
-0.00096061, 0.02877161, 0.00569863
0.70708334, 0.0, 0.70708334
0.12086723, 0.556961
-0.00096061, 0.02877161, -0.022554
0.90450758, 0.30149236, -0.30149236
0.05729608, 0.57151046
-0.00096059, -0.00120878, -0.01670291
0.95168918, -0.20255135, -0.23068941
0.05607704, 0.4961009
-0.02369693, 0.02877161, -0.03148673
0.0925016, 0.78475296, -0.6128422
0.90106612, 0.80395244
-0.02497556, 0.02877161, -0.03148673
-0.60481584, 0.67467266, -0.42304757
0.90106612, 0.80710948
-0.02497556, 0.02877161, -0.022554
-0.90450758, 0.30149236, -0.30149236
0.92162061, 0.80710948
-0.00096059, -0.00120878, -0.03148673
0.65541553, -0.73177284, -0.18677327
0.02281199, 0.50371426
-0.0009606, 0.00505716, -0.04296108
0.57997376, -0.24860378, -0.77574998
0.0, 0.52475423
-0.00096061, 0.02877161, -0.03148673
0.60481584, 0.67467266, -0.42304757
0.03719655, 0.57611063
-0.01600241, 0.00556543, -0.03148673
0.68822289, -0.22940764, -0.68822289
0.51786673, 0.04365033
-0.01600241, 0.01439929, -0.02262002
0.54948574, -0.35615101, -0.75576037
0.52066308, 0.07440418
-0.01600241, 0.0045903, -0.03071576
0.62254709, 0.7078768, -0.33359784
0.52066308, 0.04300475
-0.00237348, -0.00120878, -0.03148673
-0.20633565, -0.8692587, -0.44917142
0.10312878, 0.10293466
-0.00096059, -0.00120878, -0.01670291
0.95168918, -0.20255135, -0.23068941
0.09987764, 0.13929224
-0.00896558, -0.00120878, -0.022554
0.16763817, -0.83022553, -0.53157139
0.1182975, 0.12490278
-0.02497556, 0.02877161, -0.03148673
-0.60481584, 0.67467266, -0.42304757
0.24317506, 0.56317952
-0.02497555, 0.00505716, -0.04296108
-0.57997376, -0.24860378, -0.77574998
0.2060046, 0.61455888
-0.02497554, -0.00120893, -0.03148673
-0.65538502, -0.73180336, -0.18677327
0.22883165, 0.63558406
-0.02386364, 0.00505716, -0.04296108
0.57383955, -0.24900052, -0.78017515
0.15257865, 0.07333791
-0.02497554, -0.00120893, -0.03148673
-0.65538502, -0.73180336, -0.18677327
0.15513718, 0.10293472
-0.02497555, 0.00505716, -0.04296108
-0.57997376, -0.24860378, -0.77574998
0.1551372, 0.07333791
-0.02497556, 0.02877161, -0.03148673
-0.60481584, 0.67467266, -0.42304757
0.57325524, 0.20972741
-0.02386364, 0.00505716, -0.04296108
0.57383955, -0.24900052, -0.78017515
0.57069671, 0.26893437
-0.02497555, 0.00505716, -0.04296108
-0.57997376, -0.24860378, -0.77574998
0.57325524, 0.26893437
-0.00224124, 0.00505716, -0.04296108
-0.57509077, -0.24893948, -0.77925962
0.57000875, 0.26893437
-0.00096061, 0.02877161, -0.03148673
0.60481584, 0.67467266, -0.42304757
0.56706196, 0.20972741
-0.0009606, 0.00505716, -0.04296108
0.57997376, -0.24860378, -0.77574998
0.56706196, 0.26893437
-0.00096059, -0.00120878, -0.03148673
0.65541553, -0.73177284, -0.18677327
0.09987764, 0.10293466
-0.00224124, 0.00505716, -0.04296108
-0.57509077, -0.24893948, -0.77925962
0.10282444, 0.07333791
-0.0009606, 0.00505716, -0.04296108
0.57997376, -0.24860378, -0.77574998
0.09987764, 0.07333791
-0.00237349, 0.02877161, -0.03148673
-0.09247109, 0.784814, -0.61278117
0.60226595, 0.0534395
-0.00224124, 0.00505716, -0.04296108
-0.57509077, -0.24893948, -0.77925962
0.57586604, 0.11198634
-0.00237348, -0.00120878, -0.03148673
-0.20633565, -0.8692587, -0.44917142
0.60226595, 0.12746143
-0.02369693, -0.00120878, -0.03148673
0.2064272, -0.86901456, -0.44962919
0.67896873, 0.03386116
-0.02386364, 0.00505716, -0.04296108
0.57383955, -0.24900052, -0.78017515
0.65257615, 0.04933667
-0.02369693, 0.02877161, -0.03148673
0.0925016, 0.78475296, -0.6128422
0.67896873, 0.10788465
-0.01027761, 0.01439929, -0.03148673
-0.30149236, -0.30149236, -0.90450758
0.17512609, 0.10076523
-0.02369693, 0.02877161, -0.03148673
0.0925016, 0.78475296, -0.6128422
0.20600459, 0.06528854
-0.00237349, 0.02877161, -0.03148673
-0.09247109, 0.784814, -0.61278117
0.15693833, 0.06528854
-0.01027761, 0.01439929, -0.02262002
-0.54948574, -0.35615101, -0.75576037
0.8852334, 0.57395497
-0.01600241, 0.0045903, -0.03071576
0.62254709, 0.7078768, -0.33359784
0.87206036, 0.54926959
-0.01600241, 0.01439929, -0.02262002
0.54948574, -0.35615101, -0.75576037
0.87206036, 0.57395494
-0.0102776, 0.0045903, -0.0387525
-0.57734919, 0.57734919, 0.57734919
0.79514951, 0.54916564
-0.01600241, 0.0045903, -0.03071576
0.62254709, 0.7078768, -0.33359784
0.78197646, 0.56900889
-0.0102776, 0.0045903, -0.03071576
-0.62254709, 0.7078768, -0.33359784
0.79514951, 0.56900889
-0.01027761, 0.01439929, -0.02262002
-0.54948574, -0.35615101, -0.75576037
0.89665651, 0.70578745
-0.01027761, 0.01439929, -0.03148673
-0.30149236, -0.30149236, -0.90450758
0.88092101, 0.71972203
-0.0102776, 0.00556543, -0.03148673
-0.68822289, -0.22940764, -0.68822289
0.89385998, 0.73654321
-0.01027761, 0.01439929, -0.02262002
-0.54948574, -0.35615101, -0.75576037
0.78197646, 0.54720318
-0.01600241, 0.01439929, -0.03148673
0.30149236, -0.30149236, -0.90450758
0.76880342, 0.56900889
-0.01027761, 0.01439929, -0.03148673
-0.30149236, -0.30149236, -0.90450758
0.78197646, 0.56900889
-0.01600241, 0.0045903, -0.0387525
0.57734919, 0.57734919, 0.57734919
0.63507819, 0.54572895
-0.0102776, 0.00556543, -0.0387525
-0.57734919, -0.57734919, 0.57734919
0.63732129, 0.55986401
-0.01600241, 0.00556543, -0.0387525
0.57734919, -0.57734919, 0.57734919
0.63732129, 0.54572895
-0.0102776, 0.00556543, -0.0387525
-0.57734919, -0.57734919, 0.57734919
0.27176246, 0.06377184
-0.01600241, 0.00556543, -0.03148673
0.68822289, -0.22940764, -0.68822289
0.25858942, 0.04590333
-0.01600241, 0.00556543, -0.0387525
0.57734919, -0.57734919, 0.57734919
0.25858942, 0.06377184
-0.02369693, -0.00120878, -0.03148673
0.2064272, -0.86901456, -0.44962919
0.2060046, 0.13929224
-0.0102776, 0.00556543, -0.03148673
-0.68822289, -0.22940764, -0.68822289
0.17512609, 0.12257075
-0.00237348, -0.00120878, -0.03148673
-0.20633565, -0.8692587, -0.44917142
0.15693834, 0.13929224
-0.02422501, 0.05518213, -0.01402363
0.63698232, 0.77083653, 0.00350963
0.73165405, 0.04132116
-0.02422501, 0.04998952, -0.00903142
0.64207894, -0.00054933, 0.76659441
0.72475767, 0.05749315
-0.02422501, 0.04998967, -0.01921713
0.63991213, -0.00054933, -0.76842552
0.74687713, 0.04918855
-0.03308713, 0.04998952, -0.00903142
-0.64207894, -0.00054933, 0.76659441
0.80302477, 0.55560446
-0.03308713, 0.05518213, -0.01402363
-0.63698232, 0.77083653, 0.00350963
0.80992186, 0.57177675
-0.03308712, 0.04998967, -0.01921713
-0.63991213, -0.00054933, -0.76842552
0.82514668, 0.56391054
-0.02422501, 0.05377576, -0.01789897
0.62199771, 0.5500046, -0.55726796
0.75148267, 0.56908458
-0.03308712, 0.04998967, -0.01921713
-0.63991213, -0.00054933, -0.76842552
0.76026392, 0.54720321
-0.03308713, 0.05377576, -0.01789897
-0.62202823, 0.5500046, -0.55726796
0.75148267, 0.54720318
-0.02422501, 0.0462465, -0.01790763
0.62096012, -0.55516219, -0.55330056
0.76880342, 0.56908461
-0.02422501, 0.04998967, -0.01921713
0.63991213, -0.00054933, -0.76842552
0.76026392, 0.56908458
-0.02422501, 0.05377576, -0.01789897
0.62199771, 0.5500046, -0.55726796
0.69915199, 0.54720318
-0.03308713, 0.05518213, -0.01402363
-0.63698232, 0.77083653, 0.00350963
0.70805436, 0.56908461
-0.02422501, 0.05518213, -0.01402363
0.63698232, 0.77083653, 0.00350963
0.70805436, 0.54720318
-0.02422501, 0.04622951, -0.01029429
0.62065494, -0.54942471, 0.55934322
0.73408318, 0.56908461
-0.03308713, 0.04490227, -0.0140232
-0.63960689, -0.76866972, 0.00335704
0.72580892, 0.54720315
-0.02422501, 0.04490227, -0.0140232
0.63960689, -0.76866972, 0.00335704
0.72580892, 0.56908458
-0.03308713, 0.0462465, -0.01790763
-0.62096012, -0.55516219, -0.55330056
0.71663064, 0.54720318
-0.02422501, 0.0462465, -0.01790763
0.62096012, -0.55516219, -0.55330056
0.71663064, 0.56908458
-0.03308713, 0.05379334, -0.01030285
-0.62175357, 0.54411453, 0.56331062
0.71663064, 0.56908458
-0.02422501, 0.05379334, -0.01030285
0.62175357, 0.54411453, 0.56331062
0.71663064, 0.54720318
-0.02422501, 0.05379334, -0.01030285
0.62175357, 0.54411453, 0.56331062
0.75148261, 0.56908458
-0.03308713, 0.04998952, -0.00903142
-0.64207894, -0.00054933, 0.76659441
0.74265707, 0.54720318
-0.02422501, 0.04998952, -0.00903142
0.64207894, -0.00054933, 0.76659441
0.74265707, 0.56908461
-0.03308713, 0.04622951, -0.01029429
-0.62065494, -0.54939419, 0.55934322
0.73408318, 0.54720318
-0.02497541, -0.12888306, 0.00569104
-0.67210913, -0.65285194, -0.34928435
0.25142401, 0.96301516
-0.00096059, -0.00120878, 0.00569863
0.91863763, 0.02551347, 0.3942076
0.10648267, 0.48456466
-0.00096045, -0.12888306, 0.00569104
0.71907711, -0.63707387, -0.27744377
0.04520762, 0.1762619
-0.00309852, -0.00132293, 0.01170949
0.68300426, 0.18295847, 0.70711386
0.12004049, 0.48120064
-0.00821796, -0.12888306, 0.0709957
0.73393965, -0.65163124, 0.19144261
0.19244671, 0.14265549
-0.00096059, -0.00120878, -0.01670291
0.95168918, -0.20255135, -0.23068941
0.82566148, 0.68581459
-0.00896544, -0.12888306, -0.00016005
0.22800379, -0.70366526, -0.67290264
0.84408134, 1.0
-0.00896558, -0.00120878, -0.022554
0.16763817, -0.83022553, -0.53157139
0.84408134, 0.68615627
-0.0541744, 0.12888044, -0.01599936
-0.65572071, -0.3785516, 0.65321815
0.44010326, 0.57615918
0.02830449, 0.12888029, -0.01599936
0.65572071, -0.37858212, 0.65321815
0.48923871, 0.772864
-0.01293496, 0.20030931, -0.01599936
0.0, 0.75713372, 0.65321815
0.62337536, 0.62886631
-0.03674459, 0.11145055, -0.03536063
-0.37858212, -0.65572071, -0.65321815
0.74330443, 0.22589219
-0.01293497, 0.10507077, -0.01599936
0.0, -0.75713372, 0.65321815
0.6976226, 0.16710401
-0.03674459, 0.11145055, -0.01599936
-0.3785516, -0.65572071, 0.65321815
0.69893032, 0.22589219
0.02830453, 0.17649963, -0.03536063
0.65572071, 0.3785516, -0.65321815
0.6976226, 0.15135401
0.01087468, 0.19392937, -0.01599936
0.3785516, 0.65569019, 0.65321815
0.65257621, 0.10788471
0.02830453, 0.17649963, -0.01599936
0.65572071, 0.3785516, 0.65321815
0.65307838, 0.15113902
-0.06055418, 0.15268996, -0.03536063
-0.75713372, 0.0, -0.65321815
0.6078037, 0.21027166
-0.0541744, 0.12888044, -0.01599936
-0.65572071, -0.3785516, 0.65321815
0.65257615, 0.26883388
-0.06055418, 0.15268996, -0.01599936
-0.75713372, 0.0, 0.65321815
0.65235358, 0.21017748
0.02830449, 0.12888029, -0.03536063
0.65572071, -0.37858212, -0.65321815
0.69712037, 0.26892799
0.03468428, 0.15268996, -0.01599936
0.75713372, 0.0, 0.65321815
0.65307838, 0.2100063
0.02830449, 0.12888029, -0.01599936
0.65572071, -0.37858212, 0.65321815
0.65257615, 0.26871294
-0.03674457, 0.19392952, -0.03536063
-0.3785516, 0.65572071, -0.65321815
0.60802633, 0.10796762
-0.05417444, 0.17649963, -0.01599936
-0.65572071, 0.3785516, 0.65321815
0.65235353, 0.15126175
-0.03674457, 0.19392952, -0.01599936
-0.3785516, 0.65572071, 0.65321815
0.65257615, 0.1078735
0.01087464, 0.11145055, -0.03536063
0.3785516, -0.65572071, -0.65321815
0.74330437, 0.10831583
0.01087464, 0.11145055, -0.01599936
0.3785516, -0.65572071, 0.65321815
0.69893032, 0.10831583
0.01087468, 0.19392937, -0.03536063
0.3785516, 0.65569019, -0.65321815
6.738e-05, 0.02171582
0.01087468, 0.19392937, -0.01599936
0.3785516, 0.65569019, 0.65321815
0.0446181, 0.02171582
-0.0541744, 0.12888044, -0.03536063
-0.65572071, -0.3785516, -0.65321815
0.74687713, 0.26892799
-0.0541744, 0.12888044, -0.01599936
-0.65572071, -0.3785516, 0.65321815
0.70250309, 0.26892799
0.03468428, 0.15268996, -0.03536063
0.75713372, 0.0, -0.65321815
0.6976226, 0.21022129
-0.05417444, 0.17649963, -0.03536063
-0.65572071, 0.3785516, -0.65321815
0.6078037, 0.15135586
0.02830449, 0.12888029, -0.01599936
0.65572071, -0.37858212, 0.65321815
0.70250303, 0.06527978
-0.02947457, 0.12404248, -0.03536063
0.31885737, 0.55226296, -0.77025664
0.59108388, 0.86529317
-0.0541744, 0.12888044, -0.03536063
-0.65572071, -0.3785516, -0.65321815
0.59504795, 0.80329449
-0.0415824, 0.13615042, -0.03536063
0.55226296, 0.31885737, -0.77025664
0.57139301, 0.82867962
-0.04601419, 0.15268996, -0.03536063
0.63771474, 0.0, -0.77025664
0.53728259, 0.80754082
-0.05417444, 0.17649963, -0.03536063
-0.65572071, 0.3785516, -0.65321815
0.48923913, 0.7728641
-0.0415824, 0.16922966, -0.03536063
0.55226296, -0.31885737, -0.77025664
0.49789163, 0.80754082
-0.03674457, 0.19392952, -0.03536063
-0.3785516, 0.65572071, -0.65321815
0.44012713, 0.80329457
-0.02947457, 0.18133745, -0.03536063
0.31885737, -0.55226296, -0.77025664
0.46377566, 0.82867968
-0.01293496, 0.1857692, -0.03536063
0.0, -0.63771474, -0.77025664
0.44407564, 0.86529325
-0.01293496, 0.10507077, -0.03536063
0.0, -0.75713372, -0.65321815
0.62338579, 0.91686233
-0.01293496, 0.11961073, -0.03536063
0.0, 0.63771474, -0.77025664
0.59107834, 0.9075708
0.00360465, 0.12404248, -0.03536063
-0.31885737, 0.55226296, -0.77025664
0.57137829, 0.94418436
0.02830449, 0.12888029, -0.03536063
0.65572071, -0.37858212, -0.65321815
0.54591489, 0.99999995
0.01571249, 0.13615042, -0.03536063
-0.55226296, 0.31885737, -0.77025664
0.53726196, 0.96532319
0.03468428, 0.15268996, -0.03536063
0.75713372, 0.0, -0.65321815
0.48920977, 1.0
0.02014427, 0.15268996, -0.03536063
-0.63771474, 0.0, -0.77025664
0.49787143, 0.96532327
0.01571249, 0.16922966, -0.03536063
-0.55226296, -0.31885737, -0.77025664
0.46376061, 0.94418441
0.01087468, 0.19392937, -0.03536063
0.3785516, 0.65569019, -0.65321815
0.41176027, 0.91686266
0.00360467, 0.18133745, -0.03536063
-0.31885737, -0.55226296, -0.77025664
0.44407007, 0.90757095
-0.00164379, 0.17224684, -0.02815927
0.3785516, 0.65572071, -0.65321815
0.19892524, 0.06528848
-0.01293497, 0.17527223, -0.02290484
0.0, 1.0, 0.0
0.18686666, 0.03740948
-0.00164379, 0.17224684, -0.02290484
0.49998474, 0.86602372, 0.0
0.18683471, 0.06528848
-0.04601419, 0.15268996, -0.02290484
0.75713372, 0.0, -0.65321815
0.87206036, 0.61473626
-0.0415824, 0.13615042, -0.03536063
0.55226296, 0.31885737, -0.77025664
0.90071726, 0.65576711
-0.04601419, 0.15268996, -0.03536063
0.63771474, 0.0, -0.77025664
0.90071726, 0.61487454
-0.01293496, 0.11961073, -0.03536063
0.0, 0.63771474, -0.77025664
0.36531451, 0.09839278
0.00360465, 0.12404248, -0.02290484
-0.37858212, 0.65572071, -0.65321815
0.33670026, 0.13923061
0.00360465, 0.12404248, -0.03536063
-0.31885737, 0.55226296, -0.77025664
0.3653613, 0.13923061
0.00360467, 0.18133745, -0.02290484
-0.3785516, -0.65572071, -0.65321815
0.60532182, 0.23903269
-0.01293496, 0.1857692, -0.03536063
0.0, -0.63771474, -0.77025664
0.57586604, 0.19819474
0.00360467, 0.18133745, -0.03536063
-0.31885737, -0.55226296, -0.77025664
0.57677448, 0.23903263
-0.01293497, 0.1857692, -0.02290484
0.0, -0.75713372, -0.65321815
0.60441345, 0.19819474
-0.02947457, 0.18133745, -0.03536063
0.31885737, -0.55226296, -0.77025664
0.57677448, 0.15735686
0.02014427, 0.15268996, -0.02290484
-0.75713372, 0.0, -0.65321815
0.33380345, 0.06810349
0.01571249, 0.16922966, -0.03536063
-0.55226296, -0.31885737, -0.77025664
0.30498838, 0.02741736
-0.0415824, 0.16922966, -0.02290484
0.65572071, -0.3785516, -0.65321815
0.87240922, 0.57395497
-0.0415824, 0.16922966, -0.03536063
0.55226296, -0.31885737, -0.77025664
0.90106612, 0.57409322
0.00360465, 0.12404248, -0.02290484
-0.37858212, 0.65572071, -0.65321815
0.33364883, 0.13917005
0.00360465, 0.12404248, -0.03536063
-0.31885737, 0.55226296, -0.77025664
0.30498835, 0.13923061
-0.0415824, 0.13615042, -0.02290484
0.65572071, 0.3785516, -0.65321815
0.87206042, 0.65562883
-0.02947457, 0.12404248, -0.03536063
0.31885737, 0.55226296, -0.77025664
0.90106612, 0.68581459
-0.02947457, 0.12404248, -0.02290484
0.37858212, 0.65572071, -0.65321815
0.33670026, 0.0575549
-0.02947457, 0.12404248, -0.03536063
0.31885737, 0.55226296, -0.77025664
0.3653613, 0.05755484
0.01571249, 0.16922966, -0.02290484
-0.65572071, -0.3785516, -0.65321815
0.6078037, 0.26892799
0.01571249, 0.16922966, -0.03536063
-0.55226296, -0.31885737, -0.77025664
0.5792563, 0.26892799
-0.02947457, 0.18133745, -0.02290484
0.3785516, -0.65572071, -0.65321815
0.60532188, 0.15735692
-0.0415824, 0.16922966, -0.03536063
0.55226296, -0.31885737, -0.77025664
0.5792563, 0.12746149
-0.0415824, 0.16922966, -0.02290484
0.65572071, -0.3785516, -0.65321815
0.69834852, 0.86334537
0.01571249, 0.16922966, -0.02290484
-0.65572071, -0.3785516, -0.65321815
0.73246175, 0.99999408
-0.0415824, 0.13615042, -0.02290484
0.65572071, 0.3785516, -0.65321815
0.77185267, 0.84221764
0.00662189, 0.16398117, -0.02815927
0.65572071, 0.3785516, -0.65321815
0.51214314, 0.22950858
-0.01293497, 0.1301077, -0.02815927
0.0, -0.75713372, -0.65321815
0.44850311, 0.16124666
-0.01293497, 0.17527223, -0.02815927
0.0, 0.75713372, -0.65321815
0.4754003, 0.26893026
-0.01293497, 0.17527223, -0.02815927
0.0, 0.75713372, -0.65321815
0.19895719, 0.03740948
-0.0242261, 0.17224684, -0.02290484
-0.49998474, 0.86602372, 0.0
0.18683471, 0.00953066
0.00964733, 0.15268996, -0.02815927
0.75713372, 0.0, -0.65321815
0.88092101, 0.77765848
0.00662189, 0.16398117, -0.02290484
0.86602372, 0.49998474, 0.0
0.89300978, 0.80563338
0.00964733, 0.15268996, -0.02290484
1.0, 0.0, 0.0
0.89300984, 0.77771683
-0.0324918, 0.16398117, -0.02815927
-0.65572071, 0.3785516, -0.65321815
0.68542671, 0.05212891
-0.03551725, 0.15268996, -0.02290484
-1.0, 0.0, 0.0
0.69751704, 0.08004284
-0.0324918, 0.16398117, -0.02290484
-0.86602372, 0.49998474, 0.0
0.69751704, 0.0521034
-0.00164381, 0.13313308, -0.02815927
0.37858212, -0.65572071, -0.65321815
0.81555873, 0.59218553
0.00662187, 0.14139891, -0.02290484
0.86602372, -0.49998474, 0.0
0.80521047, 0.57177675
-0.00164381, 0.13313308, -0.02290484
0.49998474, -0.86602372, 0.0
0.80351615, 0.59218553
-0.0324918, 0.14139891, -0.02815927
-0.65572071, -0.3785516, -0.65321815
0.81725305, 0.6683521
-0.02422611, 0.13313308, -0.02290484
-0.49998474, -0.86602372, 0.0
0.80351615, 0.64794338
-0.0324918, 0.14139891, -0.02290484
-0.86602372, -0.49998474, 0.0
0.80521047, 0.66835207
-0.02422611, 0.13313308, -0.02815927
-0.37858212, -0.65572071, -0.65321815
0.81555873, 0.64794338
-0.01293497, 0.1301077, -0.02290484
0.0, -1.0, 0.0
0.80289602, 0.62006447
0.00662189, 0.16398117, -0.02815927
0.65572071, 0.3785516, -0.65321815
0.88092101, 0.80557503
-0.00164379, 0.17224684, -0.02290484
0.49998474, 0.86602372, 0.0
0.89324796, 0.8261458
-0.0242261, 0.17224684, -0.02815927
-0.3785516, 0.65572071, -0.65321815
0.68553227, 0.03155315
-0.0242261, 0.17224684, -0.02290484
-0.49998474, 0.86602372, 0.0
0.6976226, 0.03152758
0.00662187, 0.14139891, -0.02815927
0.65572071, -0.3785516, -0.65321815
0.88115919, 0.74981862
0.00662187, 0.14139891, -0.02290484
0.86602372, -0.49998474, 0.0
0.89324796, 0.74987692
-0.03551725, 0.15268996, -0.02815927
-0.75713372, 0.0, -0.65321815
0.68542671, 0.08006835
-0.0324918, 0.14139891, -0.02290484
-0.86602372, -0.49998474, 0.0
0.6976226, 0.10785913
-0.01293497, 0.1301077, -0.02815927
0.0, -0.75713372, -0.65321815
0.8149386, 0.62006447
-0.02497557, 0.20621538, 0.00569863
-0.57734919, 0.57734919, 0.57734919
0.0446181, 0.13929224
-0.03052013, -0.12899691, 0.07700653
-0.48915067, -0.43748283, 0.75450909
0.41176027, 1.0
-0.00096063, 0.20621538, 0.00569863
0.57734919, 0.57734919, 0.57734919
0.80213678, 0.03375012
-0.01806245, 0.35699397, -0.00965398
-0.54765463, 0.61528367, 0.56697285
1.0, 0.5457288
-0.00789851, 0.35699397, -0.00965398
0.55293435, 0.61424601, 0.56294441
0.92960149, 0.06114239
-0.0078985, 0.16073927, -0.00965398
0.54942471, -0.62065494, 0.55934322
0.15693833, 0.04124939
-0.01806244, 0.16073927, -0.00965398
-0.54411453, -0.62175357, 0.56331062
0.1646011, 0.06495988
-0.01995166, 0.16073927, -0.01471578
-0.77083653, -0.63698232, 0.00347911
0.17698619, 0.06528848
-0.01806244, 0.16073927, -0.01992168
-0.5500046, -0.62199771, -0.55726796
0.18683471, 0.05668664
-0.0078985, 0.16073927, -0.01992168
0.55519271, -0.62096012, -0.55330056
0.17917195, 0.03297609
-0.00789851, 0.35699397, -0.00965398
0.55293435, 0.61424601, 0.56294441
0.05239637, 0.06949621
-0.00950646, 0.35704255, -0.01129114
-0.39295632, 0.82793665, -0.40006715
0.05471906, 0.06440747
-0.00789851, 0.35699397, -0.01992168
0.55351418, 0.8011719, -0.22739342
0.07467772, 0.06106472
-0.0129743, 0.35699397, -0.02171169
0.0, 0.90777308, 0.41944641
0.07467771, 0.04777569
-0.01297035, 0.35704255, -0.0195111
-0.00042726, 0.79766226, 0.60307628
0.06990588, 0.04959172
-0.01297029, 0.35704255, -0.01012776
-0.00042726, 0.79451889, -0.60722679
0.04954371, 0.05729711
-0.01296811, 0.35699397, -0.00795128
0.00054933, 0.63499862, 0.77248454
0.04482184, 0.05908966
-0.01806245, 0.35699397, -0.01992168
-0.54829556, 0.80266732, -0.23462629
0.90597558, 0.06113482
-0.01647453, 0.2866362, -0.01129903
0.54411453, 0.62175357, -0.56331062
0.91305536, 1.0
-0.00952219, 0.2866362, -0.01830477
-0.55516219, 0.62096012, 0.55330056
0.69915199, 0.56347063
-0.01645832, 0.2866362, -0.01829679
0.5500046, 0.62199771, 0.55726796
0.69386429, 0.54731184
-0.01775387, 0.2866362, -0.01472674
0.77083653, 0.63698232, -0.00350963
0.68512595, 0.54720318
-0.01647453, 0.2866362, -0.01129903
0.54411453, 0.62175357, -0.56331062
0.67865324, 0.55297953
-0.00950646, 0.2866362, -0.01129114
-0.54942471, 0.62065494, -0.55934322
0.68393075, 0.56922567
-0.00952219, 0.2866362, -0.01830477
-0.55516219, 0.62096012, 0.55330056
0.90106612, 0.57395548
-0.01645832, 0.2866362, -0.01829679
0.5500046, 0.62199771, 0.55726796
0.89702147, 0.99999875
-0.00950646, 0.2866362, -0.01129114
-0.54942471, 0.62065494, -0.55934322
0.81903452, 0.84221159
-0.01551528, 0.34655482, -0.02080853
-0.47715691, -0.56147951, 0.6760155
0.40006641, 0.03826892
-0.01551528, 0.35699397, -0.02080853
-0.47715691, 0.56147951, 0.6760155
0.07467772, 0.03139514
-0.01551528, 0.35506412, -0.03625581
-0.61256754, 0.38300729, -0.69139683
0.07911833, 0.0695346
-0.01551528, 0.34848496, -0.03625581
-0.61256754, -0.38297677, -0.69139683
0.09425675, 0.06953359
-0.01043331, 0.35699397, -0.02080853
0.47715691, 0.56147951, 0.6760155
0.41176027, 0.06409329
-0.01551528, 0.34655482, -0.02080853
-0.47715691, -0.56147951, 0.6760155
0.3770552, 0.06409329
-0.01043331, 0.34655482, -0.02080853
0.47715691, -0.56147951, 0.6760155
0.6976226, 0.02714282
-0.01043331, 0.34848467, -0.03625581
0.61256754, -0.38300729, -0.69139683
0.70206326, 0.06527841
-0.01043331, 0.35506412, -0.03625581
0.61256754, 0.38300729, -0.69139683
0.71720266, 0.06527984
-0.01806245, 0.35699397, -0.01992168
-0.54829556, 0.80266732, -0.23462629
0.06689942, 0.03739762
-0.01645832, 0.35704255, -0.01829679
0.3961913, 0.82570881, 0.40147099
0.06460146, 0.042467
-0.01806245, 0.35699397, -0.00965398
-0.54765463, 0.61528367, 0.56697285
0.0446181, 0.04582906
-0.0129681, 0.16073927, -0.02169534
0.00057985, -0.63991213, -0.76842552
0.96488994, 0.54572895
-0.01043331, 0.35506412, -0.03625581
0.61256754, 0.38300729, -0.69139683
0.41176027, 0.02597463
-0.01043331, 0.34848467, -0.03625581
0.61256754, -0.38300729, -0.69139683
0.62338436, 0.56196976
0.00062432, 0.29016241, 0.00727024
0.57853937, 0.58330029, 0.57008576
0.60561669, 0.10788465
0.00062435, 0.17964959, -0.01313789
0.57734919, -0.57734919, -0.57734919
0.25858939, 0.07257247
-0.02637263, 0.17964959, -0.01313789
-0.57734919, -0.57734919, -0.57734919
0.80289596, 0.84221156
-0.02637263, 0.17964959, 0.00980587
-0.57612842, -0.57127595, 0.584521
0.85318238, 0.27286804
0.00062436, 0.17964959, 0.00980587
0.57612842, -0.57127595, 0.584521
0.85318238, 0.27286798
0.00062436, 0.17964959, 0.00980587
0.57612842, -0.57127595, 0.584521
0.67865324, 0.56927428
-0.00309852, 0.08415714, 0.01078038
0.83675647, 0.270394, 0.47611928
0.23136456, 0.07257241
-0.01293496, 0.20030931, -0.03536063
0.0, 0.75713372, -0.65321815
0.0, 0.08050412
-0.00309852, 0.1045382, 0.01078038
0.82827234, -0.2608417, 0.49583423
0.25858939, 0.02278495
-0.02326278, 0.1045382, 0.02180155
-0.82827234, -0.2608417, -0.49583423
0.52066302, 0.07440418
-0.02326278, 0.1045382, 0.01078038
-0.82827234, -0.2608417, 0.49583423
0.09987766, 0.02303195
-0.00309852, 0.11078387, 0.00146088
0.57734919, 0.57734919, -0.57734919
0.84853572, 0.04683369
-0.00309852, 0.11078387, 0.00146088
0.57734919, 0.57734919, -0.57734919
0.41176027, 0.00915861
-0.00309852, 0.04964083, 0.01019285
0.99993896, 0.00262459, -0.00799585
0.57325524, 0.20972741
-0.00309852, 0.11078387, 0.02275932
0.57734919, 0.57734919, 0.57734919
0.25858942, 0.13923061
-0.00309852, 0.08021235, 0.00146088
1.0, 0.0, 0.0
0.74687713, 0.34441102
-0.00309852, 0.1045382, 0.01078038
0.82827234, -0.2608417, 0.49583423
0.72543567, 0.28435093
-0.00309852, 0.1045382, 0.02180155
0.82827234, -0.2608417, -0.49583423
0.70007914, 0.28435332
-0.00309852, 0.08415714, 0.02180155
0.83675647, 0.270394, -0.47611928
0.70007914, 0.33467543
-0.00309852, 0.1070632, 0.01812784
0.7803278, -0.59721673, -0.18543047
0.70853132, 0.27811813
-0.00309852, 0.04964083, 0.01019285
0.99993896, 0.00262459, -0.00799585
0.72678745, 0.41989589
-0.00309852, 0.08196607, 0.01812784
0.77205724, 0.61268961, -0.1688284
0.70853132, 0.34008449
-0.00309852, 0.08196607, 0.0144541
0.77205724, 0.61268961, 0.1688284
0.71698356, 0.34008372
-0.02326278, 0.11078387, 0.00146088
-0.57734919, 0.57734919, -0.57734919
0.5793286, 0.54572895
-0.02326278, 0.08021235, 0.00146088
-1.0, 0.0, 0.0
0.5793286, 0.47024751
-0.02326278, 0.1045382, 0.01078038
-0.82827234, -0.2608417, 0.49583423
0.55788457, 0.53030688
-0.02326278, 0.08415714, 0.01078038
-0.83675647, 0.270394, 0.47611928
0.55788457, 0.47998583
-0.02326278, 0.08415714, 0.02180155
-0.83675647, 0.270394, -0.47611928
0.53252506, 0.4799841
-0.02326278, 0.1045382, 0.02180155
-0.82827234, -0.2608417, -0.49583423
0.53252506, 0.53030518
-0.02326277, 0.04964083, 0.01019285
-0.99993896, 0.00262459, -0.00799585
0.55923653, 0.39476472
-0.02326277, 0.07617146, 0.01063199
-0.99996948, 0.0, 0.0
0.55822605, 0.46026909
-0.02326278, 0.08196607, 0.0144541
-0.77205724, 0.61268961, 0.1688284
0.54943144, 0.47457546
-0.02326277, 0.03176734, 0.06939837
-0.63219094, -0.71907711, 0.28843042
0.42300567, 0.35062575
-0.03052013, -0.12899691, 0.07700653
-0.48915067, -0.43748283, 0.75450909
0.85318238, 0.09942102
-0.00821796, -0.12888306, 0.0709957
0.73393965, -0.65163124, 0.19144261
0.51214319, 0.24811214
-0.01035588, -0.12899691, 0.07700653
0.44422743, -0.45493942, 0.77178258
0.5155021, 0.26341355
-0.03052013, -0.12899691, 0.07700653
-0.48915067, -0.43748283, 0.75450909
0.56161487, 0.26893437
-0.03223291, -0.12888306, 0.0709957
-0.78109074, -0.6153447, 0.10577715
0.56706196, 0.25468731
-0.00896544, -0.12888306, -0.00016005
0.22800379, -0.70366526, -0.67290264
0.53193647, 0.07440418
-0.02497541, -0.12888306, 0.00569104
-0.67210913, -0.65285194, -0.34928435
0.88092101, 0.9996582
-0.02497555, -0.00120893, 0.00569863
-0.93060088, 0.04290903, 0.36341441
0.74687719, 0.54572895
-0.02326277, 0.03176734, 0.06939837
-0.63219094, -0.71907711, 0.28843042
0.36536133, 0.13923061
-0.00309852, 0.03176734, 0.06939837
0.63219094, -0.71907711, 0.28843042
0.50455815, 0.0117085
-0.00309852, 0.03579706, 0.07361712
0.63042086, -0.31418806, 0.70976895
0.58086658, 0.45409054
-0.00309852, 0.03176734, 0.06939837
0.63219094, -0.71907711, 0.28843042
0.59057266, 0.46403927
-0.00309852, 0.06233513, 0.07428558
0.59532458, 0.45750296, 0.66045105
0.82566148, 0.55839017
-0.00096061, 0.02877161, -0.022554
0.90450758, 0.30149236, -0.30149236
0.62339365, 1.0
-0.00309852, -0.00132293, 0.00146088
1.0, 0.0, 0.0
0.74687719, 0.54572678
-0.02326277, -0.00132293, 0.01170949
-0.68123418, 0.220954, 0.69789726
0.55574673, 0.26893437
-0.00096063, 0.20621538, 0.00569863
0.57734919, 0.57734919, 0.57734919
0.20600455, 0.98545056
-0.00096061, 0.02877161, -0.022554
0.90450758, 0.30149236, -0.30149236
0.92162061, 0.74781433
-0.00237349, 0.02877161, -0.03148673
-0.09247109, 0.784814, -0.61278117
0.90106612, 0.75130285
-0.00096061, 0.02877161, -0.03148673
0.60481584, 0.67467266, -0.42304757
0.90106612, 0.74781433
-0.01600241, 0.0045903, -0.0387525
0.57734919, 0.57734919, 0.57734919
0.50640118, 0.03037721
-0.01600241, 0.00556543, -0.0387525
0.57734919, -0.57734919, 0.57734919
0.50497299, 0.03223419
-0.01600241, 0.01439929, -0.03148673
0.30149236, -0.30149236, -0.90450758
0.50492835, 0.06047261
-0.01697057, -0.00120893, -0.022554
-0.16760765, -0.83022553, -0.53157139
0.13671736, 0.12490278
-0.02497555, -0.00120893, -0.01670291
-0.95168918, -0.20255135, -0.23068941
0.15513721, 0.13929224
-0.02369693, -0.00120878, -0.03148673
0.2064272, -0.86901456, -0.44962919
0.15219504, 0.10293466
-0.02369693, 0.02877161, -0.03148673
0.0925016, 0.78475296, -0.6128422
0.5703131, 0.20972741
-0.00237349, 0.02877161, -0.03148673
-0.09247109, 0.784814, -0.61278117
0.5703131, 0.20972741
-0.01600241, 0.01439929, -0.03148673
0.30149236, -0.30149236, -0.90450758
0.18829913, 0.10076523
-0.0102776, 0.0045903, -0.03071576
-0.62254709, 0.7078768, -0.33359784
0.8852334, 0.54926959
-0.01600241, 0.0045903, -0.0387525
0.57734919, 0.57734919, 0.57734919
0.78197646, 0.54916564
-0.0102776, 0.00556543, -0.0387525
-0.57734919, -0.57734919, 0.57734919
0.88096565, 0.74796179
-0.0102776, 0.0045903, -0.0387525
-0.57734919, 0.57734919, 0.57734919
0.88239396, 0.74981862
-0.0102776, 0.0045903, -0.03071576
-0.62254709, 0.7078768, -0.33359784
0.89665651, 0.73718837
-0.01600241, 0.01439929, -0.02262002
0.54948574, -0.35615101, -0.75576037
0.76880342, 0.54720318
-0.0102776, 0.0045903, -0.0387525
-0.57734919, 0.57734919, 0.57734919
0.63507819, 0.55986401
-0.0102776, 0.00556543, -0.03148673
-0.68822289, -0.22940764, -0.68822289
0.27176246, 0.04590333
-0.01600241, 0.00556543, -0.03148673
0.68822289, -0.22940764, -0.68822289
0.18829913, 0.12257075
-0.02422501, 0.04490227, -0.0140232
0.63960689, -0.76866972, 0.00335704
0.73946285, 0.06527984
-0.02422501, 0.0462465, -0.01790763
0.62096012, -0.55516219, -0.55330056
0.74687713, 0.05897999
-0.02422501, 0.05377576, -0.01789897
0.62199771, 0.5500046, -0.55726796
0.74113828, 0.04143935
-0.02422501, 0.05379334, -0.01030285
0.62175357, 0.54411453, 0.56331062
0.72462893, 0.04759133
-0.02422501, 0.04622951, -0.01029429
0.62065494, -0.54942471, 0.55934322
0.73035669, 0.06522667
-0.03308713, 0.0462465, -0.01790763
-0.62096012, -0.55516219, -0.55330056
0.82514668, 0.5541192
-0.03308713, 0.04490227, -0.0140232
-0.63960689, -0.76866972, 0.00335704
0.8177315, 0.54781893
-0.03308713, 0.04622951, -0.01029429
-0.62065494, -0.54939419, 0.55934322
0.80862439, 0.54787144
-0.03308713, 0.05379334, -0.01030285
-0.62175357, 0.54411453, 0.56331062
0.80289602, 0.5655061
-0.03308713, 0.05377576, -0.01789897
-0.62202823, 0.5500046, -0.55726796
0.81940717, 0.57165924
-0.03308713, 0.0462465, -0.01790763
-0.62096012, -0.55516219, -0.55330056
0.76880342, 0.54720318
-0.03308713, 0.05377576, -0.01789897
-0.62202823, 0.5500046, -0.55726796
0.69915199, 0.56908458
-0.03308713, 0.05379334, -0.01030285
-0.62175357, 0.54411453, 0.56331062
0.75148261, 0.54720318
-0.01035588, -0.12899691, 0.07700653
0.44422743, -0.45493942, 0.77178258
0.20600462, 0.13929224
-0.00096045, -0.12888306, 0.00569104
0.71907711, -0.63707387, -0.27744377
0.82566148, 0.99965831
-0.03674457, 0.19392952, -0.01599936
-0.3785516, 0.65572071, 0.65321815
0.59501612, 0.57615942
-0.05417444, 0.17649963, -0.01599936
-0.65572071, 0.3785516, 0.65321815
0.54590589, 0.54572901
-0.06055418, 0.15268996, -0.01599936
-0.75713372, 0.0, 0.65321815
0.48920366, 0.54572898
-0.03674459, 0.11145055, -0.01599936
-0.3785516, -0.65572071, 0.65321815
0.41176027, 0.62886593
-0.01293497, 0.10507077, -0.01599936
0.0, -0.75713372, 0.65321815
0.41176966, 0.68972659
0.01087464, 0.11145055, -0.01599936
0.3785516, -0.65572071, 0.65321815
0.44012883, 0.74243349
0.03468428, 0.15268996, -0.01599936
0.75713372, 0.0, 0.65321815
0.54594082, 0.7728641
0.02830453, 0.17649963, -0.01599936
0.65572071, 0.3785516, 0.65321815
0.59504175, 0.74243388
0.01087468, 0.19392937, -0.01599936
0.3785516, 0.65569019, 0.65321815
0.62338436, 0.68972713
-0.01293496, 0.10507077, -0.03536063
0.0, -0.75713372, -0.65321815
0.74199671, 0.16710401
0.01087468, 0.19392937, -0.03536063
0.3785516, 0.65569019, -0.65321815
0.69712037, 0.1080997
-0.0541744, 0.12888044, -0.03536063
-0.65572071, -0.3785516, -0.65321815
0.60802633, 0.26892799
0.02830449, 0.12888029, -0.03536063
0.65572071, -0.37858212, -0.65321815
0.74687713, 0.06527978
-0.03674459, 0.11145055, -0.03536063
-0.37858212, -0.65572071, -0.65321815
0.62339365, 0.85600145
-0.06055418, 0.15268996, -0.03536063
-0.75713372, 0.0, -0.65321815
0.54594409, 0.7728641
-0.01293496, 0.20030931, -0.03536063
0.0, 0.75713372, -0.65321815
0.41176781, 0.85600165
0.01087464, 0.11145055, -0.03536063
0.3785516, -0.65572071, -0.65321815
0.59502649, 0.96956939
0.02830453, 0.17649963, -0.03536063
0.65572071, 0.3785516, -0.65321815
0.44010571, 0.96956965
-0.01293497, 0.11961073, -0.02290484
0.0, 0.75713372, -0.65321815
0.33665347, 0.09839278
0.01571249, 0.16922966, -0.02290484
-0.65572071, -0.3785516, -0.65321815
0.33364886, 0.0273568
-0.02947457, 0.12404248, -0.02290484
0.37858212, 0.65572071, -0.65321815
0.87240928, 0.68567631
-0.0415824, 0.16922966, -0.02290484
0.65572071, -0.3785516, -0.65321815
0.6078037, 0.12746149
-0.01293497, 0.11961073, -0.02290484
0.0, 0.75713372, -0.65321815
0.82566142, 0.89997807
-0.02947457, 0.12404248, -0.02290484
0.37858212, 0.65572071, -0.65321815
0.8059662, 0.86336155
-0.04601419, 0.15268996, -0.02290484
0.75713372, 0.0, -0.65321815
0.73246205, 0.8422116
-0.02947457, 0.18133745, -0.02290484
0.3785516, -0.65572071, -0.65321815
0.67865324, 0.89995586
-0.01293497, 0.1857692, -0.02290484
0.0, -0.75713372, -0.65321815
0.67865324, 0.9422335
0.00360467, 0.18133745, -0.02290484
-0.3785516, -0.65572071, -0.65321815
0.69834846, 0.97885009
0.02014427, 0.15268996, -0.02290484
-0.75713372, 0.0, -0.65321815
0.77185261, 1.0
0.01571249, 0.13615042, -0.02290484
-0.65572071, 0.3785516, -0.65321815
0.80596584, 0.97886637
0.00360465, 0.12404248, -0.02290484
-0.37858212, 0.65572071, -0.65321815
0.82566142, 0.94225574
-0.0324918, 0.16398117, -0.02815927
-0.65572071, 0.3785516, -0.65321815
0.42520902, 0.2545104
-0.0242261, 0.17224684, -0.02815927
-0.3785516, 0.65572071, -0.65321815
0.44850287, 0.26893437
-0.00164379, 0.17224684, -0.02815927
0.3785516, 0.65572071, -0.65321815
0.49869436, 0.25449955
0.00964733, 0.15268996, -0.02815927
0.75713372, 0.0, -0.65321815
0.51214314, 0.20065367
0.00662187, 0.14139891, -0.02815927
0.65572071, -0.3785516, -0.65321815
0.49869451, 0.17566681
-0.00164381, 0.13313308, -0.02815927
0.37858212, -0.65572071, -0.65321815
0.47540057, 0.16124254
-0.02422611, 0.13313308, -0.02815927
-0.37858212, -0.65572071, -0.65321815
0.42520911, 0.17567736
-0.0324918, 0.14139891, -0.02815927
-0.65572071, -0.3785516, -0.65321815
0.41176039, 0.20066863
-0.03551725, 0.15268996, -0.02815927
-0.75713372, 0.0, -0.65321815
0.41176027, 0.2295233
-0.0242261, 0.17224684, -0.02815927
-0.3785516, 0.65572071, -0.65321815
0.19892526, 0.00953066
0.00662187, 0.14139891, -0.02815927
0.65572071, -0.3785516, -0.65321815
0.81725305, 0.57177675
-0.00164379, 0.17224684, -0.02815927
0.3785516, 0.65572071, -0.65321815
0.88115919, 0.82608747
-0.0324918, 0.14139891, -0.02815927
-0.65572071, -0.3785516, -0.65321815
0.68553227, 0.10788465
# Number of Faces:
426
# Face Data:
0, 1, 2
3, 4, 5
6, 7, 8
9, 10, 11
12, 13, 14
15, 16, 17
18, 19, 7
20, 21, 16
22, 23, 24
25, 26, 27
28, 29, 30
31, 32, 13
33, 34, 35
36, 37, 38
39, 35, 40
41, 42, 43
44, 45, 42
46, 47, 48
49, 50, 51
52, 51, 53
54, 48, 55
56, 57, 22
58, 59, 60
61, 62, 63
64, 65, 66
67, 68, 69
70, 71, 72
73, 74, 75
76, 77, 78
79, 76, 80
81, 82, 83
84, 85, 64
86, 87, 88
89, 90, 91
92, 93, 94
95, 96, 97
98, 99, 100
101, 102, 103
104, 105, 106
107, 108, 109
110, 111, 112
113, 114, 115
116, 117, 118
119, 120, 121
122, 123, 124
125, 126, 127
128, 129, 130
131, 132, 133
134, 135, 136
137, 138, 139
140, 141, 142
143, 144, 145
146, 147, 148
149, 150, 151
152, 153, 154
115, 155, 152
156, 157, 158
159, 109, 157
160, 161, 162
163, 164, 165
11, 166, 9
149, 167, 168
169, 170, 171
169, 172, 173
174, 175, 176
174, 177, 178
179, 180, 181
182, 183, 184
185, 186, 187
188, 189, 190
191, 192, 182
193, 194, 195
196, 197, 198
199, 200, 201
200, 202, 201
203, 204, 205
206, 207, 208
209, 210, 211
212, 213, 214
215, 216, 217
218, 219, 220
221, 222, 223
224, 225, 226
227, 228, 229
230, 231, 232
233, 234, 235
236, 237, 238
239, 240, 241
242, 243, 244
245, 246, 247
248, 249, 250
251, 252, 253
254, 255, 256
257, 258, 259
260, 261, 262
263, 264, 265
266, 267, 268
269, 267, 270
271, 272, 273
274, 275, 276
276, 277, 278
273, 279, 280
281, 282, 283
283, 284, 274
285, 5, 191
286, 287, 202
288, 289, 286
290, 291, 292
291, 165, 292
293, 294, 295
296, 297, 298
299, 300, 301
302, 303, 304
305, 306, 307
308, 309, 310
297, 311, 312
313, 110, 314
315, 298, 316
317, 301, 306
318, 304, 309
311, 319, 312
320, 321, 322
321, 323, 322
323, 324, 325
325, 326, 327
326, 328, 327
329, 320, 330
331, 329, 330
332, 331, 333
334, 333, 335
336, 334, 335
337, 336, 338
328, 337, 338
339, 340, 341
342, 343, 344
345, 346, 347
348, 349, 350
351, 352, 349
353, 354, 82
355, 344, 356
357, 83, 358
359, 360, 343
361, 345, 362
363, 350, 364
365, 366, 352
367, 368, 369
370, 371, 372
373, 374, 340
375, 376, 377
378, 379, 380
381, 382, 383
384, 385, 386
387, 388, 385
389, 390, 376
391, 380, 392
393, 377, 394
395, 396, 379
397, 383, 388
0, 398, 1
3, 399, 4
6, 18, 7
9, 400, 10
12, 31, 13
15, 20, 16
18, 401, 19
20, 402, 21
22, 57, 23
403, 27, 26
404, 405, 27
406, 25, 405
407, 26, 25
27, 405, 25
408, 30, 409
410, 411, 28
411, 412, 28
413, 414, 409
409, 414, 408
410, 28, 30
29, 409, 30
31, 415, 32
33, 416, 34
417, 38, 37
418, 419, 38
420, 36, 419
421, 37, 36
38, 419, 36
39, 33, 35
41, 44, 42
44, 422, 45
46, 423, 47
49, 424, 50
52, 49, 51
54, 46, 48
56, 425, 57
58, 67, 59
63, 426, 61
61, 427, 428
428, 62, 61
66, 429, 84
84, 64, 66
69, 430, 59
59, 67, 69
72, 431, 70
70, 432, 433
433, 71, 70
434, 75, 435
436, 414, 73
414, 413, 73
412, 411, 435
435, 411, 434
436, 73, 75
74, 435, 75
76, 437, 77
79, 437, 76
81, 353, 82
84, 438, 85
86, 439, 87
89, 440, 90
92, 441, 93
95, 442, 96
98, 443, 99
101, 444, 102
104, 445, 105
107, 446, 108
110, 447, 111
113, 448, 114
116, 449, 117
119, 450, 120
122, 451, 123
125, 452, 126
128, 453, 129
131, 454, 132
137, 455, 456
135, 180, 457
180, 458, 457
456, 455, 134
136, 456, 134
135, 457, 459
459, 136, 135
194, 455, 139
460, 195, 194
139, 460, 194
461, 458, 180
461, 180, 138
462, 461, 138
139, 455, 137
462, 138, 137
463, 464, 465
464, 466, 465
467, 144, 468
468, 144, 140
463, 465, 141
142, 468, 140
463, 141, 140
198, 197, 469
198, 469, 470
466, 464, 470
464, 198, 470
466, 470, 143
471, 466, 143
144, 467, 145
145, 471, 143
148, 144, 146
143, 470, 144
469, 146, 144
472, 147, 146
144, 470, 469
149, 473, 150
152, 155, 153
115, 114, 155
156, 159, 157
159, 107, 109
162, 474, 160
475, 476, 477
477, 160, 474
161, 478, 162
474, 475, 477
163, 479, 164
11, 480, 166
149, 151, 167
169, 173, 170
169, 481, 172
174, 482, 175
174, 176, 177
138, 180, 139
181, 483, 179
484, 179, 483
460, 139, 180
180, 179, 460
182, 192, 183
185, 485, 186
188, 486, 189
191, 5, 192
193, 487, 194
196, 488, 197
199, 489, 200
200, 286, 202
205, 490, 491
491, 203, 205
490, 492, 491
208, 201, 206
202, 206, 201
493, 494, 209
209, 495, 210
211, 493, 209
496, 497, 498
498, 212, 496
497, 219, 498
227, 213, 212
214, 496, 212
217, 191, 182
182, 215, 217
218, 498, 219
221, 499, 222
224, 500, 225
227, 212, 228
236, 501, 237
239, 502, 240
242, 503, 243
504, 505, 247
506, 245, 247
247, 505, 506
248, 507, 249
251, 508, 252
254, 509, 255
257, 237, 501
257, 501, 510
236, 238, 259
257, 510, 258
258, 236, 259
511, 512, 262
262, 513, 260
260, 514, 261
261, 515, 511
511, 262, 261
265, 516, 517
517, 518, 263
263, 519, 264
264, 520, 265
265, 517, 263
266, 270, 267
269, 521, 267
271, 522, 272
274, 284, 275
276, 275, 277
273, 272, 279
281, 523, 282
283, 282, 284
285, 3, 5
286, 289, 287
288, 524, 289
290, 525, 291
291, 163, 165
295, 526, 293
527, 528, 293
293, 529, 530
530, 531, 293
294, 532, 533
533, 534, 294
526, 527, 293
293, 531, 294
294, 534, 295
296, 535, 297
299, 536, 300
302, 537, 303
305, 317, 306
308, 318, 309
297, 535, 311
313, 447, 110
315, 296, 298
317, 299, 301
318, 302, 304
311, 538, 319
320, 539, 321
321, 540, 323
323, 540, 324
325, 324, 326
326, 541, 328
329, 539, 320
331, 542, 329
332, 542, 331
334, 332, 333
336, 543, 334
337, 543, 336
328, 541, 337
339, 373, 340
342, 359, 343
345, 544, 346
348, 351, 349
351, 365, 352
353, 545, 354
355, 342, 344
357, 81, 83
359, 546, 360
361, 544, 345
363, 348, 350
365, 547, 366
548, 549, 369
369, 550, 367
367, 551, 552
552, 553, 368
368, 554, 555
555, 556, 548
548, 369, 368
367, 552, 368
368, 555, 548
557, 558, 372
372, 559, 370
370, 560, 561
561, 562, 371
371, 563, 564
564, 565, 557
557, 372, 371
370, 561, 371
371, 564, 557
373, 566, 374
375, 389, 376
378, 395, 379
381, 567, 382
384, 387, 385
387, 397, 388
389, 568, 390
391, 378, 380
393, 375, 377
395, 569, 396
397, 381, 383
