# Project Zomboid Skinned Mesh
# File Version:
1.0
# Model Name:
Cube
# Vertex Stride Element Count:
3
# Vertex Stride Size (in bytes):
76
# Vertex Stride Data:
# (Int)    Offset
# (String) Type
0
VertexArray
12
NormalArray
24
TextureCoordArray
# Vertex Count:
551
# Vertex Buffer:
-0.01441233, 0.11935033, 0.0157469
-0.87820065, -0.30283517, 0.37012848
0.8892796, 0.31751007
0.01143985, 0.08752163, 0.01547349
0.83501697, 0.26349682, 0.48298594
0.9525944, 0.39316988
0.01143985, 0.11935033, 0.01574689
0.87820065, -0.30283517, 0.37012848
0.9525944, 0.31749564
0.01143985, 0.08752163, -0.01213125
0.90450758, -0.30170599, -0.30130926
0.99168003, 0.09365124
-0.01441231, 0.08752158, -0.02232809
-0.57734919, -0.57734919, -0.57734919
0.96671027, 0.03213608
0.01143986, 0.08752163, -0.02232809
0.57734919, -0.57734919, -0.57734919
0.96671027, 0.09365427
-0.01441233, 0.32047373, 0.0154735
-0.57731867, 0.57728815, 0.5773797
0.91754556, 0.09365433
0.01143984, 0.32047373, -0.00826327
0.57734919, 0.57734919, -0.57734919
0.97561598, 0.15519434
-0.01441235, 0.32047373, -0.00826326
-0.57734919, 0.57734919, -0.57734919
0.97561598, 0.09367663
-0.00126316, 0.49762326, -0.02092692
0.0, 0.60997343, -0.7923826
0.9735446, 0.91031591
-0.00981757, 0.49762326, -0.00611025
-0.68623918, 0.60997343, 0.3961913
0.99449486, 0.87508801
0.00729125, 0.49762326, -0.00611026
0.68623918, 0.60997343, 0.3961913
0.9525944, 0.87510424
0.00729125, 0.21080627, -0.00611026
0.68623918, -0.60997343, 0.3961913
0.69725025, 0.04706436
-0.00981757, 0.21080627, -0.00611025
-0.68623918, -0.60997343, 0.3961913
0.65534937, 0.04705918
-0.00126316, 0.21080627, -0.02092692
0.0, -0.60997343, -0.7923826
0.67629981, 0.08231533
-0.00981757, 0.49762326, -0.00611025
-0.68623918, 0.60997343, 0.3961913
0.75514311, 0.99999227
-0.00126316, 0.21080627, -0.00117136
0.0, -0.60997343, 0.7923826
0.73412645, 0.3174659
-0.00126316, 0.49762326, -0.00117136
0.0, 0.60997343, 0.7923826
0.73412657, 0.99958987
-0.00981757, 0.49762326, -0.01598803
-0.68623918, 0.60997343, -0.3961913
0.86508989, 1.0
-0.00981757, 0.21080627, -0.00611025
-0.68623918, -0.60997343, 0.3961913
0.84089845, 0.3174969
-0.00981757, 0.49762326, -0.00611025
-0.68623918, 0.60997343, 0.3961913
0.84089839, 0.99999844
0.00729125, 0.49762326, -0.01598804
0.68623918, 0.60997343, -0.3961913
0.67133957, 0.31736732
-0.00126316, 0.21080627, -0.02092692
0.0, -0.60997343, -0.7923826
0.6922906, 1.0
-0.00126316, 0.49762326, -0.02092692
0.0, 0.60997343, -0.7923826
0.69229054, 0.31755692
-0.00981757, 0.21080627, -0.01598803
-0.68623918, -0.60997343, -0.3961913
0.71324164, 0.9998104
-0.00981757, 0.49762326, -0.01598803
-0.68623918, 0.60997343, -0.3961913
0.71324152, 0.31736726
0.00729125, 0.49762326, -0.00611026
0.68623918, 0.60997343, 0.3961913
0.86509025, 0.31749558
0.00729125, 0.21080627, -0.01598804
0.68623918, -0.60997343, -0.3961913
0.88927937, 1.0
0.00729125, 0.49762326, -0.01598804
0.68623918, 0.60997343, -0.3961913
0.8892796, 0.31749886
0.00729125, 0.21080627, -0.00611026
0.68623918, -0.60997343, 0.3961913
0.71324164, 0.31787598
0.00729125, 0.49762326, -0.00611026
0.68623918, 0.60997343, 0.3961913
0.71324176, 1.0
0.01143984, 0.32047373, -0.00826327
0.57734919, 0.57734919, -0.57734919
0.52272087, 0.55161956
-0.01441233, 0.21112107, -0.00826326
-0.90450758, 0.30149236, -0.30149236
0.45940503, 0.2914294
-0.01441235, 0.32047373, -0.00826326
-0.57734919, 0.57734919, -0.57734919
0.45940509, 0.55161962
0.00928086, 0.19104424, -0.00826327
0.57734919, -0.57731867, -0.57734919
0.60265917, 0.55164641
0.01143986, 0.120884, -0.00826327
0.90450758, 0.30149236, -0.30149236
0.60794675, 0.38470942
0.00928087, 0.12088399, -0.00826327
0.57731867, 0.57734919, -0.57734919
0.60265911, 0.38470936
-0.01171097, 0.12088396, -0.04718431
-0.67467266, 0.60481584, -0.42301705
0.52273893, 0.08004344
-0.00140415, 0.10917187, -0.05217197
0.0, -0.6209296, -0.78383738
0.49386102, 0.0555166
-0.01171097, 0.10917186, -0.04718431
-0.67467266, -0.60481584, -0.42301705
0.49405804, 0.08004349
0.01143985, 0.21112108, -0.00826327
0.90450758, 0.30149236, -0.30149236
0.9525944, 0.86334285
-0.01441233, 0.21112107, -0.02232809
-0.57734919, 0.57734919, -0.57734919
0.98700303, 0.80183844
-0.01441233, 0.21112107, -0.00826326
-0.90450758, 0.30149236, -0.30149236
0.9525944, 0.80182518
-0.01441232, 0.19104423, -0.00826326
-0.90450758, -0.30149236, -0.30149236
0.59699023, 0.55164638
-0.01217439, 0.12088396, -0.00826326
-0.57734919, 0.57734919, -0.57734919
0.60247117, 0.3847093
-0.01441231, 0.12088396, -0.00826326
-0.90450758, 0.30149236, -0.30149236
0.59699017, 0.3847093
-0.01217439, 0.19104424, -0.01583856
-0.56617939, -0.79598379, -0.2140263
0.87938362, 0.31749564
-0.00863311, 0.12088396, -0.01985339
-0.23987548, 0.81240273, -0.53144932
0.8892796, 0.15046525
-0.01217439, 0.12088396, -0.01583856
-0.56617939, 0.79598379, -0.2140263
0.87938368, 0.15054423
0.00928087, 0.12088399, -0.01583856
0.58018738, 0.78905606, -0.2018189
0.89899474, 0.07667857
0.00610287, 0.19104424, -0.01985339
0.24961089, -0.81939149, -0.51597643
0.8892796, 0.24355674
0.00928086, 0.19104424, -0.01583856
0.58018738, -0.78902555, -0.2018189
0.89899474, 0.24362975
0.00928087, 0.12088399, -0.00826327
0.57731867, 0.57734919, -0.57734919
0.91754562, 0.07668108
0.00928086, 0.19104424, -0.00826327
0.57734919, -0.57731867, -0.57734919
0.91754562, 0.24363232
-0.00863311, 0.19104424, -0.01985339
-0.23987548, -0.81240273, -0.53144932
0.88927966, 0.80182518
0.00610287, 0.12088397, -0.01985339
0.24961089, 0.81939149, -0.51597643
0.92537016, 0.63488808
-0.00863311, 0.12088396, -0.01985339
-0.23987548, 0.81240273, -0.53144932
0.8892796, 0.63488805
-0.01217439, 0.19104424, -0.00826326
-0.57731867, -0.57734919, -0.57734919
0.86083114, 0.31749439
-0.01217439, 0.12088396, -0.00826326
-0.57734919, 0.57734919, -0.57734919
0.86083114, 0.15054297
0.00890267, 0.19104424, -0.04751025
0.67882323, -0.60658592, -0.41376996
0.45963544, 0.03098965
-0.00140415, 0.20501481, -0.05282384
0.0, 0.61702323, -0.78691977
0.493637, 0.0555166
0.00890267, 0.20501481, -0.04751025
0.67882323, 0.60658592, -0.41376996
0.49384692, 0.03098965
-0.00140415, 0.19104424, -0.05282384
0.0, -0.61702323, -0.78691977
0.45942548, 0.05551654
-0.01171098, 0.20501481, -0.04751024
-0.67882323, 0.60658592, -0.41376996
0.49384692, 0.08004349
-0.01011664, 0.2057386, -0.04623371
-0.84957427, -0.19385357, -0.49049348
0.59154731, 0.68195069
-0.00164993, 0.22585088, -0.05885386
0.0, -0.17282632, -0.98492384
0.57081109, 0.63458055
-0.00164993, 0.2057386, -0.05112197
0.0, -0.19385357, -0.98101747
0.57081109, 0.68213829
-0.01011664, 0.10862199, -0.0364572
-0.85717338, 0.14242989, 0.49488816
0.51732767, 0.63894764
-0.00164993, 0.09360903, -0.02736109
0.0, 0.13068026, 0.9913938
0.49647051, 0.60249856
-0.00164993, 0.10862199, -0.03156895
0.0, 0.14242989, 0.98977631
0.4965266, 0.6385493
-0.00164993, 0.10862199, -0.05112197
0.0, 0.14242989, -0.98977631
0.57081103, 0.91321439
-0.01011664, 0.10862199, -0.04623372
-0.85717338, 0.14242989, -0.49488816
0.59154725, 0.91302681
0.00681678, 0.2057386, -0.0364572
0.84957427, -0.19385357, 0.49049348
0.80724388, 0.68235093
0.00681678, 0.10862199, -0.04623372
0.85717338, 0.14242989, -0.49488816
0.83118534, 0.91345004
0.00681678, 0.2057386, -0.04623371
0.84957427, -0.19385357, -0.49049348
0.83118528, 0.68235424
-0.00164993, 0.2057386, -0.03156894
0.0, -0.19385357, 0.98101747
0.4965266, 0.86951742
0.00681678, 0.10862199, -0.0364572
0.85717338, 0.14242989, 0.49488816
0.47585592, 0.63895521
0.00681678, 0.2057386, -0.0364572
0.84957427, -0.19385357, 0.49049348
0.47585589, 0.86992329
-0.01011664, 0.2057386, -0.0364572
-0.84957427, -0.19385357, 0.49049348
0.51732767, 0.86991571
-0.01011664, 0.2057386, -0.0364572
-0.84957427, -0.19385357, 0.49049348
0.78843486, 0.68235412
-0.01011664, 0.10862199, -0.04623372
-0.85717338, 0.14242989, -0.49488816
0.76449132, 0.91344846
-0.01011664, 0.10862199, -0.0364572
-0.85717338, 0.14242989, 0.49488816
0.7884348, 0.91345008
0.00681678, 0.2057386, -0.04623371
0.84957427, -0.19385357, -0.49049348
0.55007488, 0.68195069
-0.00164993, 0.22585088, -0.02383704
0.0, -0.17282632, 0.98492384
0.49642348, 0.91671353
-0.01681266, 0.26056522, -0.03259125
-0.68623918, 0.60997343, 0.3961913
0.53367537, 0.99998638
-0.01681266, 0.22585088, -0.03259125
-0.85296184, -0.17282632, 0.49244666
0.53367537, 0.9174268
0.01351279, 0.22585088, -0.05009966
0.85296184, -0.17282632, -0.49244666
0.84089839, 0.63434595
0.0135128, 0.22585088, -0.03259125
0.85296184, -0.17282632, 0.49244666
0.79802257, 0.63433999
0.0135128, 0.22585088, -0.03259125
0.85296184, -0.17282632, 0.49244666
0.45940503, 0.91744042
-0.01011664, 0.2057386, -0.04623371
-0.84957427, -0.19385357, -0.49049348
0.76449138, 0.6823526
-0.01681266, 0.22585088, -0.03259125
-0.85296184, -0.17282632, 0.49244666
0.79802257, 0.63434565
-0.01681267, 0.22585088, -0.05009966
-0.85296184, -0.17282632, -0.49244666
0.75514311, 0.63434279
0.01351279, 0.22585088, -0.05009966
0.85296184, -0.17282632, -0.49244666
0.53367537, 0.63424453
0.01180534, 0.26056522, -0.03357706
-0.4717246, 0.8386181, -0.27234718
0.53228348, 0.48758119
-0.00164993, 0.25953823, -0.02580865
0.0, 0.60997343, -0.7923826
0.53007555, 0.51960042
-0.00164993, 0.26056522, -0.02580865
0.0, 0.8386181, -0.54469436
0.53259033, 0.51960042
-0.01681266, 0.26056522, -0.03259125
-0.68623918, 0.60997343, 0.3961913
0.79802257, 0.55174056
-0.01681267, 0.26056522, -0.05009966
-0.68623918, 0.60997343, -0.3961913
0.75514305, 0.55173749
0.01351279, 0.26056522, -0.05009967
0.68623918, 0.60997343, -0.3961913
0.53367537, 0.55164647
-0.01681267, 0.26056522, -0.05009966
-0.68623918, 0.60997343, -0.3961913
0.60794681, 0.55164641
-0.00164993, 0.26056522, -0.05885387
0.0, 0.60997343, -0.7923826
0.57081109, 0.55198255
0.0135128, 0.26056522, -0.03259125
0.68623918, 0.60997343, 0.3961913
0.79802257, 0.55173489
-0.00164993, 0.26056522, -0.02383705
0.0, 0.60997343, 0.7923826
0.49642345, 0.99927307
-0.01376075, 0.09360903, -0.03435328
-0.85857725, 0.13068026, 0.49568164
0.52622449, 0.60306829
-0.00164993, 0.07221565, -0.02736109
0.0, -0.60997343, 0.7923826
0.49647051, 0.55161962
-0.01376075, 0.09360903, -0.03435328
-0.85857725, 0.13068026, 0.49568164
0.79365259, 0.94909294
0.01046088, 0.09360903, -0.04833766
0.85857725, 0.13068026, -0.49568164
0.54114991, 0.94882892
-0.00164993, 0.09360903, -0.05532983
0.0, 0.13068026, -0.9913938
0.57081103, 0.94909726
-0.01376075, 0.09360903, -0.04833765
-0.85857725, 0.13068026, -0.49568164
0.60047221, 0.9488289
0.01046088, 0.09360903, -0.03435328
0.85857725, 0.13068026, 0.49568164
0.80222553, 0.94908822
0.01046088, 0.09360903, -0.04833766
0.85857725, 0.13068026, -0.49568164
0.83647144, 0.94909295
0.01046088, 0.09360903, -0.03435328
0.85857725, 0.13068026, 0.49568164
0.46690306, 0.60307911
-0.00164993, 0.07221565, -0.02922845
0.0, -0.8386181, -0.54469436
0.52952921, 0.47670525
0.00884372, 0.0735897, -0.03528696
-0.68623918, -0.60997343, -0.3961913
0.52640373, 0.50167677
0.00884372, 0.07221565, -0.03528696
-0.4717246, -0.8386181, -0.27234718
0.52976853, 0.50167677
-0.01376075, 0.09360903, -0.04833765
-0.85857725, 0.13068026, -0.49568164
0.75940377, 0.94909063
-0.01376075, 0.07221565, -0.03435328
-0.68623918, -0.60997343, 0.3961913
0.79365259, 1.0
-0.00164993, 0.07221565, -0.05532983
0.0, -0.60997343, -0.7923826
0.57081103, 1.0
-0.01376075, 0.07221565, -0.04833765
-0.68623918, -0.60997343, -0.3961913
0.60047221, 0.99973162
0.01046088, 0.07221565, -0.04833766
0.68623918, -0.60997343, -0.3961913
0.83647144, 1.0
0.01046088, 0.07221565, -0.03435328
0.68623918, -0.60997343, 0.3961913
0.46690306, 0.5522002
-0.01171097, 0.12088396, -0.02232809
-0.30149236, 0.90450758, -0.30149236
0.95518512, 0.24363422
-0.01171097, 0.10917186, -0.04718431
-0.67467266, -0.60481584, -0.42301705
0.98386848, 0.30278051
-0.01171096, 0.10917186, -0.02232809
-0.30149236, -0.30149236, -0.90450758
0.98386848, 0.24363232
-0.01171097, 0.20501481, -0.02232809
-0.30149236, 0.30149236, -0.90450758
0.9525944, 0.3332606
-0.01171098, 0.19104424, -0.04751024
-0.67882323, -0.60658592, -0.41376996
0.98680878, 0.39318216
-0.01171097, 0.19104424, -0.02232809
-0.30149236, -0.90450758, -0.30149236
0.98680878, 0.33325833
0.00890267, 0.19104424, -0.02232809
0.30149236, -0.90450758, -0.30149236
0.98680973, 0.63488334
0.00890267, 0.20501481, -0.04751025
0.67882323, 0.60658592, -0.41376996
0.95259535, 0.57496941
0.00890267, 0.20501481, -0.02232809
0.30149236, 0.30149236, -0.90450758
0.95259535, 0.63488805
0.00890268, 0.10917187, -0.02232809
0.30149236, -0.30149236, -0.90450758
0.99070168, 0.24362838
0.00890267, 0.12088399, -0.04718432
0.67467266, 0.60481584, -0.42304757
0.96201831, 0.18448919
0.00890268, 0.12088399, -0.02232809
0.30149236, 0.90450758, -0.30149236
0.96201831, 0.24363232
-0.00140415, 0.12088397, -0.05217197
0.0, 0.6209296, -0.78383738
0.52254194, 0.05551654
0.00890267, 0.10917187, -0.04718432
0.67467266, -0.60481584, -0.42301705
0.49405798, 0.03098965
-0.01441233, 0.21112107, -0.02232809
-0.57734919, 0.57734919, -0.57734919
0.96671027, 0.09365427
0.01143985, 0.21112108, -0.02232809
0.57734919, 0.57734919, -0.57734919
0.96671021, 0.03213447
-0.01171097, 0.20501481, -0.02232809
-0.30149236, 0.30149236, -0.90450758
0.95175713, 0.08722591
-0.01171097, 0.20501481, -0.02232809
-0.30149236, 0.30149236, -0.90450758
0.65265214, 0.0714587
0.00890267, 0.20501481, -0.04751025
0.67882323, 0.60658592, -0.41376996
0.60216808, 0.13133723
-0.01171098, 0.20501481, -0.04751024
-0.67882323, 0.60658592, -0.41376996
0.65265214, 0.13131773
0.00610287, 0.12088397, -0.01985339
0.24961089, 0.81939149, -0.51597643
0.47247562, 0.10761309
0.00928087, 0.12088399, -0.01583856
0.58018738, 0.78905606, -0.2018189
0.46469253, 0.09807265
0.00890268, 0.12088399, -0.02232809
0.30149236, 0.90450758, -0.30149236
0.46561873, 0.11349821
-0.00863311, 0.19104424, -0.01985339
-0.23987548, -0.81240273, -0.53144932
0.54782915, 0.18813533
-0.01217439, 0.19104424, -0.01583856
-0.56617939, -0.79598379, -0.2140263
0.53915626, 0.17858171
-0.01171097, 0.19104424, -0.02232809
-0.30149236, -0.90450758, -0.30149236
0.54029119, 0.19402254
-0.01171096, 0.10917186, -0.02232809
-0.30149236, -0.30149236, -0.90450758
0.71985763, 0.12737918
0.00890268, 0.10917187, -0.02232809
0.30149236, -0.30149236, -0.90450758
0.77034342, 0.12737918
0.01143986, 0.08752163, -0.02232809
0.57734919, -0.57734919, -0.57734919
0.77655739, 0.07586539
0.00890267, 0.10917187, -0.04718432
0.67467266, -0.60481584, -0.42301705
0.84089839, 0.12789744
0.00890268, 0.10917187, -0.02232809
0.30149236, -0.30149236, -0.90450758
0.84089839, 0.06875658
-0.01171097, 0.10917186, -0.04718431
-0.67467266, -0.60481584, -0.42301705
0.79041392, 0.12789118
-0.00164993, 0.07221565, -0.05346248
0.0, -0.8386181, 0.54469436
0.91894001, 0.45572358
0.01046088, 0.07221565, -0.04833766
0.68623918, -0.60997343, -0.3961913
0.94860035, 0.44353366
0.00884372, 0.07221565, -0.04740398
-0.4717246, -0.8386181, 0.27234718
0.9446398, 0.44131166
0.01046088, 0.07221565, -0.03435328
0.68623918, -0.60997343, 0.3961913
0.94860035, 0.41026038
0.00884372, 0.07221565, -0.03528696
-0.4717246, -0.8386181, -0.27234718
0.9446398, 0.41248137
-0.00164993, 0.07221565, -0.02736109
0.0, -0.60997343, 0.7923826
0.91894001, 0.39362007
-0.00164993, 0.07221565, -0.02922845
0.0, -0.8386181, -0.54469436
0.91894001, 0.39806312
-0.01376075, 0.07221565, -0.03435328
-0.68623918, -0.60997343, 0.3961913
0.8892796, 0.41025311
-0.01214358, 0.07221565, -0.03528695
0.4717246, -0.8386181, -0.27234718
0.89324021, 0.41247505
-0.01214358, 0.07221565, -0.04740398
0.4717246, -0.8386181, 0.27234718
0.89324021, 0.44130534
-0.01376075, 0.07221565, -0.04833765
-0.68623918, -0.60997343, -0.3961913
0.8892796, 0.44352633
-0.00164993, 0.07221565, -0.05532983
0.0, -0.60997343, -0.7923826
0.91894001, 0.46016657
0.01180534, 0.26056522, -0.04911388
-0.4717246, 0.8386181, 0.27234718
0.55989134, 0.15586579
-0.00164993, 0.26056522, -0.05885387
0.0, 0.60997343, -0.7923826
0.59698945, 0.13970119
-0.00164993, 0.26056522, -0.05688227
0.0, 0.8386181, 0.54469436
0.59281188, 0.13735855
0.01180534, 0.26056522, -0.03357706
-0.4717246, 0.8386181, -0.27234718
0.52697074, 0.13740528
0.01351279, 0.26056522, -0.05009967
0.68623918, 0.60997343, -0.3961913
0.55989134, 0.16055697
-0.00164993, 0.26056522, -0.02580865
0.0, 0.8386181, -0.54469436
0.52697074, 0.10043752
0.0135128, 0.26056522, -0.03259125
0.68623918, 0.60997343, 0.3961913
0.52279317, 0.13975382
-0.01681266, 0.26056522, -0.03259125
-0.68623918, 0.60997343, 0.3961913
0.55989134, 0.07723916
-0.00164993, 0.26056522, -0.02383705
0.0, 0.60997343, 0.7923826
0.52279317, 0.09809494
-0.01510521, 0.26056522, -0.03357705
0.4717246, 0.8386181, -0.27234718
0.55989134, 0.08193034
-0.01681267, 0.26056522, -0.05009966
-0.68623918, 0.60997343, -0.3961913
0.59698951, 0.09804231
-0.01510521, 0.26056522, -0.04911387
0.4717246, 0.8386181, 0.27234718
0.59281194, 0.10039085
-0.00164993, 0.25953823, -0.05688227
0.0, 0.60997343, 0.7923826
0.92223233, 0.31749564
-0.01510521, 0.25953823, -0.03357705
0.68623918, 0.60997343, -0.3961913
0.95518512, 0.26208544
0.01180534, 0.25953823, -0.03357706
-0.68623918, 0.60997343, -0.3961913
0.8892796, 0.26211083
-0.01510521, 0.25953823, -0.03357705
0.68623918, 0.60997343, -0.3961913
0.52976853, 0.55161962
-0.01510521, 0.26056522, -0.03357705
0.4717246, 0.8386181, -0.27234718
0.53228343, 0.55161962
-0.01510521, 0.26056522, -0.03357705
0.4717246, 0.8386181, -0.27234718
0.52523601, 0.4217788
-0.01510521, 0.25953823, -0.04911387
0.68623918, 0.60997343, 0.3961913
0.52272087, 0.45874763
-0.01510521, 0.26056522, -0.04911387
0.4717246, 0.8386181, 0.27234718
0.52523601, 0.45874727
-0.00164993, 0.26056522, -0.05688227
0.0, 0.8386181, 0.54469436
0.52272087, 0.51970097
0.01180534, 0.25953823, -0.04911388
-0.68623918, 0.60997343, 0.3961913
0.52589232, 0.48758215
0.01180534, 0.26056522, -0.04911388
-0.4717246, 0.8386181, 0.27234718
0.52337873, 0.48758167
-0.01510521, 0.26056522, -0.04911387
0.4717246, 0.8386181, 0.27234718
0.52337861, 0.55161917
-0.00164993, 0.25953823, -0.05688227
0.0, 0.60997343, 0.7923826
0.52523464, 0.51970142
0.01180534, 0.26056522, -0.04911388
-0.4717246, 0.8386181, 0.27234718
0.53061855, 0.45874941
0.01180534, 0.25953823, -0.03357706
-0.68623918, 0.60997343, -0.3961913
0.53313363, 0.42177761
0.01180534, 0.26056522, -0.03357706
-0.4717246, 0.8386181, -0.27234718
0.53061855, 0.42177778
-0.00164993, 0.0735897, -0.02922845
0.0, -0.60997343, -0.7923826
0.97430015, 0.40250611
-0.01214358, 0.0735897, -0.03528695
0.68623918, -0.60997343, -0.3961913
0.94860035, 0.4169181
-0.00164993, 0.0735897, -0.05346248
0.0, -0.60997343, 0.7923826
0.97430015, 0.46016657
-0.01214358, 0.07221565, -0.03528695
0.4717246, -0.8386181, -0.27234718
0.52976853, 0.45173377
-0.00164993, 0.0735897, -0.02922845
0.0, -0.60997343, -0.7923826
0.52616441, 0.47670525
-0.01214358, 0.07221565, -0.04740398
0.4717246, -0.8386181, 0.27234718
0.52976853, 0.48758119
-0.01214358, 0.0735897, -0.03528695
0.68623918, -0.60997343, -0.3961913
0.53313363, 0.45874941
-0.01214358, 0.07221565, -0.03528695
0.4717246, -0.8386181, -0.27234718
0.52976853, 0.45874983
0.00884372, 0.07221565, -0.04740398
-0.4717246, -0.8386181, 0.27234718
0.52976853, 0.50167736
-0.00164993, 0.0735897, -0.05346248
0.0, -0.60997343, 0.7923826
0.52589238, 0.52672631
-0.00164993, 0.07221565, -0.05346248
0.0, -0.8386181, 0.54469436
0.52925563, 0.5267269
-0.01214358, 0.0735897, -0.04740398
0.68623918, -0.60997343, 0.3961913
0.52640527, 0.55161902
-0.01214358, 0.07221565, -0.04740398
0.4717246, -0.8386181, 0.27234718
0.52976853, 0.55161962
0.00884372, 0.07221565, -0.03528696
-0.4717246, -0.8386181, -0.27234718
0.52608597, 0.45874763
0.00884372, 0.0735897, -0.04740398
-0.68623918, -0.60997343, 0.3961913
0.52272087, 0.48758173
0.00884372, 0.07221565, -0.04740398
-0.4717246, -0.8386181, 0.27234718
0.52608597, 0.48758149
0.02565869, 0.12179126, 0.00492949
0.0, 0.0, 1.0
0.94189036, 0.66398984
0.02359438, 0.11543785, 0.00080075
-0.27637562, -0.85064244, 0.44718772
0.95496416, 0.65496293
0.03106325, 0.11786466, 0.00080075
0.72359383, -0.52571183, 0.44718772
0.93667418, 0.64918181
0.03106325, 0.12571785, 0.00080075
0.72359383, 0.52571183, 0.44718772
0.92537022, 0.66428781
0.01897825, 0.12179126, 0.00080075
-0.89440596, 0.0, 0.44718772
0.95496416, 0.67364216
0.02359438, 0.12814467, 0.00080075
-0.27637562, 0.85064244, 0.44718772
0.93667382, 0.67940512
0.03106325, 0.11786466, 0.00080075
0.72359383, -0.52571183, 0.44718772
0.77154952, 0.46389562
0.03233914, 0.12179126, -0.00587973
0.89440596, 0.0, -0.44718772
0.75514305, 0.47326571
0.03106325, 0.12571785, 0.00080075
0.72359383, 0.52571183, 0.44718772
0.77154952, 0.48258275
0.02359438, 0.11543785, 0.00080075
-0.27637562, -0.85064244, 0.44718772
0.77151537, 0.39105153
0.02772301, 0.11543785, -0.00587973
0.27637562, -0.85064244, -0.44718772
0.75515848, 0.38122171
0.03106325, 0.11786466, 0.00080075
0.72359383, -0.52571183, 0.44718772
0.75514305, 0.39888376
0.01897825, 0.12179126, 0.00080075
-0.89440596, 0.0, 0.44718772
0.75514305, 0.44302857
0.02025414, 0.11786466, -0.00587973
-0.62083805, -0.78078556, -0.07010102
0.77152687, 0.43365747
0.02359438, 0.11543785, 0.00080075
-0.27637562, -0.85064244, 0.44718772
0.7552256, 0.42780644
0.02359438, 0.12814467, 0.00080075
-0.27637562, 0.85064244, 0.44718772
0.7552256, 0.45804322
0.02025414, 0.12571785, -0.00587973
-0.84701073, -0.04760887, 0.52940458
0.77152687, 0.45234472
0.03106325, 0.12571785, 0.00080075
0.72359383, 0.52571183, 0.44718772
0.97308129, 0.92266677
0.02772301, 0.12814467, -0.00587973
0.50334179, 0.85280925, -0.13892025
0.96382999, 0.93828477
0.02359438, 0.12814467, 0.00080075
-0.27637562, 0.85064244, 0.44718772
0.98304003, 0.93763497
0.02772301, 0.11543785, -0.00587973
0.27637562, -0.85064244, -0.44718772
0.75531256, 0.45804322
0.02025414, 0.11786466, -0.00587973
-0.62083805, -0.78078556, -0.07010102
0.77151537, 0.37317228
0.02025414, 0.12571785, -0.00587973
-0.84701073, -0.04760887, 0.52940458
0.97419822, 0.95287023
0.02772301, 0.12814467, -0.00587973
0.50334179, 0.85280925, -0.13892025
0.75531256, 0.48827994
0.02772301, 0.11543785, -0.00587973
0.27637562, -0.85064244, -0.44718772
0.75514328, 0.51273882
0.02565869, 0.12179126, -0.01000847
0.43751335, -0.76052123, -0.47975096
0.76828325, 0.50352532
0.03233914, 0.12179126, -0.00587973
0.89440596, 0.0, -0.44718772
0.75514305, 0.49405211
0.02025414, 0.11786466, -0.00587973
-0.62083805, -0.78078556, -0.07010102
0.77343482, 0.51851547
0.02025414, 0.12571785, -0.00587973
-0.84701073, -0.04760887, 0.52940458
0.75514305, 0.33685511
0.01574269, 0.1314463, -0.01178526
-0.85912657, 0.44297618, 0.25617236
0.76397663, 0.35446852
0.01574269, 0.12359312, -0.01178526
-0.35923338, -0.91613513, 0.17770928
0.77040237, 0.33685511
0.02772301, 0.12814467, -0.00587973
0.50334179, 0.85280925, -0.13892025
0.7614314, 0.39888376
0.02025414, 0.12571785, -0.00587973
-0.84701073, -0.04760887, 0.52940458
0.75514305, 0.41654468
0.02565869, 0.12179126, -0.01000847
0.43751335, -0.76052123, -0.47975096
0.77047759, 0.41175216
0.02772301, 0.12814467, -0.00587973
0.50334179, 0.85280925, -0.13892025
0.77343482, 0.48827994
0.00723073, 0.12751971, -0.0177503
0.4547258, 0.0, -0.89062166
0.96761668, 0.99444754
0.01574269, 0.1314463, -0.01178526
-0.85912657, 0.44297618, 0.25617236
0.96783882, 0.97004285
0.02114725, 0.12751971, -0.01591399
-0.23306985, -0.48612934, -0.84221929
0.95241547, 0.96449039
0.02565869, 0.12179126, -0.01000847
0.43751335, -0.76052123, -0.47975096
0.98487836, 0.14934605
0.01574269, 0.12359312, -0.01178526
-0.35923338, -0.91613513, 0.17770928
0.9901799, 0.12588978
0.02114725, 0.12751971, -0.01591399
-0.23306985, -0.48612934, -0.84221929
0.97561592, 0.13383788
0.02025414, 0.12571785, -0.00587973
-0.84701073, -0.04760887, 0.52940458
0.99918729, 0.14114761
0.00182617, 0.1314463, -0.01362156
0.25101474, 0.34977263, 0.90255439
0.77436495, 0.51851544
0.00182617, 0.12359312, -0.01362156
0.25101474, -0.34977263, 0.90255439
0.75514305, 0.51859707
0.00723073, 0.12751971, -0.0177503
0.4547258, 0.0, -0.89062166
0.76516366, 0.53136203
0.00723073, 0.12751971, -0.0177503
0.4547258, 0.0, -0.89062166
0.98462337, 0.10160244
0.01574269, 0.12359312, -0.01178526
-0.35923338, -0.91613513, 0.17770928
0.75514305, 0.55173749
0.01574269, 0.1314463, -0.01178526
-0.85912657, 0.44297618, 0.25617236
0.77436495, 0.55165589
0.02114725, 0.12751971, -0.01591399
-0.23306985, -0.48612934, -0.84221929
0.77332675, 0.31746584
0.02772301, 0.12814467, -0.00587973
0.50334179, 0.85280925, -0.13892025
0.75514305, 0.33325917
0.02565869, 0.12179126, -0.01000847
0.43751335, -0.76052123, -0.47975096
0.77332675, 0.33685517
0.02025414, 0.11786466, -0.00587973
-0.62083805, -0.78078556, -0.07010102
0.77047759, 0.42780644
-0.01441231, 0.07494257, 0.03593901
-0.87173069, 0.26865444, 0.40968049
0.8892796, 0.46016663
0.01143988, 0.06572933, 0.07124941
0.63704336, 0.42936492, 0.64012575
0.95259303, 0.54524213
0.01143987, 0.07494257, 0.03593901
0.87170017, 0.27481917, 0.40565202
0.95259303, 0.46027607
0.01143988, 0.06572933, 0.07124941
0.63704336, 0.42936492, 0.64012575
0.59699017, 0.26658463
-0.00773007, 0.0153847, 0.06591697
-0.58363599, -0.31922361, 0.7466048
0.54994667, 0.38587838
0.00480786, 0.0153847, 0.06591697
0.56498915, -0.32551041, 0.7581408
0.58065343, 0.38587838
-0.00773006, -0.00981587, 0.04736787
-0.72908717, -0.22748497, 0.64546645
0.54968798, 0.44428593
0.00480788, -0.00981587, 0.04736787
0.72743917, -0.23541978, 0.64448988
0.58039474, 0.44428593
-0.00773005, -0.05495841, 0.04736787
-0.83535266, 0.48796046, 0.25305948
0.54966718, 0.55164641
0.00480789, -0.05495841, 0.04736787
0.83605456, 0.48667866, 0.25318155
0.58037394, 0.55164641
-0.00773005, -0.05495841, 0.04736787
-0.83535266, 0.48796046, 0.25305948
0.95259535, 0.5590516
0.01143993, -0.05495841, 0.06022587
0.70955533, 0.55635244, 0.43238625
0.98405153, 0.51344699
0.00480789, -0.05495841, 0.04736787
0.83605456, 0.48667866, 0.25318155
0.95259535, 0.52921641
0.01143994, -0.0759414, 0.06022587
0.74413282, 0.11844233, 0.65739924
0.52271986, 0.23434281
-0.01441222, -0.09983887, 0.06329265
-0.56752223, -0.56593525, 0.59797966
0.45942411, 0.29141808
0.01143996, -0.09983887, 0.06329265
0.56752223, -0.56593525, 0.59797966
0.52273893, 0.2914294
0.01143994, -0.07594138, -0.01830839
0.7317118, 0.07214576, -0.67775506
0.84089839, 0.39439803
-0.01441226, -0.00981589, -0.01830839
-0.61592454, 0.36616108, -0.69750053
0.77758271, 0.55173486
0.01143991, -0.00981585, -0.01830839
0.61592454, 0.36616108, -0.69750053
0.84089839, 0.55173492
-0.01441226, -0.00555375, -0.01213124
-0.85055083, 0.2474746, -0.4639729
0.69862086, 0.25575846
0.01143991, -0.00981585, -0.01830839
0.61592454, 0.36616108, -0.69750053
0.71324164, 0.31736726
-0.01441226, -0.00981589, -0.01830839
-0.61592454, 0.36616108, -0.69750053
0.71324164, 0.2558496
-0.01441222, -0.09674991, -0.02278966
-0.56700337, -0.51750237, -0.64082766
0.77758431, 0.34471482
0.01143996, -0.09674989, 0.02080413
0.71535385, -0.69826353, -0.02533036
0.84087062, 0.24098313
-0.01441222, -0.09674989, 0.02080414
-0.71535385, -0.69826353, -0.02533036
0.77755654, 0.24099135
-0.01441224, -0.07594141, -0.01830839
-0.7317118, 0.07214576, -0.67775506
0.77758265, 0.39439797
0.01143995, -0.09674986, -0.02278967
0.56700337, -0.51750237, -0.64082766
0.84089839, 0.344715
0.01143993, -0.05495841, 0.06022587
0.70955533, 0.55635244, 0.43238625
0.52273893, 0.18443996
-0.01441224, -0.0759414, 0.06022587
-0.74425489, 0.11902219, 0.65715504
0.45940503, 0.23433149
0.01143994, -0.0759414, 0.06022587
0.74413282, 0.11844233, 0.65739924
0.25618753, 0.9431463
0.01143996, -0.09983887, 0.06329265
0.56752223, -0.56593525, 0.59797966
0.24858966, 1.0
0.01143996, -0.09674989, 0.02080413
0.71535385, -0.69826353, -0.02533036
0.35264969, 0.99281546
-0.01441224, -0.0759414, -0.0122571
-0.99960327, 0.01702933, 0.02185125
0.20399372, 0.0566085
-0.01441222, -0.09674991, -0.02278966
-0.56700337, -0.51750237, -0.64082766
0.2297124, 0.00705737
-0.01441222, -0.09674989, 0.02080414
-0.71535385, -0.69826353, -0.02533036
0.12294779, 0.00720584
0.01143996, -0.09983887, 0.06329265
0.56752223, -0.56593525, 0.59797966
0.84089839, 0.13976151
-0.01441222, -0.09983887, 0.06329265
-0.56752223, -0.56593525, 0.59797966
0.77758425, 0.13976973
0.01143991, -0.00555371, -0.01213124
0.85033721, 0.24732199, -0.46446121
0.67126256, 0.30659318
-0.01441232, 0.0875216, -0.01213125
-0.90450758, -0.30188909, -0.30112612
0.60794681, 0.52805358
0.01143985, 0.08752163, -0.01213125
0.90450758, -0.30170599, -0.30130926
0.67126256, 0.52805364
-0.01441233, 0.23059751, 0.01545831
-0.73345137, 0.07678457, 0.67534411
0.60794681, 0.7418009
0.01143984, 0.19520448, 0.02361815
0.68663597, 0.09634694, 0.72054201
0.67133957, 0.82665597
0.01143984, 0.23059753, 0.01545831
0.73345137, 0.07678457, 0.67534411
0.67126161, 0.74181104
-0.01441233, 0.32047373, 0.0154735
-0.57731867, 0.57728815, 0.5773797
0.60802484, 0.52805364
0.01143984, 0.32047376, 0.01547349
0.57731867, 0.57728815, 0.5773797
0.67133957, 0.52806365
0.01143987, 0.12241647, 0.02648267
0.82403028, 0.27530748, 0.49510178
0.67131472, 1.0
-0.01441233, 0.19520445, 0.02361815
-0.68663597, 0.09634694, 0.72054201
0.60802478, 0.82664584
-0.01441232, 0.12241647, 0.02648268
-0.82403028, 0.27530748, 0.49510178
0.60799992, 0.99998984
0.01143987, 0.12241647, 0.02648267
0.82403028, 0.27530748, 0.49510178
0.99898654, 0.7405031
-0.01441231, 0.11610708, 0.03580247
-0.61549729, 0.37055573, 0.69554734
0.97545916, 0.67910293
0.01143987, 0.11610708, 0.03580247
0.61549729, 0.37055573, 0.69554734
0.97545916, 0.74062061
-0.01441233, 0.08752161, 0.0154735
-0.83520007, 0.26288643, 0.48301646
0.84543568, 0.15046525
0.01143987, 0.07658174, 0.03287972
0.961272, 0.24036378, -0.13476974
0.8892796, 0.088745
0.01143985, 0.08752163, 0.01547349
0.83501697, 0.26349682, 0.48298594
0.84543574, 0.08894759
-0.01441232, 0.12113701, 0.02421865
-0.81698048, -0.56096071, -0.13345744
0.67601866, 0.08231533
0.01143985, 0.11935033, 0.01574689
0.87820065, -0.30283517, 0.37012848
0.65534937, 0.14386684
0.01143987, 0.12113701, 0.02421864
0.81698048, -0.56096071, -0.13345744
0.67601866, 0.14383358
-0.01266885, 0.12464429, 0.02357846
-0.70500809, -0.70897549, 0.01663259
0.8892796, 0.08873218
0.00925652, 0.1250729, 0.0418281
0.57780695, -0.56608784, 0.58790857
0.84460866, 0.03657103
-0.01266885, 0.12507288, 0.0418281
-0.57780695, -0.56608784, 0.58790857
0.84460866, 0.088745
-0.01266885, 0.19324602, 0.04085254
-0.57686085, 0.58839685, 0.56654561
0.76693928, 0.31746006
0.00925652, 0.1250729, 0.0418281
0.57780695, -0.56608784, 0.58790857
0.71324164, 0.15525246
0.00925652, 0.19324605, 0.04085254
0.57686085, 0.58839685, 0.56654561
0.7132417, 0.31746584
-0.01266885, 0.19281742, 0.0226029
-0.7091586, 0.70482498, -0.01654103
0.65265208, 0.3061977
-0.01266885, 0.12507288, 0.0418281
-0.57780695, -0.56608784, 0.58790857
0.60794687, 0.14435351
-0.01266885, 0.19324602, 0.04085254
-0.57686085, 0.58839685, 0.56654561
0.60794681, 0.30659312
0.00925652, 0.19281743, 0.02260289
0.7091586, 0.70482498, -0.01654103
0.65265214, 0.3061884
0.00925652, 0.1250729, 0.0418281
0.57780695, -0.56608784, 0.58790857
0.6973536, 0.1443541
0.00925652, 0.12464431, 0.02357846
0.70500809, -0.70897549, 0.01663259
0.65265208, 0.14394945
-0.01266885, 0.19281742, 0.0226029
-0.7091586, 0.70482498, -0.01654103
0.95259303, 0.51234004
0.00925652, 0.19324605, 0.04085254
0.57686085, 0.58839685, 0.56654561
0.99719012, 0.46019238
0.00925652, 0.19281743, 0.02260289
0.7091586, 0.70482498, -0.01654103
0.95259303, 0.46016657
0.01143987, 0.07494257, 0.03593901
0.87170017, 0.27481917, 0.40565202
0.8892796, 0.80183563
-0.01441231, 0.11610708, 0.03580247
-0.61549729, 0.37055573, 0.69554734
0.9525944, 0.89973611
-0.01441231, 0.07494257, 0.03593901
-0.87173069, 0.26865444, 0.40968049
0.9525944, 0.80182518
-0.01441232, 0.07658174, 0.03287973
-0.96148562, 0.23905149, -0.13559374
0.8892796, 0.5452421
0.01143987, 0.11425921, 0.03281145
0.81844538, -0.24927518, -0.51762444
0.95259535, 0.63488805
0.01143987, 0.07658174, 0.03287972
0.961272, 0.24036378, -0.13476974
0.95259535, 0.54524213
-0.01441232, 0.11425921, 0.03281146
-0.81844538, -0.24927518, -0.51762444
0.69735366, 0.08243126
0.01143987, 0.11425921, 0.03281145
0.81844538, -0.24927518, -0.51762444
0.69735366, 0.14394951
0.01143987, 0.12241647, 0.02648267
0.82403028, 0.27530748, 0.49510178
0.33954829, 0.47127223
0.01143985, 0.19104426, -0.00826327
0.90450758, -0.30149236, -0.30149236
0.4248884, 0.3081035
0.01143984, 0.19520448, 0.02361815
0.68663597, 0.09634694, 0.72054201
0.34683037, 0.29807943
0.01143987, 0.07494257, 0.03593901
0.87170017, 0.27481917, 0.40565202
0.31621671, 0.58420265
0.01143988, 0.06572933, 0.07124941
0.63704336, 0.42936492, 0.64012575
0.22971246, 0.60598826
0.00797799, 0.05630729, 0.05047432
0.75093842, -0.48347422, -0.44978181
0.28042606, 0.62856767
0.01139533, 0.06055943, 0.03946619
0.79183322, -0.60664696, 0.07037568
0.95250785, 0.67941546
-0.01018047, 0.05630726, 0.05047432
-0.73232216, -0.50465405, -0.45713675
0.92537022, 0.73068762
-0.01432527, 0.0605594, 0.03946619
-0.79247415, -0.60072637, 0.1051973
0.95250791, 0.74062061
0.01139537, 0.01795208, 0.02961324
0.80104983, 0.39179662, 0.45249793
0.92537022, 0.74062061
-0.01018044, 0.01499693, 0.03828105
-0.6940214, 0.67860955, 0.24039429
0.94691598, 0.79191127
0.00797801, 0.01499696, 0.03828105
0.73247474, 0.64751124, 0.21024202
0.94691598, 0.74870154
0.007978, 0.02792918, 0.05784772
0.86593217, 0.00915555, -0.50001526
0.96201825, 0.17639339
-0.01018047, 0.05630726, 0.05047432
-0.73232216, -0.50465405, -0.45713675
0.91754556, 0.24363226
0.00797799, 0.05630729, 0.05047432
0.75093842, -0.48347422, -0.44978181
0.96201825, 0.24363232
-0.01018045, 0.01912714, 0.05118326
-0.83211768, 0.46601763, -0.30054629
0.9780044, 0.79200611
0.00797801, 0.01912717, 0.05118326
0.84524065, 0.45347452, -0.28260139
0.9780044, 0.74879637
0.01139533, 0.04936571, 0.01970119
0.80986971, -0.20203254, 0.55067599
0.88942289, 0.97527153
-0.01432528, 0.0601226, 0.03008602
-0.79897457, -0.54826504, 0.24695578
0.95227218, 1.0
-0.01432528, 0.04936568, 0.01970119
-0.8094424, -0.20224616, 0.5512253
0.95241547, 0.97527154
0.01139533, 0.06012263, 0.03008602
0.79964596, -0.5472579, 0.2469863
0.97545916, 0.67940512
-0.01432528, 0.0601226, 0.03008602
-0.79897457, -0.54826504, 0.24695578
0.97545916, 0.74061027
0.01139537, 0.01795208, 0.02961324
0.80104983, 0.39179662, 0.45249793
0.88930535, 0.89974658
-0.01432523, 0.03007806, 0.02094543
-0.77358317, 0.21262245, 0.59691155
0.95240772, 0.92929832
-0.01432523, 0.01795205, 0.02961324
-0.79827267, 0.38721883, 0.46131778
0.95229787, 0.89974658
-0.01441226, -0.00981589, -0.01830839
-0.61592454, 0.36616108, -0.69750053
0.21905662, 0.21393812
-0.01441226, -0.00555375, -0.01213124
-0.85055083, 0.2474746, -0.4639729
0.20394395, 0.22410119
0.01139538, 0.03007808, 0.02094543
0.7739799, 0.21256141, 0.59642321
0.88941514, 0.9292983
0.00797801, 0.01912717, 0.05118326
0.84524065, 0.45347452, -0.28260139
0.96201831, 0.15519434
-0.01018046, 0.02792916, 0.05784772
-0.84551531, 0.01800592, -0.53361613
0.91754556, 0.17639333
-0.0144123, 0.06572933, 0.07124943
-0.64726704, 0.42374951, 0.63359475
0.0, 0.39400798
-0.01018047, 0.05630726, 0.05047432
-0.73232216, -0.50465405, -0.45713675
0.05092075, 0.37142158
-0.01018046, 0.02792916, 0.05784772
-0.84551531, 0.01800592, -0.53361613
0.03275849, 0.30391902
0.01143991, -0.00981585, -0.01830839
0.61592454, 0.36616108, -0.69750053
0.44875014, 0.78610283
0.01143993, -0.0759414, -0.0122571
0.99960327, 0.01690725, 0.02169866
0.43368858, 0.94342936
0.01143994, -0.07594138, -0.01830839
0.7317118, 0.07214576, -0.67775506
0.44850737, 0.94345296
-0.01441233, 0.21112107, -0.00826326
-0.90450758, 0.30149236, -0.30149236
0.19526662, 0.73970696
-0.01441232, 0.19104423, -0.00826326
-0.90450758, -0.30149236, -0.30149236
0.1951929, 0.69193277
-0.01441233, 0.19520445, 0.02361815
-0.68663597, 0.09634694, 0.72054201
0.11712812, 0.70194086
-0.01432523, 0.01795205, 0.02961324
-0.79827267, 0.38721883, 0.46131778
0.10179637, 0.28017497
-0.01432523, 0.03007806, 0.02094543
-0.77358317, 0.21262245, 0.59691155
0.12306903, 0.30900013
0.00480788, -0.00981587, 0.04736787
0.72743917, -0.23541978, 0.64448988
0.28767401, 0.78599563
0.00480789, -0.05495841, 0.04736787
0.83605456, 0.48667866, 0.25318155
0.28750831, 0.89341534
0.01143991, -0.00555371, -0.01213124
0.85033721, 0.24732199, -0.46446121
0.43363878, 0.77593665
-0.01441233, 0.08752161, 0.0154735
-0.83520007, 0.26288643, 0.48301646
0.8892796, 0.39318442
-0.01441232, 0.0875216, -0.01213125
-0.90450758, -0.30188909, -0.30112612
0.99168003, 0.03213298
0.01143984, 0.32047376, 0.01547349
0.57731867, 0.57728815, 0.5773797
0.91754562, 0.15517193
0.00729125, 0.49762326, -0.01598804
0.68623918, 0.60997343, -0.3961913
0.9525944, 0.89858413
-0.00981757, 0.49762326, -0.01598803
-0.68623918, 0.60997343, -0.3961913
0.99449486, 0.89856786
-0.00126316, 0.49762326, -0.00117136
0.0, 0.60997343, 0.7923826
0.9735446, 0.86335611
0.00729125, 0.21080627, -0.01598804
0.68623918, -0.60997343, -0.3961913
0.69725025, 0.07056671
-0.00126316, 0.21080627, -0.00117136
0.0, -0.60997343, 0.7923826
0.67629987, 0.03531057
-0.00981757, 0.21080627, -0.01598803
-0.68623918, -0.60997343, -0.3961913
0.65534937, 0.07056159
-0.00981757, 0.21080627, -0.00611025
-0.68623918, -0.60997343, 0.3961913
0.75514299, 0.31786835
-0.00981757, 0.21080627, -0.01598803
-0.68623918, -0.60997343, -0.3961913
0.86508995, 0.31749851
0.00729125, 0.21080627, -0.01598804
0.68623918, -0.60997343, -0.3961913
0.67133963, 0.99981036
0.00729125, 0.21080627, -0.00611026
0.68623918, -0.60997343, 0.3961913
0.86509001, 0.9999966
0.01143985, 0.21112108, -0.00826327
0.90450758, 0.30149236, -0.30149236
0.52272075, 0.2914294
0.01143985, 0.19104426, -0.00826327
0.90450758, -0.30149236, -0.30149236
0.60794681, 0.55164641
0.01143985, 0.21112108, -0.02232809
0.57734919, 0.57734919, -0.57734919
0.98700303, 0.86335611
-0.01217439, 0.19104424, -0.00826326
-0.57731867, -0.57734919, -0.57734919
0.60247123, 0.55164641
-0.00863311, 0.19104424, -0.01985339
-0.23987548, -0.81240273, -0.53144932
0.8892796, 0.31741673
0.00610287, 0.12088397, -0.01985339
0.24961089, 0.81939149, -0.51597643
0.8892796, 0.07660544
0.00610287, 0.19104424, -0.01985339
0.24961089, -0.81939149, -0.51597643
0.92537022, 0.80182514
-0.01171098, 0.19104424, -0.04751024
-0.67882323, -0.60658592, -0.41376996
0.45963544, 0.08004344
-0.01681267, 0.22585088, -0.05009966
-0.85296184, -0.17282632, -0.49244666
0.60794681, 0.63424459
0.00681678, 0.10862199, -0.0364572
0.85717338, 0.14242989, 0.49488816
0.80724394, 0.91344672
0.00681678, 0.10862199, -0.04623372
0.85717338, 0.14242989, -0.49488816
0.55007488, 0.91302677
0.01180534, 0.25953823, -0.03357706
-0.68623918, 0.60997343, -0.3961913
0.52976865, 0.48758119
0.01351279, 0.26056522, -0.05009967
0.68623918, 0.60997343, -0.3961913
0.84089839, 0.55174077
0.0135128, 0.26056522, -0.03259125
0.68623918, 0.60997343, 0.3961913
0.45940503, 1.0
-0.01376075, 0.07221565, -0.03435328
-0.68623918, -0.60997343, 0.3961913
0.52622449, 0.55218938
-0.01376075, 0.07221565, -0.04833765
-0.68623918, -0.60997343, -0.3961913
0.75940377, 0.99999771
0.01046088, 0.07221565, -0.04833766
0.68623918, -0.60997343, -0.3961913
0.54114991, 0.99973164
0.01046088, 0.07221565, -0.03435328
0.68623918, -0.60997343, 0.3961913
0.80222553, 0.99999527
-0.01171097, 0.12088396, -0.04718431
-0.67467266, 0.60481584, -0.42301705
0.95518512, 0.30278248
-0.01171098, 0.20501481, -0.04751024
-0.67882323, 0.60658592, -0.41376996
0.9525944, 0.39318442
0.00890267, 0.19104424, -0.04751025
0.67882323, -0.60658592, -0.41376996
0.98680973, 0.57496467
0.00890267, 0.10917187, -0.04718432
0.67467266, -0.60481584, -0.42301705
0.99070168, 0.1844852
0.00890267, 0.12088399, -0.04718432
0.67467266, 0.60481584, -0.42304757
0.52273893, 0.03098965
0.01143985, 0.19104426, -0.02232809
0.57734919, -0.57731867, -0.57734919
0.91754556, 0.03213441
0.00890267, 0.20501481, -0.02232809
0.30149236, 0.30149236, -0.90450758
0.95175707, 0.03817213
0.00890267, 0.19104424, -0.02232809
0.30149236, -0.90450758, -0.30149236
0.91754556, 0.03817213
-0.01171097, 0.19104424, -0.02232809
-0.30149236, -0.90450758, -0.30149236
0.91754562, 0.08722591
-0.01441232, 0.19104423, -0.02232809
-0.57731867, -0.57734919, -0.57734919
0.91754556, 0.09365427
-0.00140415, 0.20501481, -0.05282384
0.0, 0.61702323, -0.78691977
0.62741011, 0.14395815
0.00890267, 0.20501481, -0.02232809
0.30149236, 0.30149236, -0.90450758
0.60216808, 0.07147819
-0.01441231, 0.12088396, -0.02232809
-0.57734919, 0.57734919, -0.57734919
0.52271849, 0.11347616
-0.01441231, 0.12088396, -0.00826326
-0.90450758, 0.30149236, -0.30149236
0.52271849, 0.08004349
-0.01217439, 0.12088396, -0.01583856
-0.56617939, 0.79598379, -0.2140263
0.51723772, 0.09805238
-0.01217439, 0.12088396, -0.00826326
-0.57734919, 0.57734919, -0.57734919
0.51723772, 0.08004558
-0.00140415, 0.12088397, -0.05217197
0.0, 0.6209296, -0.78383738
0.49086076, 0.18442857
-0.01171097, 0.12088396, -0.04718431
-0.67467266, 0.60481584, -0.42301705
0.51610273, 0.17256302
0.00890267, 0.12088399, -0.04718432
0.67467266, 0.60481584, -0.42304757
0.46561873, 0.17258251
-0.01171097, 0.12088396, -0.02232809
-0.30149236, 0.90450758, -0.30149236
0.51610273, 0.11347872
-0.00863311, 0.12088396, -0.01985339
-0.23987548, 0.81240273, -0.53144932
0.50856489, 0.1075992
0.01143986, 0.120884, -0.00826327
0.90450758, 0.30149236, -0.30149236
0.45940503, 0.08006787
0.01143986, 0.120884, -0.02232809
0.57731867, 0.57734919, -0.57734919
0.45940503, 0.1135006
0.00928087, 0.12088399, -0.00826327
0.57731867, 0.57734919, -0.57734919
0.46469253, 0.08006585
0.01143985, 0.19104426, -0.00826327
0.90450758, -0.30149236, -0.30149236
0.59698945, 0.16056478
0.00928086, 0.19104424, -0.00826327
0.57734919, -0.57731867, -0.57734919
0.59170192, 0.16056412
0.00928086, 0.19104424, -0.01583856
0.58018738, -0.78902555, -0.2018189
0.59170192, 0.17858815
0.01143985, 0.19104426, -0.02232809
0.57734919, -0.57731867, -0.57734919
0.59698945, 0.19402945
-0.00140415, 0.19104424, -0.05282384
0.0, -0.61702323, -0.78691977
0.56553346, 0.26658463
0.00890267, 0.19104424, -0.04751025
0.67882323, -0.60658592, -0.41376996
0.59077567, 0.25394499
-0.01171098, 0.19104424, -0.04751024
-0.67882323, -0.60658592, -0.41376996
0.54029119, 0.25393879
0.00890267, 0.19104424, -0.02232809
0.30149236, -0.90450758, -0.30149236
0.59077573, 0.19402868
0.00610287, 0.19104424, -0.01985339
0.24961089, -0.81939149, -0.51597643
0.58391875, 0.18813974
-0.01441232, 0.19104423, -0.00826326
-0.90450758, -0.30149236, -0.30149236
0.53367537, 0.16055697
-0.01441232, 0.19104423, -0.02232809
-0.57731867, -0.57734919, -0.57734919
0.53367537, 0.1940217
-0.01217439, 0.19104424, -0.00826326
-0.57731867, -0.57734919, -0.57734919
0.53915626, 0.16055769
-0.01441231, 0.08752158, -0.02232809
-0.57734919, -0.57734919, -0.57734919
0.7132417, 0.07586521
-0.01441231, 0.12088396, -0.02232809
-0.57734919, 0.57734919, -0.57734919
0.71324164, 0.15524656
-0.01171097, 0.12088396, -0.02232809
-0.30149236, 0.90450758, -0.30149236
0.71985763, 0.15524656
0.00890268, 0.12088399, -0.02232809
0.30149236, 0.90450758, -0.30149236
0.77034342, 0.15524662
0.01143986, 0.120884, -0.02232809
0.57731867, 0.57734919, -0.57734919
0.77655739, 0.15524668
-0.01171096, 0.10917186, -0.02232809
-0.30149236, -0.30149236, -0.90450758
0.79041392, 0.06875038
-0.00140415, 0.10917187, -0.05217197
0.0, -0.6209296, -0.78383738
0.81565619, 0.13976151
0.01180534, 0.25953823, -0.04911388
-0.68623918, 0.60997343, 0.3961913
0.8892796, 0.29904252
-0.01510521, 0.25953823, -0.04911387
0.68623918, 0.60997343, 0.3961913
0.95518512, 0.29901719
-0.00164993, 0.25953823, -0.02580865
0.0, 0.60997343, -0.7923826
0.92223239, 0.24363232
-0.01510521, 0.25953823, -0.03357705
0.68623918, 0.60997343, -0.3961913
0.52272087, 0.42177916
-0.01510521, 0.25953823, -0.04911387
0.68623918, 0.60997343, 0.3961913
0.52589238, 0.55161962
0.01180534, 0.25953823, -0.04911388
-0.68623918, 0.60997343, 0.3961913
0.53313363, 0.45874923
0.00884372, 0.0735897, -0.04740398
-0.68623918, -0.60997343, 0.3961913
0.99999994, 0.44575465
0.00884372, 0.0735897, -0.03528696
-0.68623918, -0.60997343, -0.3961913
0.99999994, 0.41692442
-0.01214358, 0.0735897, -0.04740398
0.68623918, -0.60997343, 0.3961913
0.94860035, 0.44574833
-0.01214358, 0.0735897, -0.03528695
0.68623918, -0.60997343, -0.3961913
0.52640373, 0.45173377
-0.01214358, 0.0735897, -0.04740398
0.68623918, -0.60997343, 0.3961913
0.53313363, 0.48758072
0.00884372, 0.0735897, -0.04740398
-0.68623918, -0.60997343, 0.3961913
0.52640527, 0.50167677
0.00884372, 0.0735897, -0.03528696
-0.68623918, -0.60997343, -0.3961913
0.52272087, 0.45874786
0.00182617, 0.1314463, -0.01362156
0.25101474, 0.34977263, 0.90255439
0.98304003, 1.0
0.01574269, 0.1314463, -0.01178526
-0.85912657, 0.44297618, 0.25617236
0.98992485, 0.12563938
0.00182617, 0.12359312, -0.01362156
0.25101474, -0.34977263, 0.90255439
0.99918729, 0.09365433
-0.0144123, 0.06572933, 0.07124943
-0.64726704, 0.42374951, 0.63359475
0.8892796, 0.5451327
-0.0144123, 0.06572933, 0.07124943
-0.64726704, 0.42374951, 0.63359475
0.53367537, 0.26658463
-0.01441225, -0.05495841, 0.06022587
-0.71028781, 0.55623037, 0.43134862
0.98405159, 0.57496467
0.01143991, -0.00555371, -0.01213124
0.85033721, 0.24732199, -0.46446121
0.69862086, 0.31727612
-0.01441225, -0.05495841, 0.06022587
-0.71028781, 0.55623037, 0.43134862
0.45942411, 0.18442863
0.01143995, -0.09674986, -0.02278967
0.56700337, -0.51750237, -0.64082766
0.45940503, 0.99298561
-0.01441222, -0.09983887, 0.06329265
-0.56752223, -0.56593525, 0.59797966
0.01887879, 0.0
-0.01441224, -0.0759414, 0.06022587
-0.74425489, 0.11902219, 0.65715504
0.02647731, 0.0568552
-0.01441224, -0.07594141, -0.01830839
-0.7317118, 0.07214576, -0.67775506
0.21881381, 0.05658787
-0.01441226, -0.00555375, -0.01213124
-0.85055083, 0.2474746, -0.4639729
0.60794687, 0.30659312
-0.01441232, 0.12241647, 0.02648268
-0.82403028, 0.27530748, 0.49510178
0.99898654, 0.67898542
-0.01441232, 0.07658174, 0.03287973
-0.96148562, 0.23905149, -0.13559374
0.8892796, 0.15026271
-0.01441233, 0.11935033, 0.0157469
-0.87820065, -0.30283517, 0.37012848
0.65534937, 0.08234864
0.00925652, 0.12464431, 0.02357846
0.70500809, -0.70897549, 0.01663259
0.8892796, 0.03655821
-0.01266885, 0.12507288, 0.0418281
-0.57780695, -0.56608784, 0.58790857
0.76693928, 0.15524668
-0.01266885, 0.12464429, 0.02357846
-0.70500809, -0.70897549, 0.01663259
0.65265208, 0.14395815
0.00925652, 0.19324605, 0.04085254
0.57686085, 0.58839685, 0.56654561
0.69735366, 0.30659312
-0.01266885, 0.19324602, 0.04085254
-0.57686085, 0.58839685, 0.56654561
0.99719012, 0.51236585
0.01143987, 0.11610708, 0.03580247
0.61549729, 0.37055573, 0.69554734
0.8892796, 0.89974658
-0.01441232, 0.11425921, 0.03281146
-0.81844538, -0.24927518, -0.51762444
0.8892796, 0.63488802
0.01143984, 0.32047373, -0.00826327
0.57734919, 0.57734919, -0.57734919
0.42536357, 0.00011736
0.01143984, 0.32047376, 0.01547349
0.57731867, 0.57728815, 0.5773797
0.36723542, 2.456e-05
0.01143984, 0.23059753, 0.01545831
0.73345137, 0.07678457, 0.67534411
0.36694264, 0.21389121
0.01143985, 0.21112108, -0.00826327
0.90450758, 0.30149236, -0.30149236
0.4249621, 0.26032937
0.01143987, 0.12113701, 0.02421864
0.81698048, -0.56096071, -0.13345744
0.34508792, 0.4743256
0.01143985, 0.11935033, 0.01574689
0.87820065, -0.30283517, 0.37012848
0.36582753, 0.47861028
0.01143986, 0.120884, -0.00826327
0.90450758, 0.30149236, -0.30149236
0.42463082, 0.4750545
0.01143985, 0.19104426, -0.02232809
0.57734919, -0.57731867, -0.57734919
0.45933127, 0.30815846
0.01143985, 0.21112108, -0.02232809
0.57734919, 0.57734919, -0.57734919
0.45940498, 0.2603842
0.00480786, 0.0153847, 0.06591697
0.56498915, -0.32551041, 0.7581408
0.24234229, 0.72595674
0.007978, 0.02792918, 0.05784772
0.86593217, 0.00915555, -0.50001526
0.26226535, 0.69606647
0.00797801, 0.01499696, 0.03828105
0.73247474, 0.64751124, 0.21024202
0.31013405, 0.72691599
0.00797801, 0.01912717, 0.05118326
0.84524065, 0.45347452, -0.28260139
0.27855343, 0.7170375
0.01143987, 0.11425921, 0.03281145
0.81844538, -0.24927518, -0.51762444
0.32402003, 0.49065822
0.01143987, 0.11610708, 0.03580247
0.61549729, 0.37055573, 0.69554734
0.31670222, 0.48624945
0.01139533, 0.06055943, 0.03946619
0.79183322, -0.60664696, 0.07037568
0.30752468, 0.6184155
0.01139533, 0.06012263, 0.03008602
0.79964596, -0.5472579, 0.2469863
0.33049384, 0.61949152
0.01143987, 0.07658174, 0.03287972
0.961272, 0.24036378, -0.13476974
0.32371452, 0.58031407
0.00797799, 0.05630729, 0.05047432
0.75093842, -0.48347422, -0.44978181
0.92537022, 0.68747747
-0.01432523, 0.01795205, 0.02961324
-0.79827267, 0.38721883, 0.46131778
0.92537022, 0.80182518
0.01139533, 0.06012263, 0.03008602
0.79964596, -0.5472579, 0.2469863
0.8892796, 1.0
-0.01018045, 0.01912714, 0.05118326
-0.83211768, 0.46601763, -0.30054629
0.91754562, 0.15519434
-0.01441231, 0.11610708, 0.03580247
-0.61549729, 0.37055573, 0.69554734
0.08699732, 0.51376462
-0.01441232, 0.12241647, 0.02648268
-0.82403028, 0.27530748, 0.49510178
0.10984539, 0.52874655
-0.01441232, 0.11425921, 0.03281146
-0.81844538, -0.24927518, -0.51762444
0.09431576, 0.50935733
-0.01441232, 0.12113701, 0.02421865
-0.81698048, -0.56096071, -0.13345744
0.11538548, 0.52569428
-0.01441231, 0.07494257, 0.03593901
-0.87173069, 0.26865444, 0.40968049
0.08651175, 0.41581136
-0.01441232, 0.07658174, 0.03287973
-0.96148562, 0.23905149, -0.13559374
0.09401021, 0.41970146
-0.01432528, 0.0601226, 0.03008602
-0.79897457, -0.54826504, 0.24695578
0.10079332, 0.38052434
-0.00773006, -0.00981587, 0.04736787
-0.72908717, -0.22748497, 0.64546645
0.05832957, 0.21401131
-0.00773007, 0.0153847, 0.06591697
-0.58363599, -0.31922361, 0.7466048
0.01299394, 0.27404094
-0.01018045, 0.01912714, 0.05118326
-0.83211768, 0.46601763, -0.30054629
0.04904797, 0.28295135
-0.01018044, 0.01499693, 0.03828105
-0.6940214, 0.67860955, 0.24039429
0.0806313, 0.27307934
-0.01432527, 0.0605594, 0.03946619
-0.79247415, -0.60072637, 0.1051973
0.07782218, 0.38159561
-0.01441233, 0.23059751, 0.01545831
-0.73345137, 0.07678457, 0.67534411
0.13724215, 0.78613321
-0.01441233, 0.32047373, 0.0154735
-0.57731867, 0.57728815, 0.5773797
0.13753499, 1.0
-0.01441235, 0.32047373, -0.00826326
-0.57734919, 0.57734919, -0.57734919
0.19566816, 0.99991908
-0.01441233, 0.21112107, -0.02232809
-0.57734919, 0.57734919, -0.57734919
0.22971247, 0.73965907
-0.01441232, 0.19104423, -0.02232809
-0.57731867, -0.57734919, -0.57734919
0.22963874, 0.69188491
-0.01441233, 0.11935033, 0.0157469
-0.87820065, -0.30283517, 0.37012848
0.13612689, 0.52141392
-0.01441231, 0.12088396, -0.00826326
-0.90450758, 0.30149236, -0.30149236
0.19493526, 0.52498159
-0.01441233, 0.08752161, 0.0154735
-0.83520007, 0.26288643, 0.48301646
0.13667959, 0.44567436
-0.01441231, 0.12088396, -0.02232809
-0.57734919, 0.57734919, -0.57734919
0.22938111, 0.5249337
-0.01441232, 0.0875216, -0.01213125
-0.90450758, -0.30188909, -0.30112612
0.20428576, 0.44558036
-0.01441231, 0.08752158, -0.02232809
-0.57734919, -0.57734919, -0.57734919
0.22925861, 0.44554561
-0.00773005, -0.05495841, 0.04736787
-0.83535266, 0.48796046, 0.25305948
0.05816381, 0.10659152
-0.01432528, 0.04936568, 0.01970119
-0.8094424, -0.20224616, 0.5512253
0.1261871, 0.35489213
-0.01441225, -0.05495841, 0.06022587
-0.71028781, 0.55623037, 0.43134862
0.02655435, 0.10678571
0.01143985, 0.08752163, -0.01213125
0.90450758, -0.30170599, -0.30130926
0.43398049, 0.55445763
0.01143986, 0.08752163, -0.02232809
0.57734919, -0.57734919, -0.57734919
0.45895121, 0.55449745
0.01143986, 0.120884, -0.02232809
0.57731867, 0.57734919, -0.57734919
0.45907369, 0.47510946
0.01143985, 0.08752163, 0.01547349
0.83501697, 0.26349682, 0.48298594
0.36638021, 0.55434981
0.01139533, 0.04936571, 0.01970119
0.80986971, -0.20203254, 0.55067599
0.35588542, 0.64512891
0.01139538, 0.03007808, 0.02094543
0.7739799, 0.21256141, 0.59642321
0.35276762, 0.69102025
0.01143993, -0.05495841, 0.06022587
0.70955533, 0.55635244, 0.43238625
0.25626457, 0.89321589
0.01139537, 0.01795208, 0.02961324
0.80104983, 0.39179662, 0.45249793
0.3314968, 0.71984103
# Number of Faces:
416
# Face Data:
0, 1, 2
3, 4, 5
6, 7, 8
9, 10, 11
12, 13, 14
15, 16, 17
18, 19, 20
21, 22, 23
23, 24, 25
26, 27, 28
17, 29, 30
31, 32, 33
34, 35, 36
37, 38, 39
40, 41, 42
43, 44, 45
46, 47, 48
49, 50, 51
52, 51, 53
54, 55, 56
57, 48, 58
59, 60, 61
62, 63, 60
64, 65, 66
67, 68, 69
64, 70, 71
72, 73, 74
75, 76, 77
78, 69, 75
79, 80, 81
82, 70, 66
83, 84, 85
72, 86, 87
75, 88, 83
78, 83, 85
89, 90, 91
66, 92, 82
93, 94, 95
91, 96, 97
65, 98, 92
65, 99, 100
86, 101, 87
88, 102, 83
103, 104, 68
80, 105, 81
70, 106, 107
70, 108, 71
73, 109, 110
76, 68, 111
112, 113, 114
115, 116, 105
106, 117, 107
107, 118, 108
109, 119, 110
68, 120, 111
121, 122, 123
124, 125, 126
127, 128, 129
130, 131, 132
133, 134, 38
135, 136, 137
138, 139, 140
141, 142, 143
144, 145, 146
147, 148, 149
150, 151, 152
153, 154, 155
155, 156, 157
157, 158, 159
159, 160, 161
162, 160, 163
162, 164, 153
165, 166, 167
168, 169, 165
170, 171, 168
170, 172, 173
174, 175, 172
176, 166, 175
177, 178, 179
95, 180, 181
182, 183, 184
185, 186, 187
188, 189, 185
190, 191, 192
193, 194, 195
196, 197, 112
198, 199, 200
201, 202, 203
203, 204, 205
206, 207, 208
209, 210, 211
211, 212, 209
209, 213, 210
209, 214, 213
209, 212, 214
215, 216, 217
218, 219, 220
221, 222, 223
224, 225, 221
226, 227, 228
215, 229, 216
218, 230, 219
221, 225, 222
228, 227, 231
217, 216, 232
233, 234, 235
236, 234, 233
237, 238, 239
240, 241, 242
235, 234, 243
244, 245, 246
247, 248, 249
250, 249, 247
251, 252, 253
248, 254, 249
251, 255, 256
257, 258, 259
260, 242, 241
261, 262, 263
264, 265, 266
266, 267, 268
268, 269, 270
271, 272, 273
274, 275, 276
277, 278, 279
280, 281, 282
283, 284, 285
286, 287, 283
288, 289, 274
290, 291, 292
293, 294, 295
285, 296, 297
298, 299, 300
301, 302, 303
304, 303, 305
306, 307, 308
309, 310, 311
312, 313, 314
315, 316, 317
318, 319, 320
321, 322, 323
324, 325, 326
327, 328, 329
330, 331, 332
333, 334, 335
336, 337, 338
339, 317, 340
341, 342, 343
344, 345, 346
347, 348, 349
350, 351, 352
353, 354, 355
352, 356, 357
358, 359, 360
361, 349, 362
363, 364, 365
366, 293, 367
358, 364, 368
369, 370, 353
371, 372, 373
374, 375, 376
377, 378, 379
367, 380, 381
382, 383, 384
0, 385, 1
3, 386, 4
6, 387, 7
11, 388, 9
9, 389, 10
10, 390, 11
14, 391, 12
12, 392, 13
13, 393, 14
15, 394, 16
18, 395, 19
21, 396, 22
23, 22, 24
26, 397, 27
17, 16, 29
31, 398, 32
34, 399, 35
37, 133, 38
40, 400, 41
43, 401, 44
46, 402, 47
49, 403, 50
52, 49, 51
54, 404, 55
57, 46, 48
59, 62, 60
62, 405, 63
64, 406, 65
67, 103, 68
64, 66, 70
72, 407, 73
75, 69, 76
78, 67, 69
79, 89, 80
82, 408, 70
83, 102, 84
72, 74, 86
75, 77, 88
78, 75, 83
89, 79, 90
66, 65, 92
93, 409, 94
91, 90, 96
65, 100, 98
65, 406, 99
86, 410, 101
88, 411, 102
103, 412, 104
80, 115, 105
70, 408, 106
70, 107, 108
73, 407, 109
76, 69, 68
112, 197, 113
115, 413, 116
106, 414, 117
107, 117, 118
109, 415, 119
68, 104, 120
121, 416, 122
124, 417, 125
127, 418, 128
130, 419, 131
133, 420, 134
136, 421, 422
421, 423, 422
424, 425, 137
136, 422, 137
137, 425, 135
426, 140, 139
138, 427, 139
428, 429, 430
429, 431, 430
432, 433, 434
435, 428, 430
435, 430, 436
434, 433, 435
437, 438, 142
143, 434, 435
435, 436, 143
142, 439, 437
143, 436, 141
142, 438, 143
440, 441, 442
443, 440, 442
444, 445, 446
447, 443, 442
447, 442, 448
446, 445, 447
449, 450, 145
146, 446, 447
447, 448, 144
145, 451, 449
146, 447, 144
145, 450, 146
452, 453, 147
453, 454, 147
455, 456, 148
452, 147, 149
148, 456, 149
457, 152, 151
458, 150, 152
153, 164, 154
155, 154, 156
157, 156, 158
159, 158, 160
162, 161, 160
162, 163, 164
165, 169, 166
168, 171, 169
170, 173, 171
170, 174, 172
174, 176, 175
176, 167, 166
179, 459, 177
177, 460, 178
178, 461, 179
95, 94, 180
182, 462, 183
185, 189, 186
188, 463, 189
190, 464, 191
195, 465, 466
466, 193, 195
194, 467, 195
196, 468, 197
198, 469, 199
201, 470, 202
203, 202, 204
206, 471, 207
244, 472, 245
247, 250, 248
250, 473, 249
248, 474, 254
251, 252, 255
231, 227, 246
261, 475, 262
264, 476, 265
266, 265, 267
268, 267, 269
271, 477, 272
274, 289, 275
277, 286, 278
280, 478, 281
283, 287, 284
286, 277, 287
288, 479, 289
480, 376, 375
375, 290, 292
292, 480, 375
481, 482, 295
293, 483, 294
295, 482, 293
285, 284, 296
298, 484, 299
301, 307, 302
304, 301, 303
306, 302, 307
309, 485, 310
312, 486, 313
315, 487, 316
318, 488, 319
321, 489, 322
324, 490, 325
327, 491, 328
330, 492, 331
333, 493, 334
336, 494, 337
339, 315, 317
495, 496, 497
497, 343, 498
341, 499, 500
500, 501, 342
342, 502, 503
498, 495, 497
342, 503, 498
341, 500, 342
498, 343, 342
345, 504, 505
382, 506, 507
382, 507, 504
499, 341, 508
508, 341, 509
508, 509, 344
510, 511, 344
512, 508, 344
504, 507, 505
346, 510, 344
345, 505, 346
511, 512, 344
347, 513, 348
350, 514, 351
353, 370, 354
352, 351, 356
358, 515, 359
361, 347, 349
363, 368, 364
366, 483, 293
358, 360, 364
369, 516, 370
517, 518, 519
518, 520, 519
521, 517, 519
522, 523, 521
521, 519, 522
524, 525, 526
526, 527, 524
373, 526, 525
521, 523, 528
521, 528, 372
373, 525, 371
371, 521, 372
374, 384, 375
529, 530, 531
377, 532, 533
529, 531, 377
518, 379, 378
534, 520, 518
378, 535, 534
377, 533, 378
379, 529, 377
378, 534, 518
536, 534, 535
535, 537, 538
537, 539, 538
523, 522, 536
536, 535, 538
367, 293, 540
536, 538, 541
541, 523, 536
381, 541, 367
482, 542, 540
540, 524, 367
524, 527, 380
293, 482, 540
541, 538, 367
524, 380, 367
543, 544, 545
545, 501, 543
546, 512, 511
501, 500, 546
543, 501, 546
546, 511, 547
546, 547, 543
384, 547, 548
290, 375, 383
383, 549, 290
506, 382, 550
550, 382, 384
383, 375, 384
543, 547, 384
548, 550, 384
