# Project Zomboid Skinned Mesh
# File Version:
1.0
# Model Name:
Cylinder
# Vertex Stride Element Count:
3
# Vertex Stride Size (in bytes):
76
# Vertex Stride Data:
# (Int)    Offset
# (String) Type
0
VertexArray
12
NormalArray
24
TextureCoordArray
# Vertex Count:
468
# Vertex Buffer:
0.00271764, 0.30095765, -0.01527373
-0.42616045, 0.36140019, -0.82931
0.63278395, 0.82872458
0.00140818, 0.37991247, -0.010724
-0.94552445, 0.32139042, -0.05145421
0.62420809, 0.98638971
0.00271764, 0.37994179, -0.01388574
-0.83346051, -0.12689596, -0.53776664
0.63423121, 0.9862387
0.00347098, 0.43065089, 0.00043767
-0.54911953, 0.64461195, -0.53187656
0.98528022, 0.75438474
0.00587894, 0.33927011, -0.00285193
0.0, 0.0250557, -0.99966431
0.97789675, 0.93658523
0.00347099, 0.33924228, -0.0018549
-0.70744956, 0.01770074, -0.70653403
0.98528028, 0.93647405
0.01176438, 0.38013747, -0.00634334
0.73070467, 0.01052889, -0.68257695
0.9306072, 0.88127856
0.00844149, 0.38661057, -0.00796284
0.37720877, 0.92333752, -0.0717185
0.94079524, 0.86868155
0.01176438, 0.38671461, -0.00624295
0.54664755, 0.67146826, -0.5002594
0.9306072, 0.86818746
0.00271764, 0.30095765, -0.01527373
-0.42616045, 0.36140019, -0.82931
0.75059432, 0.84275964
0.00271764, 0.37994179, -0.01388574
-0.83346051, -0.12689596, -0.53776664
0.75059462, 0.99999994
0.00587894, 0.3798641, -0.01519784
-0.00018311, -0.78142643, -0.6239509
0.76028812, 0.99962641
0.00331638, 0.37983829, -0.00806872
-0.98770106, -0.0029603, 0.15619373
0.6166383, 0.98623763
0.00140818, 0.30086967, -0.01211363
-0.97579885, 0.18503372, 0.11633655
0.62276161, 0.82875852
0.00828688, 0.43065089, 0.00043767
0.54911953, 0.64461195, -0.53187656
0.94217819, 0.66168919
0.00587893, 0.4306787, -0.00055936
0.0, 0.6506241, -0.75936157
0.94217819, 0.65649253
0.00247358, 0.43058363, 0.00284468
-0.77636033, 0.63002414, 0.01702933
0.92857748, 0.65279597
0.00828688, 0.33910781, 0.00295913
0.70674765, -0.01773125, 0.70720541
0.99999994, 0.75402951
0.00587893, 0.43048853, 0.00624869
0.0, 0.60942411, 0.79280984
0.99261701, 0.57481784
0.00587894, 0.33907998, 0.00395613
0.0, -0.0250557, 0.99966431
0.99261695, 0.75438468
0.00247358, 0.43058363, 0.00284468
-0.77636033, 0.63002414, 0.01702933
0.97814769, 0.38959503
0.00347099, 0.33924228, -0.0018549
-0.70744956, 0.01770074, -0.70653403
0.97051388, 0.57194823
0.00247359, 0.33917505, 0.00055212
-0.99996948, 0.0, 0.00067141
0.97814775, 0.57191536
0.00928429, 0.33917505, 0.00055212
0.99996948, 0.0, 0.00067141
0.97811657, 0.5721027
0.00828688, 0.43051639, 0.0052517
0.54878384, 0.61543626, 0.56569111
0.9852336, 0.75428462
0.00828688, 0.33910781, 0.00295913
0.70674765, -0.01773125, 0.70720541
0.9852336, 0.5720025
0.00828688, 0.33924228, -0.0018549
0.70744956, 0.01770074, -0.70653403
0.97051388, 0.57205781
0.00928428, 0.43058363, 0.00284468
0.77636033, 0.63002414, 0.01705985
0.97811651, 0.75438468
0.00347098, 0.43051639, 0.0052517
-0.54881436, 0.61543626, 0.5656606
0.98521721, 0.38968217
0.00347099, 0.33910781, 0.00295913
-0.70674765, -0.01773125, 0.70720541
0.98521727, 0.5720025
0.00828688, 0.43065089, 0.00043767
0.54911953, 0.64461195, -0.53187656
0.97051388, 0.75438468
0.00828688, 0.33924228, -0.0018549
0.70744956, 0.01770074, -0.70653403
0.97051388, 0.93647399
0.00347099, 0.33910781, 0.00295913
-0.70674765, -0.01773125, 0.70720541
0.9852336, 0.75402963
0.01313952, 0.13097154, 0.02853161
0.66930145, 0.11120945, 0.73461103
0.81450647, 0.63960633
0.01188567, 0.17127681, 0.01479611
0.23175757, 0.93508714, 0.26804405
0.81835258, 0.72322422
0.01188567, 0.13097154, 0.02853161
0.35331279, -0.22098453, 0.90899378
0.81835097, 0.63960633
0.00904024, 0.17106842, -0.0177829
0.70815152, 0.01922666, -0.70577103
0.76998013, 0.5841406
0.00904023, 0.37994179, -0.01388574
0.83352154, -0.12652974, -0.53773612
0.76998079, 1.0
0.00904025, 0.02945565, -0.0228575
0.87847531, 0.21744438, -0.42539752
0.76998043, 0.30178839
0.00587894, 0.17110498, -0.0190918
3.052e-05, 0.02713095, -0.99960327
0.7602874, 0.5839946
0.00271765, 0.01245434, -0.01700737
-0.96658224, 0.02008118, -0.25547045
0.61731458, 0.25351477
0.00140819, 0.17098016, -0.0146228
-0.94067204, -0.30246896, -0.15356913
0.62107331, 0.56971681
0.0014082, 0.01254261, -0.02016746
-0.99206519, -0.09927671, -0.07675405
0.62659568, 0.25363821
0.01614694, 0.01191766, -0.00733333
0.97717214, -0.21222572, -0.00592059
0.25756469, 0.74670991
0.01313952, 0.1708647, -0.00903776
0.75655383, 0.02285836, -0.65349287
0.27495623, 0.43019927
0.01614693, 0.17066197, -0.00178003
0.99856561, -0.00012207, 0.05349895
0.25203198, 0.43008626
0.00271765, 0.02945565, -0.0228575
-0.87847531, 0.21744438, -0.42539752
0.7505942, 0.30178827
0.00587895, 0.02785387, -0.02421216
0.0, -0.90322578, -0.42912075
0.7602877, 0.29837799
0.00271765, 0.02945565, -0.0228575
-0.87847531, 0.21744438, -0.42539752
0.63639396, 0.28716481
0.00271765, 0.01551831, -0.02324685
-0.85332805, -0.18506424, -0.48738059
0.63657945, 0.25936425
-0.00138162, 0.01171493, -7.56e-05
-0.97753835, -0.13989684, 0.1576281
0.56442136, 0.25298804
-0.00438906, 0.17066197, -0.00178003
-0.99856561, -0.00012207, 0.05349895
0.58021033, 0.56996202
-0.00438905, 0.01191766, -0.00733333
-0.97625661, -0.21634571, -0.00860622
0.58573705, 0.25327152
0.00271765, 0.01245434, -0.01700737
-0.96658224, 0.02008118, -0.25547045
0.94537556, 0.93632492
-0.00138163, 0.1708647, -0.00903776
-0.75655383, 0.02285836, -0.65349287
0.95794541, 0.62009811
0.00271764, 0.17089188, -0.01146271
-0.99899286, 0.00427259, -0.04406873
0.9453755, 0.6204491
-0.00138163, 0.1708647, -0.00903776
-0.75655383, 0.02285836, -0.65349287
0.60322851, 0.56988528
-0.00138162, 0.01212039, -0.01459107
-0.75746942, -0.14383374, -0.6367687
0.60875517, 0.25319475
0.00904025, 0.01245434, -0.01700737
0.96520889, -0.01379437, -0.26099429
0.95794535, 0.62035835
0.01313952, 0.1708647, -0.00903776
0.75655383, 0.02285836, -0.65349287
0.97051388, 0.93658523
0.01313953, 0.01212039, -0.01459107
0.75316632, -0.14719076, -0.64113283
0.9705137, 0.62009814
0.00904025, 0.01245434, -0.01700737
0.96520889, -0.01379437, -0.26099429
0.28889498, 0.74655405
0.01034969, 0.17098016, -0.0146228
0.93850517, -0.30607012, -0.15967284
0.29271004, 0.43040156
0.00904024, 0.17089188, -0.01146271
0.99896234, 0.00570696, -0.04486221
0.28336662, 0.43054217
0.01313953, 0.01171493, -7.56e-05
0.97753835, -0.13901182, 0.15829951
0.23610575, 0.74703285
0.01313952, 0.17156754, 0.00438961
0.85949278, 0.4697409, 0.20136112
0.23397774, 0.42824501
0.00904025, 0.02945565, -0.0228575
0.87847531, 0.21744438, -0.42539752
0.30799565, 0.71290967
0.00904024, 0.17106842, -0.0177829
0.70815152, 0.01922666, -0.70577103
0.30269149, 0.4304508
0.00844149, 0.37983829, -0.00806872
0.98773158, -0.00326548, 0.15601063
0.28819451, 0.01399261
0.00904023, 0.37994179, -0.01388574
0.83352154, -0.12652974, -0.53773612
0.30583075, 0.01398259
0.01034968, 0.37991247, -0.010724
0.94555497, 0.3213599, -0.05139317
0.29584852, 0.01381582
-0.00421881, 0.37988085, -0.00390765
-0.71810055, 0.6440016, -0.26374096
0.65795177, 0.39871907
0.00587893, 0.37981278, 0.01348944
-0.0003357, 0.67598498, 0.73686939
0.68891656, 0.43321997
0.01638332, 0.37988085, -0.00340538
0.72209847, 0.64241463, -0.25650808
0.72112167, 0.39971471
0.0103497, 0.01254261, -0.02016746
0.99176002, -0.10870693, -0.0674459
0.29823843, 0.74641344
0.00844544, 0.00526853, -0.01765897
0.61778617, -0.30970183, -0.72276986
0.29051328, 0.76094612
0.00904025, 0.01263087, -0.02332756
0.65514082, -0.25531784, -0.71102023
0.30821991, 0.74646267
0.01313952, 0.06566319, 0.01632947
1.0, 0.0, 0.0
0.18986438, 0.63883197
0.01313952, 0.05807617, 0.01163407
0.99996948, 0.0, 0.0
0.20366521, 0.65414724
-0.00138162, 0.05807617, 0.01163407
-1.0, 0.0, 0.0
0.53201681, 0.34589553
-0.00138162, 0.06566319, 0.01632947
-1.0, 0.0, 0.0
0.51823133, 0.361215
-0.00138163, 0.17156754, 0.00438961
-0.85949278, 0.4697409, 0.20136112
0.56229556, 0.57184291
-0.00138163, 0.17156754, 0.00438961
-0.85949278, 0.4697409, 0.20136112
0.65695316, 0.43321997
-0.00015189, 0.17127681, 0.01479611
-0.23175757, 0.93508714, 0.26804405
0.66072381, 0.45391363
0.01188567, 0.17127681, 0.01479611
0.23175757, 0.93508714, 0.26804405
0.69763309, 0.45391476
0.01177342, 0.00485416, -0.01056635
0.95190281, -0.22882779, -0.20368053
0.26800019, 0.76123849
0.01313953, 0.01212039, -0.01459107
0.75316632, -0.14719076, -0.64113283
0.28048894, 0.74682292
0.01313951, 0.05169228, 0.01901939
0.75640124, -0.50975066, 0.40980256
0.92294395, 0.72322404
-0.00138162, 0.05606809, 0.02763099
-0.73628956, -0.6367687, 0.22879727
0.87841886, 0.70651627
-0.00138162, 0.05169228, 0.01901939
-0.75640124, -0.50975066, 0.40980256
0.87841958, 0.72322422
-0.00015189, 0.13097154, 0.02853161
-0.35331279, -0.22098453, 0.90899378
0.85526025, 0.6396063
-0.00138163, 0.17127681, 0.01479611
-0.59843743, 0.64491713, 0.47529528
0.85903245, 0.72322422
-0.00138163, 0.13097154, 0.02853161
-0.66930145, 0.11120945, 0.73461103
0.85903084, 0.6396063
0.01188567, 0.17467377, 0.08200215
0.58101135, 0.62205875, 0.52479631
0.69764251, 0.58637503
0.01188567, 0.13461868, 0.08678048
0.5744499, -0.52400279, 0.62880337
0.93253219, 0.38570756
-0.00015189, 0.17467377, 0.08200215
-0.58101135, 0.62205875, 0.52479631
0.96944147, 0.46613479
-0.00015189, 0.13461868, 0.08678048
-0.5744499, -0.52400279, 0.62880337
0.96944147, 0.3857075
0.01188567, 0.13097154, 0.02853161
0.35331279, -0.22098453, 0.90899378
0.89589906, 0.88396893
0.01188567, 0.17467377, 0.08200215
0.58101135, 0.62205875, 0.52479631
0.77246159, 0.99529965
0.01188567, 0.13461868, 0.08678048
0.5744499, -0.52400279, 0.62880337
0.89589906, 1.0
0.01188567, 0.13097154, 0.02853161
0.35331279, -0.22098453, 0.90899378
0.89589906, 0.88432888
-0.00015189, 0.13461868, 0.08678048
-0.5744499, -0.52400279, 0.62880337
0.9328084, 1.0
-0.00015189, 0.13097154, 0.02853161
-0.35331279, -0.22098453, 0.90899378
0.93280834, 0.88432897
-0.00015189, 0.13097154, 0.02853161
-0.35331279, -0.22098453, 0.90899378
0.8959232, 0.83912846
-0.00015189, 0.17467377, 0.08200215
-0.58101135, 0.62205875, 0.52479631
0.77246225, 0.72789276
-0.00015189, 0.17127681, 0.01479611
-0.23175757, 0.93508714, 0.26804405
0.76998085, 0.86152284
0.01313953, 0.01142426, 0.01033094
0.71611685, -0.10672323, 0.68974882
0.81450647, 0.45699292
-0.00138162, 0.04213935, 0.01118889
-0.78762168, -0.21546067, 0.5771966
0.76998085, 0.39668196
-0.00138162, 0.01142426, 0.01033094
-0.71611685, -0.10672323, 0.68974882
0.76998204, 0.45699364
0.01313951, 0.0556457, 0.03863188
0.74422437, -0.61143833, -0.26877651
0.922943, 0.68455663
-0.00138162, 0.0482486, 0.05012411
-0.68465227, -0.65016633, -0.32932523
0.87841922, 0.66090399
-0.00138162, 0.0556457, 0.03863188
-0.74422437, -0.61143833, -0.26877651
0.87841862, 0.68455681
0.01313951, 0.05606809, 0.02763099
0.73628956, -0.6367687, 0.22879727
0.92294323, 0.70651609
-0.00138162, 0.0572008, 0.03270117
-0.7642445, -0.64479506, -0.01181066
0.87841862, 0.69653139
0.01313951, 0.04055405, 0.07021097
0.5816828, -0.75554675, 0.30121768
0.92294395, 0.62009811
-0.00138162, 0.04055405, 0.07021097
-0.5816828, -0.75554675, 0.30121768
0.87841958, 0.62009832
-0.00138162, 0.04055405, 0.07021097
-0.5816828, -0.75554675, 0.30121768
0.9328084, 1.0
0.01313951, 0.04878557, 0.07414903
0.68568987, -0.24829859, 0.68419445
0.97733319, 0.98495247
-0.00138162, 0.04878557, 0.07414903
-0.68568987, -0.24829859, 0.68419445
0.93280882, 0.98495329
-0.00138162, 0.06568483, 0.07846581
-0.5836665, 0.37314981, 0.72115237
0.93280882, 0.9529279
0.01177342, 0.00452499, 0.00121801
0.9955138, -0.09424116, -0.00271615
0.23196781, 0.7614089
0.01176504, -0.08927811, 0.00697574
1.0, -6.104e-05, 0.0
0.20761862, 0.94813208
0.01177218, 0.00468958, -0.00467416
0.97924739, -0.1966918, 0.04861598
0.24998426, 0.76132376
-0.00138162, 0.0556457, 0.03863188
-0.74422437, -0.61143833, -0.26877651
0.44943821, 0.34216928
-0.00138163, 0.07876395, 0.04430633
-0.71437728, 0.64513075, 0.27100438
0.43378204, 0.38849115
-0.00138162, 0.06877951, 0.02679442
-1.0, 0.0, 0.0
0.48651406, 0.36786121
0.01313951, 0.05169228, 0.01901939
0.75640124, -0.50975066, 0.40980256
0.81450647, 0.3802008
-0.00138162, 0.05169228, 0.01901939
-0.75640124, -0.50975066, 0.40980256
0.7699821, 0.38020158
0.00904025, 0.01263087, -0.02332756
0.65514082, -0.25531784, -0.71102023
0.85903239, 0.47363901
0.00587895, 0.00529822, -0.01872168
0.0, -0.41709647, -0.90884119
0.86872703, 0.48744595
0.00587895, 0.01266744, -0.02463646
0.0, -0.29374066, -0.95587021
0.86872512, 0.47378498
0.01313951, 0.0572008, 0.03270117
0.7642445, -0.64479506, -0.01181066
0.922943, 0.69653121
-0.00138163, 0.07876395, 0.04430633
-0.71437728, 0.64513075, 0.27100438
0.81450647, 0.48176527
0.01313951, 0.06568483, 0.07846581
0.5836665, 0.37314981, 0.72115237
0.85903233, 0.55239999
0.01313951, 0.07876395, 0.04430633
0.71437728, 0.64513075, 0.27100438
0.85903084, 0.4817605
-0.00138162, 0.01142426, 0.01033094
-0.71611685, -0.10672323, 0.68974882
0.53263718, 0.25283986
-1.552e-05, 0.00452499, 0.00121801
-0.99548328, -0.09460738, -0.00558489
0.56034219, 0.23862648
-1.553e-05, 0.004289, 0.00966653
-0.74199653, 0.01617481, 0.67018646
0.53453833, 0.2385062
0.00271765, 0.01263087, -0.02332756
-0.65514082, -0.25531784, -0.71102023
0.87841862, 0.47363907
0.00331246, 0.00526853, -0.01765897
-0.55696279, -0.31015962, -0.77040923
0.87659669, 0.48732752
2.009e-05, 0.00468958, -0.00467416
-0.97906429, -0.19739372, 0.04910428
0.57834846, 0.23870826
0.00173869, 0.0052243, -0.01607543
-0.84273809, -0.08590961, -0.5314188
0.61367273, 0.2391988
0.00065143, 0.00516505, -0.01395406
-0.92019409, -0.11035493, -0.37549973
0.60688579, 0.23923373
0.01313953, 0.01142426, 0.01033094
0.71611685, -0.10672323, 0.68974882
0.20428625, 0.74718332
0.00331246, 0.00526853, -0.01765897
-0.55696279, -0.31015962, -0.77040923
0.61895472, 0.23912704
-1.552e-05, 0.00483785, -0.00998248
-0.96667379, -0.21948913, -0.13165686
0.59455127, 0.23878598
0.01062075, 0.00516861, -0.01408195
0.88335824, -0.13605152, -0.44846949
0.27904606, 0.76084018
0.01177342, 0.004289, 0.00966653
0.74199653, 0.01611377, 0.67015594
0.81031793, 0.47086364
0.00950852, 0.00522721, -0.01617959
0.87347025, -0.09976501, -0.47648549
0.28573087, 0.76089044
0.00844544, 0.00526853, -0.01765897
0.61778617, -0.30970183, -0.72276986
0.86085802, 0.48732746
0.00587181, -0.08866925, -0.00707176
0.0, -0.14899136, -0.98883021
0.86875337, 0.67229319
0.01177342, 0.004289, 0.00966653
0.74199653, 0.01611377, 0.67015594
0.20613521, 0.76153108
0.01176628, -0.0894427, 0.01286793
0.99996948, -9.156e-05, -9.156e-05
0.18960208, 0.94821723
0.00173155, -0.08874317, -0.00442551
-0.80373549, -0.08944975, -0.58818322
0.5713504, 0.05235577
0.00064428, -0.08880244, -0.00230413
-0.94674522, -0.04858547, -0.31818599
0.56456345, 0.05239064
-1.553e-05, 0.004289, 0.00966653
-0.74199653, 0.01617481, 0.67018646
0.77417094, 0.47086424
0.01176628, -0.09033553, 0.04483229
0.718894, 0.27533799, 0.6382336
0.8103078, 0.66805187
1.295e-05, -0.08927811, 0.00697574
-0.99996948, 0.00015259, 0.00042726
0.53602618, 0.05186486
-2.267e-05, -0.0894427, 0.01286793
-0.99996948, -0.00036622, -0.00308237
0.51801991, 0.05178303
0.00330532, -0.08869895, -0.0060091
-0.54972988, -0.12518692, -0.82589191
0.87662303, 0.67217478
-2.267e-05, -0.08912983, 0.00166744
-0.99652088, -0.01275674, -0.0822779
0.55222899, 0.05194259
0.00330532, -0.08869895, -0.0060091
-0.54972988, -0.12518692, -0.82589191
0.57663256, 0.052284
0.01061361, -0.08879886, -0.00243202
0.91689807, -0.06006043, -0.39454329
0.23668033, 0.94764806
0.01176628, -0.08911352, 0.00108357
0.98638874, -0.0253914, -0.16226691
0.22563449, 0.94804677
0.00950137, -0.08874028, -0.00452966
0.84548479, -0.08038575, -0.52787864
0.24336514, 0.94769837
0.0084383, -0.08869895, -0.0060091
0.61375773, -0.11844233, -0.78054142
0.24814773, 0.94775402
-2.267e-05, -0.09033553, 0.04483229
-0.71886349, 0.27546006, 0.63820308
0.42039281, 0.05132794
0.00022323, 0.07876395, 0.04430633
-0.66890466, -0.2826319, 0.68745995
0.84919, 0.37671536
0.01153466, 0.08729472, 0.04781377
0.66869104, -0.154149, 0.72737813
0.81450647, 0.3924821
0.00022322, 0.08729472, 0.04781377
-0.66869104, -0.154149, 0.72737813
0.84918934, 0.39248186
0.01313951, 0.07876395, 0.04430633
0.71437728, 0.64513075, 0.27100438
0.10532112, 0.61156774
0.01313951, 0.0556457, 0.03863188
0.74422437, -0.61143833, -0.26877651
0.1209947, 0.65787882
0.01313952, 0.06877951, 0.02679442
1.0, 0.0, 0.0
0.15811183, 0.63218954
0.01153466, 0.11319145, 0.04378892
0.80538344, -0.40974152, -0.42829677
0.90124643, 0.75053321
0.01153466, 0.11419199, 0.04527749
0.62834561, 0.52687156, 0.57228309
0.89592332, 0.74968883
0.01153466, 0.10559136, 0.04831869
0.66820276, 0.11569567, 0.73491621
0.89629221, 0.76788491
0.01153466, 0.10559136, 0.04831869
0.66820276, 0.11569567, 0.73491621
0.81450647, 0.42841095
0.00022322, 0.10559136, 0.04831869
-0.66820276, 0.11569567, 0.73491621
0.84918934, 0.42841071
-0.00138163, 0.08656216, 0.02729114
-0.85451829, 0.2743614, 0.44099247
0.8145079, 0.44629192
0.01313952, 0.08656216, 0.02729114
0.85451829, 0.2743614, 0.44099247
0.85903233, 0.4462871
0.00022322, 0.08729472, 0.04781377
-0.66869104, -0.154149, 0.72737813
0.93568987, 0.54155806
0.00022322, 0.10559136, 0.04831869
-0.66820276, 0.11569567, 0.73491621
0.91493422, 0.57546398
0.00022323, 0.10521792, 0.04684457
-0.75386822, -0.11056856, -0.6476028
0.91954941, 0.57578021
0.01153466, 0.11419199, 0.04527749
0.62834561, 0.52687156, 0.57228309
0.81450713, 0.4462871
0.00022322, 0.11419199, 0.04527749
-0.62834561, 0.52687156, 0.57228309
0.85903239, 0.40883106
0.01153466, 0.12195803, 0.02800245
0.59779656, 0.73113191, 0.32868436
0.89371526, 0.37284553
0.00022323, 0.12195803, 0.02800245
-0.59779656, 0.73113191, 0.32868436
0.85903245, 0.37284976
0.01153466, 0.11319145, 0.04378892
0.80538344, -0.40974152, -0.42829677
0.87841862, 0.50024393
0.00022323, 0.12007683, 0.02795909
-0.77999204, -0.57380903, -0.24958037
0.91310143, 0.46800172
0.01153466, 0.12007683, 0.02795909
0.77999204, -0.57380903, -0.24958037
0.87841862, 0.46800208
0.01153466, 0.10521792, 0.04684457
0.75386822, -0.11056856, -0.6476028
0.89592433, 0.83066024
0.00022323, 0.11319145, 0.04378892
-0.80538344, -0.40974152, -0.42829677
0.93060613, 0.81532058
0.01153466, 0.11319145, 0.04378892
0.80538344, -0.40974152, -0.42829677
0.89592332, 0.81532043
0.01153466, 0.08754834, 0.04635409
0.75322735, 0.1447798, -0.64162111
0.89592433, 0.86586662
0.00022323, 0.10521792, 0.04684457
-0.75386822, -0.11056856, -0.6476028
0.93060714, 0.83066036
0.01153466, 0.07964466, 0.04286108
0.73482466, 0.27414778, -0.62031925
0.89592332, 0.88216135
0.00022323, 0.08754834, 0.04635409
-0.75322735, 0.1447798, -0.64162111
0.93060714, 0.86586674
-0.00138163, 0.08656216, 0.02729114
-0.85451829, 0.2743614, 0.44099247
0.85903245, 0.55240479
0.00844149, 0.37998566, -0.01545634
0.5749687, -0.81707203, 0.04162725
0.31077895, 0.01400328
0.00904023, 0.38677302, -0.01377822
0.65556812, 0.71575058, -0.24063845
0.30599436, 0.00036275
-6.5e-06, 0.38013747, -0.00634334
-0.65480512, 0.01162755, -0.75569934
0.9306072, 0.85335708
0.00331638, 0.38661057, -0.00796284
-0.37720877, 0.92333752, -0.0717185
0.94079626, 0.86595419
0.00331638, 0.37983829, -0.00806872
-0.98770106, -0.0029603, 0.15619373
0.94079626, 0.85247427
-6.51e-06, 0.37980878, 0.00542294
-0.53444016, 0.61763358, 0.57692188
0.72186494, 0.4601472
-0.00244433, 0.38655028, -0.0003598
-0.76543474, 0.64143801, 0.05108798
0.70147759, 0.47159255
-0.00244433, 0.37997311, -0.00286755
-0.97592092, 0.10171819, -0.1929075
0.72184157, 0.47616965
0.0142022, 0.37997311, -0.0004602
0.99075288, 0.13562426, 0.00192267
0.72163129, 0.49602383
0.01176437, 0.38638595, 0.00552334
0.54661703, 0.62187564, 0.56071657
0.7017535, 0.50713837
0.01176437, 0.37980878, 0.00542294
0.52592546, 0.6057924, 0.59697258
0.72190726, 0.50734237
-6.5e-06, 0.38671461, -0.00624295
-0.51503038, 0.68706322, -0.51246679
0.70170712, 0.48373103
-6.5e-06, 0.38013747, -0.00634334
-0.65480512, 0.01162755, -0.75569934
0.72186506, 0.48352849
-6.51e-06, 0.37980878, 0.00542294
-0.53444016, 0.61763358, 0.57692188
0.70281172, 0.50734237
0.00587893, 0.38631785, 0.00796022
0.0, 0.61635184, 0.78743857
0.72136664, 0.51908341
-6.51e-06, 0.38638595, 0.00552334
-0.54661703, 0.62187564, 0.56071657
0.72270089, 0.50734249
0.00331638, 0.38661057, -0.00796284
-0.37720877, 0.92333752, -0.0717185
0.61680251, 0.99974264
0.00140818, 0.38668475, -0.01061817
-0.7853328, 0.6100955, 0.1048616
0.62437242, 0.99989483
0.00587894, 0.3798641, -0.01519784
-0.00018311, -0.78142643, -0.6239509
0.72413528, 0.45122874
0.00904023, 0.38014811, -0.0212717
0.55149996, -0.61351359, -0.56514174
0.70549148, 0.45753503
0.00844149, 0.37998566, -0.01545634
0.5749687, -0.81707203, 0.04162725
0.72332442, 0.45634067
0.00844149, 0.38681689, -0.01534887
0.55116427, 0.82873011, 0.09692679
0.95696884, 0.48385644
0.00587894, 0.38701591, -0.02247314
0.0, 0.64720601, -0.76229131
0.95395744, 0.46892333
0.00331638, 0.38681689, -0.01534887
-0.55116427, 0.82873011, 0.0969573
0.9416191, 0.48166633
0.00271764, 0.38677302, -0.01377822
-0.65556812, 0.71575058, -0.24063845
0.63439465, 0.99986142
0.01176437, 0.37980878, 0.00542294
0.52592546, 0.6057924, 0.59697258
0.70281184, 0.53082356
0.00587893, 0.37974072, 0.00785982
0.0, -0.01525925, 0.99987793
0.70147759, 0.51908329
0.01034968, 0.38668475, -0.01061817
0.7853328, 0.6100955, 0.1048616
0.29601306, 0.00031358
0.01176438, 0.38013747, -0.00634334
0.73070467, 0.01052889, -0.68257695
0.72190726, 0.48393506
0.0142022, 0.38655028, -0.0003598
0.7709586, 0.63673818, 0.01300089
0.70147759, 0.49581981
0.00844149, 0.38661057, -0.00796284
0.37720877, 0.92333752, -0.0717185
0.28835884, 0.00049025
0.00140818, 0.38005984, -0.01811161
-0.78545487, -0.61412394, 0.07669301
0.64676744, 0.98637734
0.00331638, 0.38681689, -0.01534887
-0.55116427, 0.82873011, 0.0969573
0.63936126, 0.99984786
0.00140818, 0.38689107, -0.01800415
-0.7853328, 0.6100955, 0.10489212
0.64693099, 1.0
0.00587894, 0.38018468, -0.02258066
0.0, -0.60814232, -0.79381692
0.90340799, 0.40883106
0.00271764, 0.38697934, -0.02116418
-0.54966885, 0.64217049, -0.53425705
0.91310149, 0.39508772
0.00587894, 0.38701591, -0.02247314
0.0, 0.64720601, -0.76229131
0.90340799, 0.39523363
0.00904023, 0.38697934, -0.02116418
0.54966885, 0.64217049, -0.53425705
0.89371532, 0.39508772
0.00904023, 0.38014811, -0.0212717
0.55149996, -0.61351359, -0.56514174
0.89371532, 0.40868515
0.00271764, 0.38014811, -0.0212717
-0.55149996, -0.61351359, -0.56514174
0.65678978, 0.98634393
0.00271764, 0.38697934, -0.02116418
-0.54966885, 0.64217049, -0.53425705
0.65695316, 0.99996659
0.00904023, 0.38014811, -0.0212717
0.55149996, -0.61351359, -0.56514174
0.32841441, 0.01387584
0.01034969, 0.38689107, -0.01800415
0.7853328, 0.6100955, 0.10489212
0.31859672, 0.00020683
0.01034969, 0.38005984, -0.01811161
0.78545487, -0.61412394, 0.07669301
0.31843299, 0.01382649
0.00844149, 0.38681689, -0.01534887
0.55116427, 0.82873011, 0.09692679
0.31094271, 0.00038356
0.00331638, 0.37998566, -0.01545634
-0.5749687, -0.81707203, 0.04162725
0.63919765, 0.98622526
0.00271765, 0.01551831, -0.02324685
-0.85332805, -0.18506424, -0.48738059
0.87841862, 0.46788579
0.00587895, 0.01650686, -0.02452916
0.0, 0.86236155, -0.50624102
0.86872512, 0.46613485
0.00587895, 0.01650686, -0.02452916
0.0, 0.86236155, -0.50624102
0.72086418, 0.55077842
0.00271765, 0.01551831, -0.02324685
-0.85332805, -0.18506424, -0.48738059
0.72511113, 0.55708572
0.00904025, 0.01551831, -0.02324685
0.85332805, -0.18506424, -0.48738059
0.72511113, 0.54447305
0.00904025, 0.01551831, -0.02324685
0.85332805, -0.18506424, -0.48738059
0.85903239, 0.46788573
0.00904025, 0.02945565, -0.0228575
0.87847531, 0.21744438, -0.42539752
0.72509223, 0.54447308
0.00271765, 0.02945565, -0.0228575
-0.87847531, 0.21744438, -0.42539752
0.72509223, 0.53186041
0.00587895, 0.02785387, -0.02421216
0.0, -0.90322578, -0.42912075
0.72086418, 0.53816652
0.00271765, 0.02144598, -0.02969175
-0.6684469, 0.16577655, -0.72502822
0.65667737, 0.27091408
0.00904025, 0.02144598, -0.02969175
0.6684469, 0.16577655, -0.72502822
0.70147759, 0.54751503
0.00271765, 0.01664848, -0.02989523
-0.58424634, -0.51029998, -0.63103122
0.72086418, 0.55708545
0.00271765, 0.02144598, -0.02969175
-0.6684469, 0.16577655, -0.72502822
0.72086382, 0.5475148
0.00904025, 0.02945565, -0.0228575
0.87847531, 0.21744438, -0.42539752
0.9328084, 0.95292709
0.00271765, 0.02954892, -0.02619701
-0.59993285, 0.67445904, -0.43024996
0.94301546, 0.94031411
0.00271765, 0.02945565, -0.0228575
-0.87847531, 0.21744438, -0.42539752
0.93280846, 0.94031443
0.00271765, 0.01551831, -0.02324685
-0.85332805, -0.18506424, -0.48738059
0.91310149, 0.3954702
0.00904025, 0.01664848, -0.02989523
0.58424634, -0.51029998, -0.63103122
0.93248773, 0.408831
0.00904025, 0.01551831, -0.02324685
0.85332805, -0.18506424, -0.48738059
0.93248773, 0.39547014
0.00904025, 0.01551831, -0.02324685
0.85332805, -0.18506424, -0.48738059
0.30818129, 0.74070436
0.00904025, 0.02144598, -0.02969175
0.6684469, 0.16577655, -0.72502822
0.32830158, 0.72915548
0.00271765, 0.02954892, -0.02619701
-0.59993285, 0.67445904, -0.43024996
0.72086418, 0.53082365
0.00904025, 0.02954892, -0.02619701
0.59993285, 0.67445904, -0.43024996
0.70147794, 0.53082392
0.00271764, 0.17106842, -0.0177829
-0.70815152, 0.01907407, -0.70577103
0.63109565, 0.56968337
0.00140819, 0.28686628, -0.01250478
-0.98449659, -0.17426069, 0.01904355
0.62294781, 0.80082624
0.00271764, 0.28695455, -0.01566488
-0.31342509, -0.31681263, -0.89519942
0.63297015, 0.80079283
0.00140819, 0.28686628, -0.01250478
-0.98449659, -0.17426069, 0.01904355
0.70147759, 0.55708572
-0.00545323, 0.30101025, -0.01714613
-0.77681816, 0.58476514, 0.23349711
0.72251695, 0.58637503
-0.00545323, 0.28700686, -0.01753728
-0.77684867, -0.59688103, 0.20050661
0.72251695, 0.55887818
-0.00545323, 0.28700686, -0.01753728
-0.77684867, -0.59688103, 0.20050661
0.93296582, 0.69328713
-0.00414378, 0.30109826, -0.02030618
-0.22193059, 0.58766443, -0.77803886
0.92294395, 0.66541693
-0.00414378, 0.28709513, -0.02069732
-0.22193059, -0.54335153, -0.80962557
0.92294395, 0.69334891
0.00271764, 0.28695455, -0.01566488
-0.31342509, -0.31681263, -0.89519942
0.9306072, 0.83229545
-0.00545323, 0.28700686, -0.01753728
-0.77684867, -0.59688103, 0.20050661
0.94079572, 0.81694308
-0.00414378, 0.28709513, -0.02069732
-0.22193059, -0.54335153, -0.80962557
0.93060732, 0.81532042
-0.00414378, 0.28709513, -0.02069732
-0.22193059, -0.54335153, -0.80962557
0.72955757, 0.81429724
-0.00414378, 0.30109826, -0.02030618
-0.22193059, 0.58766443, -0.77803886
0.72955757, 0.84219855
0.00271764, 0.30095765, -0.01527373
-0.42616045, 0.36140019, -0.82931
0.94077355, 0.85087413
-0.00545323, 0.30101025, -0.01714613
-0.77681816, 0.58476514, 0.23349711
0.93060726, 0.83551829
0.00140818, 0.30086967, -0.01211363
-0.97579885, 0.18503372, 0.11633655
0.9306072, 0.85247427
0.00587893, 0.37981278, 0.01348944
-0.0003357, 0.67598498, 0.73686939
0.69313937, 0.5869444
-0.00592064, 0.17053132, 0.01209917
-0.61879331, -0.58238471, 0.5271157
0.65695316, 0.99922785
0.00587894, 0.17044736, 0.01411358
-0.00039674, -0.67226171, 0.74025697
0.69313318, 1.0
0.01775848, 0.17053132, 0.01209917
0.62254709, -0.58201849, 0.52311778
0.72955757, 0.99922782
-6.51e-06, 0.37980878, 0.00542294
-0.53444016, 0.61763358, 0.57692188
0.92294395, 0.70759839
-0.00244433, 0.38004518, 0.00807707
0.26783043, 0.94982755, 0.16138187
0.92922127, 0.70175967
-0.00454552, 0.37988085, 0.0120444
-0.58873254, 0.61470383, 0.52488786
0.93389654, 0.69334888
0.01775848, 0.17053132, -0.00652151
0.71877193, -0.63182467, -0.28995636
0.85903239, 0.42501658
0.00587894, 0.17044736, 0.01411358
-0.00039674, -0.67226171, 0.74025697
0.89545733, 0.46613485
-0.00621265, 0.17053132, -0.00574175
-0.72545546, -0.63283181, -0.27054659
0.93253213, 0.42657
0.01176437, 0.37980878, 0.00542294
0.52592546, 0.6057924, 0.59697258
0.92294395, 0.63078055
0.0142022, 0.38004518, 0.00807707
-0.2793054, 0.94457841, 0.17242958
0.92892385, 0.63675103
0.0142022, 0.37997311, -0.0004602
0.99075288, 0.13562426, 0.00192267
0.93341279, 0.62009811
0.01775848, 0.17053132, 0.01209917
0.62254709, -0.58201849, 0.52311778
0.20922022, 0.42965782
0.01638332, 0.37988085, -0.00340538
0.72209847, 0.64241463, -0.25650808
0.27201331, 0.0131399
0.01638332, 0.37988085, 0.0120444
0.5836665, 0.61378825, 0.53154087
0.22480443, 0.01250315
-0.00592064, 0.17053132, 0.01209917
-0.61879331, -0.58238471, 0.5271157
0.53740484, 0.57036856
-0.00421881, 0.37988085, -0.00390765
-0.71810055, 0.6440016, -0.26374096
0.60180807, 0.98694629
-0.00621265, 0.17053132, -0.00574175
-0.72545546, -0.63283181, -0.27054659
0.59177691, 0.56964666
0.01775848, 0.17053132, -0.00652151
0.71877193, -0.63182467, -0.28995636
0.26611823, 0.43042523
0.01176628, -0.09033553, 0.04483229
0.718894, 0.27533799, 0.6382336
0.09186637, 0.94867939
0.01176357, -0.11545742, 0.01755144
0.70644248, -0.70754111, -0.01779229
0.17341748, 0.99987457
0.01176357, -0.11512823, 0.00576709
0.71523178, -0.6855678, -0.13562426
0.87841862, 0.51653665
-2.538e-05, -0.11514454, 0.00635096
-0.71285135, -0.69609666, -0.08514664
0.91456562, 0.51770157
0.01061089, -0.11481357, 0.00225149
0.64531386, -0.69759208, -0.3112888
0.88195294, 0.50950059
0.01176232, -0.11529282, 0.01165925
0.70699179, -0.70690024, -0.01974548
0.19143403, 0.99978947
-2.267e-05, -0.09033553, 0.04483229
-0.71886349, 0.27546006, 0.63820308
0.7741608, 0.66805246
0.01176357, -0.11635024, 0.05768716
0.55613881, -0.44639423, 0.70097965
0.81030339, 0.72322363
0.0084383, -0.08869895, -0.0060091
0.61375773, -0.11844233, -0.78054142
0.86088443, 0.67217469
0.00586909, -0.11468396, -0.00238824
0.0, -0.68578142, -0.72777492
0.86876339, 0.72322422
0.00172883, -0.11475788, 0.00025801
-0.57097077, -0.70540482, -0.41993469
0.5551824, 0.00068909
0.00064157, -0.11481716, 0.00237938
-0.68803978, -0.68013549, -0.25293741
0.54839545, 0.00072402
1.024e-05, -0.11529282, 0.01165925
-0.70564896, -0.70824307, -0.0201117
0.51985818, 0.00019819
-2.538e-05, -0.11545742, 0.01755144
-0.70696127, -0.70693076, -0.01959288
0.50185192, 0.00011641
0.0033026, -0.11471367, -0.00132558
-0.39115575, -0.71031833, -0.58516192
0.87663305, 0.72310582
0.0033026, -0.11471367, -0.00132558
-0.39115575, -0.71031833, -0.58516192
0.56046456, 0.00061733
-2.538e-05, -0.11514454, 0.00635096
-0.71285135, -0.69609666, -0.08514664
0.53606093, 0.00027591
0.01061089, -0.11481357, 0.00225149
0.64531386, -0.69759208, -0.3112888
0.22049575, 0.9993054
0.00949866, -0.114755, 0.00015385
0.58320874, -0.72008425, -0.37586597
0.22718054, 0.99935573
0.01176357, -0.11512823, 0.00576709
0.71523178, -0.6855678, -0.13562426
0.20944989, 0.99970414
0.00843559, -0.11471367, -0.00132558
0.45115513, -0.69292277, -0.5623951
0.23196313, 0.99941139
-2.538e-05, -0.11635024, 0.05768716
-0.55619985, -0.44636372, 0.70097965
0.37928393, 0.0
0.00587893, 0.4306787, -0.00055936
0.0, 0.6506241, -0.75936157
0.97789675, 0.75449604
0.00844149, 0.37983829, -0.00806872
0.98773158, -0.00326548, 0.15601063
0.94079524, 0.88216147
0.00271764, 0.28695455, -0.01566488
-0.31342509, -0.31681263, -0.89519942
0.75059432, 0.81485829
0.00271764, 0.17106842, -0.0177829
-0.70815152, 0.01907407, -0.70577103
0.7505939, 0.58414054
0.00271764, 0.17089188, -0.01146271
-0.99899286, 0.00427259, -0.04406873
0.61179221, 0.56959337
0.00347098, 0.43051639, 0.0052517
-0.54881436, 0.61543626, 0.5656606
0.92294395, 0.65646142
0.00587893, 0.43048853, 0.00624869
0.0, 0.60942411, 0.79280984
0.92294407, 0.66165805
0.00828688, 0.43051639, 0.0052517
0.54878384, 0.61543626, 0.56569111
0.92857754, 0.66534176
0.00928428, 0.43058363, 0.00284468
0.77636033, 0.63002414, 0.01705985
0.9365446, 0.66535467
0.00347098, 0.43065089, 0.00043767
-0.54911953, 0.64461195, -0.53187656
0.93654466, 0.65280882
0.00828688, 0.43051639, 0.0052517
0.54878384, 0.61543626, 0.56569111
1.0, 0.57446253
0.00347098, 0.43065089, 0.00043767
-0.54911953, 0.64461195, -0.53187656
0.97051388, 0.38962787
0.00828688, 0.43065089, 0.00043767
0.54911953, 0.64461195, -0.53187656
0.97051388, 0.7543398
0.00347098, 0.43051639, 0.0052517
-0.54881436, 0.61543626, 0.5656606
0.9852336, 0.57446271
0.01313952, 0.17127681, 0.01479611
0.59843743, 0.64491713, 0.47532579
0.81450802, 0.72322422
0.00271765, 0.01263087, -0.02332756
-0.65514082, -0.25531784, -0.71102023
0.63661802, 0.25360477
-0.00138162, 0.01212039, -0.01459107
-0.75746942, -0.14383374, -0.6367687
0.95794541, 0.93658523
0.00904024, 0.17089188, -0.01146271
0.99896234, 0.00570696, -0.04486221
0.95794553, 0.93623419
0.01034968, 0.37991247, -0.010724
0.94555497, 0.3213599, -0.05139317
0.70262003, 0.3852002
0.00140818, 0.37991247, -0.010724
-0.94552445, 0.32139042, -0.05145421
0.6752038, 0.3852002
-0.00454552, 0.37988085, 0.0120444
-0.58873254, 0.61470383, 0.52488786
0.65695316, 0.43034029
0.01638332, 0.37988085, 0.0120444
0.5836665, 0.61378825, 0.53154087
0.72112471, 0.43034029
0.01313953, 0.04213935, 0.01118889
0.78762168, -0.21546067, 0.5771966
0.20387742, 0.68592942
0.01313952, 0.17127681, 0.01479611
0.59843743, 0.64491713, 0.47532579
0.20215833, 0.42839563
0.01313952, 0.13097154, 0.02853161
0.66930145, 0.11120945, 0.73461103
0.15728402, 0.50816241
0.01313952, 0.08656216, 0.02729114
0.85451829, 0.2743614, 0.44099247
0.15787511, 0.5967263
-0.00138163, 0.17127681, 0.01479611
-0.59843743, 0.64491713, 0.47529528
0.5305115, 0.57169461
-0.00138163, 0.13097154, 0.02853161
-0.66930145, 0.11120945, 0.73461103
0.48568714, 0.49191439
-0.00138162, 0.04213935, 0.01118889
-0.78762168, -0.21546067, 0.5771966
0.53222883, 0.31410664
-0.00138163, 0.08656216, 0.02729114
-0.85451829, 0.2743614, 0.44099247
0.48627761, 0.40333188
0.01313952, 0.17127681, 0.01479611
0.59843743, 0.64491713, 0.47532579
0.70147759, 0.45391494
0.01313952, 0.17156754, 0.00438961
0.85949278, 0.4697409, 0.20136112
0.70147759, 0.4332214
-0.00138163, 0.17127681, 0.01479611
-0.59843743, 0.64491713, 0.47529528
0.65695316, 0.45391345
-0.00015189, 0.17127681, 0.01479611
-0.23175757, 0.93508714, 0.26804405
0.85526186, 0.72322419
-0.00015189, 0.17467377, 0.08200215
-0.58101135, 0.62205875, 0.52479631
0.66073322, 0.58637384
0.01188567, 0.17467377, 0.08200215
0.58101135, 0.62205875, 0.52479631
0.93253219, 0.46613485
0.01188567, 0.17127681, 0.01479611
0.23175757, 0.93508714, 0.26804405
0.76998085, 0.86152284
-0.00015189, 0.13461868, 0.08678048
-0.5744499, -0.52400279, 0.62880337
0.89592326, 0.72322419
0.01313953, 0.04213935, 0.01118889
0.78762168, -0.21546067, 0.5771966
0.81450528, 0.39668125
0.01313951, 0.0482486, 0.05012411
0.68465227, -0.65016633, -0.32932523
0.92294359, 0.66090381
0.01313951, 0.04055405, 0.07021097
0.5816828, -0.75554675, 0.30121768
0.97733277, 0.99999918
0.01313951, 0.06568483, 0.07846581
0.5836665, 0.37314981, 0.72115237
0.97733319, 0.95292709
-0.00138162, 0.05169228, 0.01901939
-0.75640124, -0.50975066, 0.40980256
0.50901568, 0.33347517
-0.00138162, 0.05606809, 0.02763099
-0.73628956, -0.6367687, 0.22879727
0.48304594, 0.34255534
-0.00138162, 0.06568483, 0.07846581
-0.5836665, 0.37314981, 0.72115237
0.32857803, 0.36383343
-0.00138162, 0.0482486, 0.05012411
-0.68465227, -0.65016633, -0.32932523
0.41382888, 0.32789928
-0.00138162, 0.04055405, 0.07021097
-0.5816828, -0.75554675, 0.30121768
0.35196534, 0.31339252
-0.00138162, 0.04878557, 0.07414903
-0.68568987, -0.24829859, 0.68419445
0.34053779, 0.32996547
-0.00138162, 0.0572008, 0.03270117
-0.7642445, -0.64479506, -0.01181066
0.46765205, 0.34502357
-0.00138162, 0.06568483, 0.07846581
-0.5836665, 0.37314981, 0.72115237
0.81450796, 0.55240479
0.01153466, 0.07876395, 0.04430633
0.66890466, -0.2826319, 0.68745995
0.81450713, 0.3767156
0.01313951, 0.05169228, 0.01901939
0.75640124, -0.50975066, 0.40980256
0.18063848, 0.66656667
0.01313951, 0.05606809, 0.02763099
0.73628956, -0.6367687, 0.22879727
0.15463981, 0.65749028
0.01313951, 0.0572008, 0.03270117
0.7642445, -0.64479506, -0.01181066
0.13922881, 0.65502372
0.01313951, 0.06568483, 0.07846581
0.5836665, 0.37314981, 0.72115237
0.0, 0.63622808
0.01313951, 0.04878557, 0.07414903
0.68568987, -0.24829859, 0.68419445
0.01197305, 0.67008805
0.01313951, 0.0482486, 0.05012411
0.68465227, -0.65016633, -0.32932523
0.08534576, 0.67214844
0.01313951, 0.04055405, 0.07021097
0.5816828, -0.75554675, 0.30121768
0.02341334, 0.68665671
0.01153466, 0.07876395, 0.04430633
0.66890466, -0.2826319, 0.68745995
0.93613011, 0.81532043
0.01153466, 0.07964466, 0.04286108
0.73482466, 0.27414778, -0.62031925
0.9393419, 0.81267406
0.01153466, 0.08754834, 0.04635409
0.75322735, 0.1447798, -0.64162111
0.92098206, 0.80029498
0.01153466, 0.08729472, 0.04781377
0.66869104, -0.154149, 0.72737813
0.91706645, 0.80177772
0.01153466, 0.12007683, 0.02795909
0.77999204, -0.57380903, -0.24958037
0.9393419, 0.72671491
0.01153466, 0.12195803, 0.02800245
0.59779656, 0.73113191, 0.32868436
0.93723047, 0.72322422
0.01153466, 0.10521792, 0.04684457
0.75386822, -0.11056856, -0.6476028
0.90091151, 0.76756573
0.00022323, 0.07964466, 0.04286108
-0.73482466, 0.27414778, -0.62031925
0.95794535, 0.53064752
0.00022323, 0.07876395, 0.04430633
-0.66890466, -0.2826319, 0.68745995
0.95473641, 0.52800325
0.00022323, 0.08754834, 0.04635409
-0.75322735, 0.1447798, -0.64162111
0.93960196, 0.54303831
0.00022322, 0.11419199, 0.04527749
-0.62834561, 0.52687156, 0.57228309
0.91456568, 0.59366021
0.00022323, 0.12195803, 0.02800245
-0.59779656, 0.73113191, 0.32868436
0.95583588, 0.62009811
0.00022323, 0.11319145, 0.04378892
-0.80538344, -0.40974152, -0.42829677
0.91988403, 0.59281236
0.00022323, 0.12007683, 0.02795909
-0.77999204, -0.57380903, -0.24958037
0.95794535, 0.61660615
0.00022322, 0.11419199, 0.04527749
-0.62834561, 0.52687156, 0.57228309
0.84919, 0.44628686
0.01153466, 0.11419199, 0.04527749
0.62834561, 0.52687156, 0.57228309
0.89371526, 0.40882683
0.00022323, 0.11319145, 0.04378892
-0.80538344, -0.40974152, -0.42829677
0.91310143, 0.5002436
0.00022323, 0.07964466, 0.04286108
-0.73482466, 0.27414778, -0.62031925
0.93060613, 0.88216147
0.01313952, 0.08656216, 0.02729114
0.85451829, 0.2743614, 0.44099247
0.81450802, 0.55240482
-6.5e-06, 0.38671461, -0.00624295
-0.51503038, 0.68706322, -0.51246679
0.9306072, 0.86644818
-6.51e-06, 0.38638595, 0.00552334
-0.54661703, 0.62187564, 0.56071657
0.70170695, 0.46034974
0.00271764, 0.37994179, -0.01388574
-0.83346051, -0.12689596, -0.53776664
0.72814089, 0.44492239
0.00331638, 0.37998566, -0.01545634
-0.5749687, -0.81707203, 0.04162725
0.72332442, 0.44611681
0.00140818, 0.38005984, -0.01811161
-0.78545487, -0.61412394, 0.07669301
0.71518213, 0.44231021
0.00271764, 0.38014811, -0.0212717
-0.55149996, -0.61351359, -0.56514174
0.70549154, 0.44492239
0.00587894, 0.38018468, -0.02258066
0.0, -0.60814232, -0.79381692
0.70147759, 0.45122874
0.01034969, 0.38005984, -0.01811161
0.78545487, -0.61412394, 0.07669301
0.71518213, 0.4601472
0.00904023, 0.37994179, -0.01388574
0.83352154, -0.12652974, -0.53773612
0.72814089, 0.45753503
-0.00244433, 0.38655028, -0.0003598
-0.76543474, 0.64143801, 0.05108798
0.91456568, 0.50828582
-6.51e-06, 0.38638595, 0.00552334
-0.54661703, 0.62187564, 0.56071657
0.9180159, 0.52075484
0.00331638, 0.38661057, -0.00796284
-0.37720877, 0.92333752, -0.0717185
0.93678433, 0.49601275
0.00587893, 0.38631785, 0.00796022
0.0, 0.61635184, 0.78743857
0.93404764, 0.52800328
0.01176437, 0.38638595, 0.00552334
0.54661703, 0.62187564, 0.56071657
0.95326966, 0.52578491
0.00844149, 0.38661057, -0.00796284
0.37720877, 0.92333752, -0.0717185
0.95213407, 0.49820292
0.0142022, 0.38655028, -0.0003598
0.7709586, 0.63673818, 0.01300089
0.96442199, 0.51539937
0.01176438, 0.38671461, -0.00624295
0.54664755, 0.67146826, -0.5002594
0.96097177, 0.50293028
0.01034968, 0.38668475, -0.01061817
0.7853328, 0.6100955, 0.1048616
0.95958722, 0.4938606
0.00904023, 0.38677302, -0.01377822
0.65556812, 0.71575058, -0.24063845
0.95773399, 0.48716301
0.01034969, 0.38689107, -0.01800415
0.7853328, 0.6100955, 0.10489212
0.96442199, 0.47951436
0.00904023, 0.38697934, -0.02116418
0.54966885, 0.64217049, -0.53425705
0.9625687, 0.47281677
-6.5e-06, 0.38671461, -0.00624295
-0.51503038, 0.68706322, -0.51246679
0.92571795, 0.49790031
0.00271764, 0.38677302, -0.01377822
-0.65556812, 0.71575058, -0.24063845
0.93879777, 0.48446125
0.00140818, 0.38668475, -0.01061817
-0.7853328, 0.6100955, 0.1048616
0.93280745, 0.49003971
0.00271764, 0.38697934, -0.02116418
-0.54966885, 0.64217049, -0.53425705
0.94363254, 0.47011495
0.00140818, 0.38689107, -0.01800415
-0.7853328, 0.6100955, 0.10489212
0.93764216, 0.47569346
0.01176437, 0.38638595, 0.00552334
0.54661703, 0.62187564, 0.56071657
0.72270089, 0.53082365
0.01176438, 0.38671461, -0.00624295
0.54664755, 0.67146826, -0.5002594
0.70175356, 0.48373103
0.00271764, 0.38014811, -0.0212717
-0.55149996, -0.61351359, -0.56514174
0.91310149, 0.40868527
0.00904023, 0.38697934, -0.02116418
0.54966885, 0.64217049, -0.53425705
0.328578, 0.000256
0.00271765, 0.01664848, -0.02989523
-0.58424634, -0.51029998, -0.63103122
0.65695322, 0.26134175
0.00271765, 0.02954892, -0.02619701
-0.59993285, 0.67445904, -0.43024996
0.64659369, 0.28721231
0.00904025, 0.01664848, -0.02989523
0.58424634, -0.51029998, -0.63103122
0.70147794, 0.55708572
0.00904025, 0.02954892, -0.02619701
0.59993285, 0.67445904, -0.43024996
0.94301546, 0.95292676
0.00271765, 0.01664848, -0.02989523
-0.58424634, -0.51029998, -0.63103122
0.91310149, 0.40883106
0.00904025, 0.02954892, -0.02619701
0.59993285, 0.67445904, -0.43024996
0.3182067, 0.71286139
0.00904025, 0.01664848, -0.02989523
0.58424634, -0.51029998, -0.63103122
0.32857773, 0.73872578
0.00140818, 0.30086967, -0.01211363
-0.97579885, 0.18503372, 0.11633655
0.70147759, 0.58458257
-0.00545323, 0.30101025, -0.01714613
-0.77681816, 0.58476514, 0.23349711
0.93296582, 0.66535467
0.00140819, 0.28686628, -0.01250478
-0.98449659, -0.17426069, 0.01904355
0.94079572, 0.83391817
-0.00414378, 0.30109826, -0.02030618
-0.22193059, 0.58766443, -0.77803886
0.94077355, 0.83391817
-0.00454552, 0.37988085, 0.0120444
-0.58873254, 0.61470383, 0.52488786
0.66117585, 0.58637503
0.01638332, 0.37988085, 0.0120444
0.5836665, 0.61378825, 0.53154087
0.7253474, 0.58637503
-0.00244433, 0.37997311, -0.00286755
-0.97592092, 0.10171819, -0.1929075
0.9338966, 0.72322422
0.00140819, 0.17098016, -0.0146228
-0.94067204, -0.30246896, -0.15356913
0.90916526, 0.40883106
0.01034969, 0.17098016, -0.0146228
0.93850517, -0.30607012, -0.15967284
0.88174903, 0.40883106
0.01775848, 0.17053132, 0.01209917
0.62254709, -0.58201849, 0.52311778
0.85903257, 0.46211314
-0.00592064, 0.17053132, 0.01209917
-0.61879331, -0.58238471, 0.5271157
0.93163693, 0.46211308
0.01638332, 0.37988085, 0.0120444
0.5836665, 0.61378825, 0.53154087
0.93341279, 0.64528513
-0.00454552, 0.37988085, 0.0120444
-0.58873254, 0.61470383, 0.52488786
0.55302614, 0.98762695
0.01176357, -0.11635024, 0.05768716
0.55613881, -0.44639423, 0.70097965
0.05071311, 1.0
1.024e-05, -0.11529282, 0.01165925
-0.70564896, -0.70824307, -0.0201117
0.91445643, 0.52829206
0.01176232, -0.11529282, 0.01165925
0.70699179, -0.70690024, -0.01974548
0.87842244, 0.52829203
0.00064157, -0.11481716, 0.00237938
-0.68803978, -0.68013549, -0.25293741
0.91252065, 0.50975579
0.00172883, -0.11475788, 0.00025801
-0.57097077, -0.70540482, -0.41993469
0.9091869, 0.50552344
0.0033026, -0.11471367, -0.00132558
-0.39115575, -0.71031833, -0.58516192
0.90436149, 0.50236404
0.00586909, -0.11468396, -0.00238824
0.0, -0.68578142, -0.72777492
0.89649212, 0.50024393
0.00843559, -0.11471367, -0.00132558
0.45115513, -0.69292277, -0.5623951
0.88862282, 0.50236404
0.00949866, -0.114755, 0.00015385
0.58320874, -0.72008425, -0.37586597
0.88536322, 0.50531566
0.01176357, -0.11545742, 0.01755144
0.70644248, -0.70754111, -0.01779229
0.87841862, 0.54004744
0.01176357, -0.11635024, 0.05768716
0.55613881, -0.44639423, 0.70097965
0.87841862, 0.62009808
-2.538e-05, -0.11635024, 0.05768716
-0.55619985, -0.44636372, 0.70097965
0.91456562, 0.62009811
-2.538e-05, -0.11545742, 0.01755144
-0.70696127, -0.70693076, -0.01959288
0.91456562, 0.54004747
-2.538e-05, -0.11635024, 0.05768716
-0.55619985, -0.44636372, 0.70097965
0.77415639, 0.72322422
0.00843559, -0.11471367, -0.00132558
0.45115513, -0.69292277, -0.5623951
0.86089438, 0.72310579
# Number of Faces:
411
# Face Data:
0, 1, 2
3, 4, 5
6, 7, 8
9, 10, 11
12, 1, 13
14, 15, 16
17, 18, 19
20, 21, 22
23, 24, 25
26, 27, 23
28, 22, 29
4, 30, 31
18, 32, 19
33, 34, 35
36, 11, 37
38, 39, 36
40, 41, 42
43, 44, 45
46, 39, 47
42, 48, 49
50, 51, 52
53, 54, 55
52, 56, 57
58, 59, 60
61, 62, 63
64, 45, 65
66, 67, 62
62, 68, 63
62, 69, 70
71, 72, 73
74, 75, 76
65, 77, 78
79, 80, 81
82, 83, 84
43, 85, 86
87, 88, 89
90, 91, 92
83, 93, 84
94, 95, 96
97, 98, 99
100, 101, 102
103, 104, 105
106, 107, 108
109, 110, 111
112, 113, 88
110, 114, 115
116, 117, 118
117, 119, 118
120, 121, 122
123, 124, 125
107, 126, 127
128, 129, 130
131, 111, 113
132, 133, 134
135, 136, 137
138, 129, 139
50, 140, 136
40, 141, 142
143, 120, 64
42, 144, 141
52, 145, 140
57, 142, 145
86, 146, 61
108, 147, 106
61, 148, 74
64, 122, 43
149, 150, 129
151, 152, 120
142, 153, 154
155, 156, 147
136, 157, 158
139, 150, 159
145, 154, 160
141, 161, 153
140, 160, 157
85, 162, 146
122, 163, 85
146, 164, 148
148, 165, 75
137, 158, 166
167, 168, 169
170, 171, 172
173, 174, 175
169, 176, 177
178, 134, 179
180, 181, 182
183, 177, 176
184, 185, 186
187, 188, 189
190, 191, 192
193, 194, 190
195, 196, 193
90, 92, 197
198, 199, 69
200, 201, 202
203, 204, 205
206, 207, 208
205, 209, 210
211, 212, 213
1, 214, 215
216, 217, 218
219, 220, 221
2, 215, 222
223, 212, 224
69, 225, 70
226, 227, 206
70, 228, 68
229, 230, 231
232, 233, 234
232, 235, 236
237, 231, 238
239, 240, 241
241, 242, 198
243, 222, 230
130, 244, 245
246, 247, 248
130, 249, 128
250, 251, 252
48, 253, 49
254, 255, 256
257, 258, 259
260, 261, 262
263, 264, 66
254, 265, 266
267, 268, 269
270, 271, 272
273, 274, 275
276, 277, 278
9, 279, 280
281, 282, 283
284, 285, 286
287, 284, 286
288, 289, 290
291, 292, 293
294, 295, 296
297, 298, 299
300, 301, 302
268, 302, 301
62, 298, 303
304, 305, 152
306, 307, 308
152, 309, 121
310, 311, 156
312, 313, 150
154, 314, 315
158, 316, 317
159, 313, 318
153, 319, 314
160, 315, 320
157, 320, 316
163, 321, 162
162, 322, 164
121, 323, 163
164, 324, 165
166, 317, 325
0, 13, 1
3, 326, 4
6, 327, 7
11, 39, 328
328, 9, 11
39, 329, 328
268, 41, 330
330, 12, 268
13, 268, 12
16, 331, 332
332, 333, 334
334, 14, 16
15, 335, 16
16, 332, 334
17, 336, 18
20, 337, 21
23, 27, 24
26, 338, 27
28, 20, 22
4, 326, 30
18, 339, 32
33, 340, 34
36, 39, 11
38, 47, 39
40, 330, 41
43, 86, 44
46, 329, 39
49, 341, 42
42, 41, 48
267, 48, 41
50, 81, 51
53, 342, 54
52, 51, 56
58, 343, 59
61, 74, 62
64, 43, 45
62, 74, 66
263, 66, 74
74, 76, 263
62, 70, 68
62, 67, 69
73, 344, 71
345, 71, 344
346, 72, 71
347, 73, 72
74, 148, 75
143, 64, 348
65, 349, 350
350, 351, 77
351, 172, 77
348, 64, 78
350, 77, 65
78, 64, 65
352, 81, 353
50, 135, 354
50, 354, 79
353, 81, 80
125, 355, 80
80, 355, 353
81, 50, 79
356, 357, 84
82, 358, 83
84, 357, 82
43, 122, 85
87, 112, 88
90, 359, 91
83, 360, 93
94, 361, 95
97, 362, 98
100, 99, 101
103, 363, 104
106, 364, 107
109, 365, 110
112, 131, 113
110, 365, 114
116, 366, 117
117, 367, 119
120, 152, 121
80, 79, 368
79, 354, 368
124, 355, 125
125, 80, 369
80, 368, 369
370, 124, 371
372, 373, 371
123, 371, 124
125, 369, 374
371, 373, 370
125, 374, 123
107, 364, 126
128, 149, 129
131, 109, 111
132, 375, 133
135, 50, 136
138, 130, 129
50, 52, 140
40, 42, 141
143, 151, 120
42, 341, 144
52, 57, 145
57, 40, 142
86, 85, 146
108, 155, 147
61, 146, 148
64, 120, 122
149, 312, 150
151, 304, 152
142, 141, 153
155, 310, 156
136, 140, 157
139, 129, 150
145, 142, 154
141, 144, 161
140, 145, 160
85, 163, 162
122, 121, 163
146, 162, 164
148, 164, 165
137, 136, 158
167, 376, 168
348, 78, 377
172, 351, 170
78, 77, 377
377, 77, 378
172, 171, 379
380, 381, 382
383, 382, 381
380, 382, 170
378, 77, 172
382, 171, 170
379, 378, 172
384, 385, 386
387, 384, 386
388, 389, 173
173, 389, 174
175, 387, 390
390, 173, 175
387, 386, 390
169, 168, 176
178, 132, 134
391, 392, 393
394, 395, 396
395, 397, 396
393, 392, 180
394, 396, 181
182, 393, 180
181, 396, 182
183, 398, 177
184, 399, 185
187, 400, 188
190, 194, 191
193, 196, 194
195, 401, 196
197, 402, 35
35, 90, 197
402, 33, 35
198, 242, 199
200, 403, 201
203, 404, 204
206, 227, 207
205, 204, 209
211, 224, 212
1, 12, 214
216, 405, 406
406, 407, 408
408, 409, 216
217, 410, 218
218, 411, 216
216, 406, 408
409, 217, 216
412, 413, 414
415, 416, 417
418, 419, 417
417, 420, 421
219, 422, 423
417, 421, 414
416, 418, 417
424, 412, 414
425, 426, 414
414, 413, 415
415, 417, 414
219, 423, 220
220, 427, 221
221, 425, 219
427, 428, 221
421, 425, 414
425, 421, 219
2, 1, 215
223, 429, 212
69, 199, 225
226, 430, 227
70, 225, 228
229, 243, 230
232, 431, 233
232, 234, 235
237, 229, 231
239, 432, 240
241, 240, 242
243, 2, 222
130, 138, 244
130, 245, 249
433, 49, 253
48, 434, 253
254, 435, 255
257, 436, 258
260, 437, 261
438, 66, 264
263, 439, 264
254, 256, 265
267, 41, 268
270, 440, 271
273, 441, 274
276, 442, 277
9, 328, 279
281, 443, 282
284, 444, 285
287, 445, 284
288, 446, 289
293, 447, 291
448, 291, 447
449, 292, 291
450, 293, 292
294, 451, 295
297, 303, 298
300, 452, 301
301, 1, 13
13, 268, 301
41, 302, 268
62, 70, 298
304, 453, 305
454, 307, 455
456, 457, 308
458, 459, 460
460, 461, 458
308, 307, 456
455, 462, 454
463, 464, 465
465, 454, 462
457, 458, 461
461, 308, 457
462, 463, 465
307, 306, 455
152, 305, 309
310, 466, 311
312, 467, 313
154, 153, 314
158, 157, 316
159, 150, 313
153, 161, 319
160, 154, 315
157, 160, 320
163, 323, 321
162, 321, 322
121, 309, 323
164, 322, 324
166, 158, 317
